   8.6467400e-01  -6.2532000e-01  -7.7611000e-02
   8.6683600e-01  -6.3338400e-01  -5.2012000e-02
   8.6693800e-01  -6.2470600e-01  -8.4224000e-02
   8.6704500e-01  -6.3359800e-01  -4.5515000e-02
   8.6722600e-01  -6.3378300e-01  -3.9016000e-02
   8.6877500e-01  -6.3537100e-01  -3.2577000e-02
   8.6938800e-01  -6.3599900e-01  -5.8728000e-02
   8.6982000e-01  -6.3644100e-01  -6.5307000e-02
   8.7022300e-01  -6.3685400e-01  -7.1895000e-02
   8.7070700e-01  -6.3439700e-01  -3.2607000e-02
   8.7126500e-01  -6.2619700e-01  -9.1117000e-02
   8.7232800e-01  -6.4198200e-01  -5.9059000e-02
   8.7256600e-01  -6.4222700e-01  -5.2502000e-02
   8.7285400e-01  -6.3658900e-01  -7.2030000e-02
   8.7345200e-01  -6.4313900e-01  -6.5736000e-02
   8.7416900e-01  -6.4387700e-01  -4.6030000e-02
   8.7435200e-01  -6.4406500e-01  -3.9457000e-02
   8.7454800e-01  -6.4426600e-01  -7.2435000e-02
   8.7496100e-01  -6.3283200e-01  -9.1717000e-02
   8.7575100e-01  -6.2487200e-01   0.0000000e+00
   8.7823100e-01  -6.3322600e-01  -6.5530000e-03
   8.7825900e-01  -6.4508900e-01  -7.9303000e-02
   8.7868700e-01  -6.4852400e-01  -3.3067000e-02
   8.7881200e-01  -6.4267000e-01  -7.9229000e-02
   8.7891100e-01  -6.2803500e-01  -9.8343000e-02
   8.7915500e-01  -6.4302100e-01  -8.5898000e-02
   8.7965500e-01  -6.5253100e-01  -5.3091000e-02
   8.7986800e-01  -6.5275000e-01  -4.6459000e-02
   8.8010900e-01  -6.5299900e-01  -5.9776000e-02
   8.8016500e-01  -6.3222800e-01  -6.5590000e-03
   8.8039200e-01  -6.2659000e-01  -1.0497600e-01
   8.8040200e-01  -6.4131200e-01  -8.5898000e-02
   8.8071700e-01  -6.4163300e-01  -9.2575000e-02
   8.8113600e-01  -6.2441200e-01  -1.1151400e-01
   8.8117600e-01  -6.5108400e-01  -7.9744000e-02
   8.8122800e-01  -6.5415500e-01  -6.6533000e-02
   8.8138600e-01  -6.4829300e-01  -8.6296000e-02
   8.8162400e-01  -6.5456400e-01  -7.3244000e-02
   8.8213700e-01  -6.5509400e-01  -3.9936000e-02
   8.8241300e-01  -6.2568100e-01   6.5470000e-03
   8.8305300e-01  -6.2339900e-01  -1.1161800e-01
   8.8330800e-01  -6.3538800e-01  -9.9078000e-02
   8.8333700e-01  -6.4131500e-01  -6.6080000e-03
   8.8347500e-01  -6.3851600e-01  -9.9262000e-02
   8.8369200e-01  -6.5973700e-01  -6.0163000e-02
   8.8393400e-01  -6.5998800e-01  -5.3484000e-02
   8.8414700e-01  -6.6021000e-01  -4.6803000e-02
   8.8419400e-01  -6.4516800e-01  -6.6270000e-03
   8.8423800e-01  -7.1793600e-01   0.0000000e+00
   8.8435000e-01  -6.4832300e-01  -9.3176000e-02
   8.8438000e-01  -6.5740900e-01  -3.3374000e-02
   8.8484900e-01  -7.1861700e-01  -1.3818000e-02
   8.8489200e-01  -7.1866400e-01  -6.9090000e-03
   8.8505200e-01  -6.2246200e-01  -1.5163000e-01
   8.8511600e-01  -6.3720500e-01   0.0000000e+00
   8.8531100e-01  -7.2274300e-01  -1.3855000e-02
   8.8535300e-01  -7.2279100e-01  -6.9270000e-03
   8.8536800e-01  -7.2280700e-01   0.0000000e+00
   8.8550300e-01  -6.3463500e-01  -1.0585900e-01
   8.8555300e-01  -6.2004900e-01  -1.5148900e-01
   8.8600000e-01  -6.2048800e-01   1.3094000e-02
   8.8632600e-01  -5.7178500e-01  -1.6727800e-01
   8.8666600e-01  -5.7484300e-01  -1.6759500e-01
   8.8686400e-01  -6.4488700e-01   0.0000000e+00
   8.8693000e-01  -6.2431300e-01   1.3131000e-02
   8.8710800e-01  -6.6327900e-01  -4.0267000e-02
   8.8713100e-01  -6.1869600e-01   1.9640000e-02
   8.8713800e-01  -6.2744100e-01   1.3155000e-02
   8.8735300e-01  -7.2502700e-01   6.9460000e-03
   8.8739700e-01  -6.4247300e-01   0.0000000e+00
   8.8766800e-01  -6.3384600e-01  -1.1266000e-01
   8.8792300e-01  -6.4002600e-01   6.6270000e-03
   8.8798500e-01  -6.4902300e-01  -1.0018100e-01
   8.8807900e-01  -7.1146700e-01  -1.3793000e-02
   8.8842000e-01  -7.1901800e-01   6.9270000e-03
   8.8843500e-01  -7.1903300e-01   0.0000000e+00
   8.8845700e-01  -6.3759300e-01   6.6210000e-03
   8.8863500e-01  -6.6793200e-01  -6.0660000e-02
   8.8865300e-01  -6.6488000e-01  -3.3620000e-02
   8.8887900e-01  -6.6818500e-01  -5.3925000e-02
   8.8909400e-01  -6.6840900e-01  -4.7189000e-02
   8.8912000e-01  -6.0910100e-01  -1.3110200e-01
   8.8920600e-01  -5.2636100e-01  -1.7019000e-01
   8.8935400e-01  -7.1286800e-01  -2.0726000e-02
   8.8948200e-01  -7.1300900e-01   0.0000000e+00
   8.8949500e-01  -6.2392000e-01   1.9732000e-02
   8.8958600e-01  -6.2109700e-01  -1.5205200e-01
   8.8965800e-01  -6.6592200e-01  -6.7391000e-02
   8.8969400e-01  -6.3586700e-01   6.6210000e-03
   8.8971700e-01  -7.2045500e-01  -1.3879000e-02
   8.8976000e-01  -7.2050300e-01  -6.9400000e-03
   8.8991300e-01  -7.1706900e-01  -1.3855000e-02
   8.8995600e-01  -7.1711600e-01  -6.9270000e-03
   8.9036800e-01  -6.1030300e-01   2.6136000e-02
   8.9063800e-01  -6.2504200e-01  -1.1904000e-01
   8.9076700e-01  -6.6400500e-01  -2.6922000e-02
   8.9079600e-01  -6.0217600e-01  -1.6395100e-01
   8.9100700e-01  -6.3421800e-01  -1.4655800e-01
   8.9109800e-01  -6.1966900e-01  -1.2539100e-01
   8.9118400e-01  -7.1847200e-01  -2.0818000e-02
   8.9128900e-01  -6.4340800e-01  -1.0683900e-01
   8.9131300e-01  -7.1861400e-01   0.0000000e+00
   8.9134200e-01  -6.4942300e-01  -1.0045600e-01
   8.9148700e-01  -7.1521200e-01   6.9270000e-03
   8.9160600e-01  -6.4672000e-01   6.6700000e-03
   8.9180600e-01  -5.7406000e-01  -1.6823100e-01
   8.9191200e-01  -6.2046100e-01   1.9732000e-02
   8.9192100e-01  -6.5302500e-01   0.0000000e+00
   8.9197000e-01  -7.1934000e-01   6.9460000e-03
   8.9203700e-01  -6.5616900e-01  -6.7070000e-03
   8.9204600e-01  -4.9803900e-01  -1.6821100e-01
   8.9205000e-01  -6.7148500e-01  -4.0598000e-02
   8.9208500e-01  -7.1261600e-01  -2.0763000e-02
   8.9211200e-01  -6.4423500e-01   1.3327000e-02
   8.9215600e-01  -7.1269400e-01  -1.3842000e-02
   8.9264400e-01  -5.9768300e-01  -1.6379900e-01
   8.9285600e-01  -6.6004700e-01  -6.7250000e-03
   8.9319100e-01  -6.3935400e-01   1.3302000e-02
   8.9356300e-01  -7.1423400e-01   0.0000000e+00
   8.9367000e-01  -6.3095600e-01  -1.1970100e-01
   8.9402200e-01  -5.2007400e-01  -1.7035500e-01
   8.9402900e-01  -5.7059200e-01  -1.6823100e-01
   8.9406800e-01  -6.4320900e-01   1.3339000e-02
   8.9430000e-01  -7.0532900e-01   6.9030000e-03
   8.9431400e-01  -7.0534500e-01   0.0000000e+00
   8.9442400e-01  -6.2003200e-01  -1.2574000e-01
   8.9451700e-01  -5.2308300e-01  -1.7068500e-01
   8.9469100e-01  -6.3196300e-01   1.9898000e-02
   8.9514000e-01  -6.3832300e-01   1.3315000e-02
   8.9521200e-01  -6.0638000e-01   3.2730000e-02
   8.9528400e-01  -7.2299700e-01   1.3953000e-02
   8.9548200e-01  -7.1960200e-01   1.3928000e-02
   8.9575500e-01  -5.2673300e-01  -1.7118000e-01
   8.9599600e-01  -5.9775600e-01   3.9126000e-02
   8.9622600e-01  -5.6713600e-01  -1.6823100e-01
   8.9631500e-01  -7.1074300e-01   6.9340000e-03
   8.9634300e-01  -6.5149900e-01  -1.0772100e-01
   8.9635600e-01  -6.1899900e-01   2.6382000e-02
   8.9656300e-01  -5.5928100e-01  -1.6759500e-01
   8.9656900e-01  -5.7565100e-01  -1.6902500e-01
   8.9659000e-01  -5.6473500e-01  -1.6807200e-01
   8.9673300e-01  -6.1357600e-01  -1.3220400e-01
   8.9682300e-01  -6.2524600e-01   2.6480000e-02
   8.9684600e-01  -7.1456700e-01  -2.0855000e-02
   8.9692100e-01  -7.1791000e-01   6.9640000e-03
   8.9697500e-01  -7.1470800e-01   0.0000000e+00
   8.9697900e-01  -6.4612400e-01  -1.1422100e-01
   8.9755900e-01  -6.4072600e-01  -1.2069300e-01
   8.9759400e-01  -7.1538200e-01   1.3916000e-02
   8.9762600e-01  -7.1216700e-01   1.3891000e-02
   8.9763700e-01  -7.1543000e-01   6.9580000e-03
   8.9765000e-01  -6.6189900e-01   0.0000000e+00
   8.9773400e-01  -5.3103000e-01  -1.7183900e-01
   8.9780400e-01  -6.7436800e-01  -2.7216000e-02
   8.9823100e-01  -7.1282400e-01  -2.0855000e-02
   8.9832900e-01  -7.0968800e-01   1.3879000e-02
   8.9841400e-01  -6.2973100e-01  -1.2678700e-01
   8.9865200e-01  -5.5034900e-01  -1.6711900e-01
   8.9873900e-01  -6.2421900e-01   2.6505000e-02
   8.9878600e-01  -5.9725600e-01  -1.6456300e-01
   8.9894800e-01  -6.0053000e-01  -1.6486800e-01
   8.9913300e-01  -6.7885700e-01  -3.4141000e-02
   8.9915800e-01  -5.6430900e-01  -1.6839000e-01
   8.9926400e-01  -6.7899300e-01  -2.7314000e-02
   8.9932300e-01  -6.4247900e-01   2.0082000e-02
   8.9947000e-01  -5.0664500e-01  -1.7002500e-01
   8.9961400e-01  -7.1107900e-01  -2.0855000e-02
   8.9990000e-01  -5.0190400e-01  -1.6969600e-01
   8.9993800e-01  -6.7038400e-01  -6.7990000e-03
   8.9995200e-01  -6.7039900e-01   0.0000000e+00
   9.0006400e-01  -6.1677100e-01   3.3037000e-02
   9.0007600e-01  -6.1389100e-01  -1.3257100e-01
   9.0019900e-01  -6.5839300e-01   6.7560000e-03
   9.0021400e-01  -6.4038100e-01  -1.2091400e-01
   9.0038400e-01  -6.0498800e-01  -1.3864900e-01
   9.0053900e-01  -5.1264600e-01  -1.7068500e-01
   9.0057600e-01  -5.2039300e-01  -1.7134500e-01
   9.0060300e-01  -5.6015800e-01  -1.6823100e-01
   9.0077000e-01  -5.1027000e-01  -1.7052000e-01
   9.0085900e-01  -6.0859000e-01   3.2914000e-02
   9.0097000e-01  -6.7144600e-01  -8.8687000e-02
   9.0098300e-01  -5.7417000e-01  -1.6950200e-01
   9.0105000e-01  -7.0942900e-01   1.3904000e-02
   9.0106100e-01  -6.9979400e-01   1.3830000e-02
   9.0107500e-01  -5.2340800e-01  -1.7167500e-01
   9.0109300e-01  -7.0947500e-01   6.9520000e-03
   9.0110400e-01  -6.9984000e-01   6.9150000e-03
   9.0111900e-01  -6.9985600e-01   0.0000000e+00
   9.0130700e-01  -5.8274400e-01  -1.6364600e-01
   9.0139000e-01  -5.9685800e-01  -1.6486800e-01
   9.0165700e-01  -7.1008300e-01   2.0873000e-02
   9.0168900e-01  -5.5840800e-01  -1.6823100e-01
   9.0173200e-01  -6.9731500e-01   1.3818000e-02
   9.0175800e-01  -6.2127100e-01   3.3159000e-02
   9.0177600e-01  -6.9736100e-01   6.9090000e-03
   9.0179000e-01  -6.9737700e-01   0.0000000e+00
   9.0198900e-01  -5.3729600e-01  -1.6648300e-01
   9.0199000e-01  -6.4213800e-01   2.0119000e-02
   9.0203000e-01  -5.5600400e-01  -1.6807200e-01
   9.0203300e-01  -5.8340800e-01  -1.5714800e-01
   9.0203900e-01  -6.3327700e-01   2.6701000e-02
   9.0212300e-01  -6.0978800e-01  -1.6609100e-01
   9.0224300e-01  -6.9785700e-01  -2.7658000e-02
   9.0225300e-01  -6.8210400e-01  -6.8540000e-03
   9.0232200e-01  -6.4846000e-01   2.0192000e-02
   9.0233900e-01  -6.8529500e-01   0.0000000e+00
   9.0267100e-01  -5.8958800e-01  -1.6441000e-01
   9.0273000e-01  -5.8404600e-01  -1.5064500e-01
   9.0284600e-01  -6.3111400e-01  -1.5444300e-01
   9.0294600e-01  -6.8282500e-01   6.8600000e-03
   9.0296000e-01  -6.8284000e-01   0.0000000e+00
   9.0301600e-01  -6.8600200e-01   6.8720000e-03
   9.0303400e-01  -7.0833100e-01   2.0873000e-02
   9.0310000e-01  -6.9240400e-01   6.8970000e-03
   9.0310700e-01  -7.0840900e-01   1.3916000e-02
   9.0311400e-01  -6.9241900e-01   0.0000000e+00
   9.0315100e-01  -7.0845600e-01   6.9580000e-03
   9.0317300e-01  -5.0201800e-01  -1.7019000e-01
   9.0320700e-01  -5.7617900e-01  -1.6334000e-01
   9.0345100e-01  -6.0788200e-01   3.9568000e-02
   9.0362300e-01  -7.0252400e-01  -2.7756000e-02
   9.0370100e-01  -5.9335300e-01  -1.6486800e-01
   9.0374500e-01  -6.9308300e-01   1.3805000e-02
   9.0375100e-01  -5.4946500e-01  -1.6775400e-01
   9.0381400e-01  -5.8783400e-01  -1.6441000e-01
   9.0383900e-01  -6.0198500e-01   3.9457000e-02
   9.0384200e-01  -7.0597100e-01   6.9520000e-03
   9.0384800e-01  -5.2055500e-01  -1.7183900e-01
   9.0393600e-01  -5.7683800e-01  -1.5685500e-01
   9.0397300e-01  -5.9643000e-01   3.9347000e-02
   9.0419900e-01  -6.7787700e-01  -6.8480000e-03
   9.0429500e-01  -5.7990400e-01  -1.6379900e-01
   9.0458000e-01  -6.2695000e-01  -1.6111000e-01
   9.0463500e-01  -5.7746900e-01  -1.5036400e-01
   9.0472000e-01  -5.9712400e-01  -1.6532700e-01
   9.0490900e-01  -6.7861000e-01   0.0000000e+00
   9.0491400e-01  -5.0088200e-01  -1.7035500e-01
   9.0498500e-01  -6.3912900e-01  -1.2806700e-01
   9.0502500e-01  -5.8056600e-01  -1.5729500e-01
   9.0504700e-01  -6.2740100e-01  -1.3404000e-01
   9.0507400e-01  -5.6959200e-01  -1.6303500e-01
   9.0508800e-01  -6.3923000e-01   2.6848000e-02
   9.0516400e-01  -7.0738500e-01   1.3928000e-02
   9.0519000e-01  -6.9778800e-01   6.9270000e-03
   9.0520400e-01  -6.9780400e-01   0.0000000e+00
   9.0536000e-01  -5.8365500e-01  -1.6425700e-01
   9.0543800e-01  -5.7266700e-01  -1.6334000e-01
   9.0572500e-01  -5.8120100e-01  -1.5078600e-01
   9.0583300e-01  -6.9846800e-01   1.3867000e-02
   9.0591200e-01  -6.5204000e-01  -1.4965400e-01
   9.0616900e-01  -5.7332300e-01  -1.5685500e-01
   9.0628600e-01  -6.8003200e-01   6.8660000e-03
   9.0635200e-01  -6.8323000e-01  -6.8780000e-03
   9.0636700e-01  -6.8324500e-01   0.0000000e+00
   9.0658000e-01  -6.2888300e-01  -1.4109100e-01
   9.0678800e-01  -5.3874500e-01  -1.6727800e-01
   9.0687100e-01  -5.7395200e-01  -1.5036400e-01
   9.0689400e-01  -5.6300200e-01  -1.6272900e-01
   9.0691000e-01  -6.3215000e-01  -1.6184400e-01
   9.0704100e-01  -6.2054700e-01   3.3282000e-02
   9.0712100e-01  -6.9029100e-01   1.3818000e-02
   9.0713500e-01  -5.2068800e-01  -1.7233400e-01
   9.0728100e-01  -5.7156200e-01  -1.5685500e-01
   9.0768600e-01  -5.4483500e-01  -1.6791300e-01
   9.0774100e-01  -6.8466900e-01   6.8910000e-03
   9.0783300e-01  -5.3698300e-01  -1.6727800e-01
   9.0790300e-01  -5.5574200e-01  -1.6886600e-01
   9.0790700e-01  -6.9428300e-01   0.0000000e+00
   9.0794700e-01  -6.2723100e-01  -1.6155000e-01
   9.0798400e-01  -5.7219000e-01  -1.5036400e-01
   9.0799700e-01  -5.7773000e-01  -1.6410400e-01
   9.0801800e-01  -5.6672800e-01  -1.6318700e-01
   9.0814700e-01  -6.3627900e-01   3.3589000e-02
   9.0818700e-01  -5.9184700e-01  -1.5861600e-01
   9.0832000e-01  -6.0933800e-01  -1.6008300e-01
   9.0835500e-01  -7.1730200e-01  -2.8075000e-02
   9.0839300e-01  -5.6980400e-01  -1.6349300e-01
   9.0840300e-01  -7.1084900e-01  -2.7977000e-02
   9.0873000e-01  -5.7839000e-01  -1.5758900e-01
   9.0875300e-01  -5.6737900e-01  -1.5670800e-01
   9.0882900e-01  -6.4589900e-01   2.7020000e-02
   9.0886900e-01  -5.4853000e-01  -1.6839000e-01
   9.0888900e-01  -5.9249100e-01  -1.5205200e-01
   9.0896100e-01  -5.0159400e-01  -1.7101500e-01
   9.0902100e-01  -6.0999700e-01  -1.5345800e-01
   9.0905200e-01  -6.9548400e-01  -2.7756000e-02
   9.0909300e-01  -7.0191400e-01  -2.7854000e-02
   9.0911100e-01  -5.6495900e-01  -1.5656100e-01
   9.0912300e-01  -5.8988900e-01   4.5944000e-02
   9.0912800e-01  -5.7045700e-01  -1.5700200e-01
   9.0922900e-01  -6.9566900e-01   1.3879000e-02
   9.0927300e-01  -6.9571500e-01   6.9400000e-03
   9.0943400e-01  -5.7902300e-01  -1.5106700e-01
   9.0945800e-01  -5.6800300e-01  -1.5022300e-01
   9.0964000e-01  -6.1057800e-01   4.6459000e-02
   9.0969300e-01  -6.1062800e-01  -1.4682800e-01
   9.0981700e-01  -5.6558100e-01  -1.5008200e-01
   9.0983300e-01  -5.7108400e-01  -1.5050400e-01
   9.1004200e-01  -5.5223200e-01  -1.6886600e-01
   9.1012000e-01  -4.9746600e-01  -1.7085000e-01
   9.1018400e-01  -5.9368000e-01   4.6073000e-02
   9.1025300e-01  -6.2069600e-01   4.0046000e-02
   9.1045000e-01  -6.3558500e-01  -1.5570900e-01
   9.1059700e-01  -6.3276700e-01   3.3589000e-02
   9.1069300e-01  -5.0046400e-01  -1.7118000e-01
   9.1090300e-01  -5.5835900e-01  -1.6288200e-01
   9.1097000e-01  -6.3312800e-01  -1.5556800e-01
   9.1130400e-01  -5.6142900e-01  -1.6318700e-01
   9.1132500e-01  -6.1850900e-01  -1.4083400e-01
   9.1140100e-01  -5.9763100e-01  -1.5949600e-01
   9.1146300e-01  -6.1864000e-01  -1.6125700e-01
   9.1151800e-01  -6.3662200e-01   3.3681000e-02
   9.1164100e-01  -5.5900300e-01  -1.5641500e-01
   9.1164200e-01  -6.3377700e-01  -1.4884600e-01
   9.1167200e-01  -6.0931400e-01   4.6502000e-02
   9.1172900e-01  -6.7938500e-01   0.0000000e+00
   9.1179200e-01  -6.2508700e-01  -1.6184400e-01
   9.1193600e-01  -6.2522400e-01   4.0193000e-02
   9.1204200e-01  -5.6207600e-01  -1.5670800e-01
   9.1210600e-01  -5.9828000e-01  -1.5289600e-01
   9.1216700e-01  -6.1930700e-01  -1.5458300e-01
   9.1230500e-01  -5.5419100e-01  -1.6272900e-01
   9.1243900e-01  -5.6515500e-01  -1.6364600e-01
   9.1251900e-01  -7.0232200e-01  -2.7928000e-02
   9.1278100e-01  -5.9890200e-01  -1.4628900e-01
   9.1284000e-01  -6.1994500e-01  -1.4790400e-01
   9.1288700e-01  -5.8769700e-01   4.6030000e-02
   9.1293200e-01  -5.3599700e-01  -1.6791300e-01
   9.1302800e-01  -6.2012400e-01   4.0120000e-02
   9.1304500e-01  -5.5483100e-01  -1.5626800e-01
   9.1304800e-01  -6.0772400e-01   3.9862000e-02
   9.1317800e-01  -5.6580500e-01  -1.5714800e-01
   9.1318100e-01  -6.8400700e-01   6.9150000e-03
   9.1336700e-01  -6.5339600e-01  -1.5059600e-01
   9.1337900e-01  -5.5241800e-01  -1.6272900e-01
   9.1340400e-01  -5.9098000e-01  -1.5920300e-01
   9.1349100e-01  -5.3118200e-01  -1.6759500e-01
   9.1359200e-01  -4.9515100e-01  -1.7118000e-01
   9.1360500e-01  -6.2976100e-01   4.0341000e-02
   9.1364000e-01  -5.9685100e-01   5.2895000e-02
   9.1387000e-01  -6.0275700e-01  -1.6023000e-01
   9.1388700e-01  -5.6642800e-01  -1.5064500e-01
   9.1402500e-01  -6.3016400e-01  -1.4199000e-01
   9.1403200e-01  -6.0576900e-01   4.6502000e-02
   9.1411100e-01  -5.9162400e-01  -1.5261400e-01
   9.1412100e-01  -5.5305800e-01  -1.5626800e-01
   9.1414600e-01  -6.3028000e-01  -1.6257700e-01
   9.1417400e-01  -4.9815000e-01  -1.7151000e-01
   9.1421100e-01  -5.5855400e-01  -1.6334000e-01
   9.1435100e-01  -6.3339900e-01  -1.5599000e-01
   9.1443700e-01  -6.2468000e-01  -1.6213700e-01
   9.1457700e-01  -6.0341100e-01  -1.5359900e-01
   9.1466800e-01  -6.7304700e-01  -1.1046500e-01
   9.1472800e-01  -5.3485800e-01  -1.6807200e-01
   9.1479700e-01  -5.9507600e-01   5.2895000e-02
   9.1485100e-01  -6.3095700e-01  -1.5584900e-01
   9.1490600e-01  -5.4031800e-01  -1.6854800e-01
   9.1495300e-01  -5.5919800e-01  -1.5685500e-01
   9.1502600e-01  -6.3404800e-01  -1.4925000e-01
   9.1507700e-01  -5.4580700e-01  -1.6242300e-01
   9.1514000e-01  -6.0967400e-01  -1.6096300e-01
   9.1525400e-01  -6.0403700e-01  -1.4696200e-01
   9.1526800e-01  -5.3005900e-01  -1.6775400e-01
   9.1539900e-01  -6.1280100e-01  -1.6125700e-01
   9.1543700e-01  -5.9283100e-01   4.6245000e-02
   9.1552600e-01  -6.3160400e-01  -1.4911500e-01
   9.1553600e-01  -5.2765000e-01  -1.6759500e-01
   9.1559700e-01  -6.0722300e-01  -1.6081700e-01
   9.1567100e-01  -6.3466900e-01  -1.4250400e-01
   9.1568100e-01  -5.4097300e-01  -1.6211800e-01
   9.1582100e-01  -5.4644000e-01  -1.5597400e-01
   9.1584800e-01  -6.1033400e-01  -1.5430200e-01
   9.1610700e-01  -6.1346400e-01  -1.5458300e-01
   9.1630500e-01  -6.0788000e-01  -1.5416100e-01
   9.1638100e-01  -6.2008500e-01  -1.6199000e-01
   9.1642500e-01  -5.4160300e-01  -1.5568100e-01
   9.1652500e-01  -6.1096500e-01  -1.4763500e-01
   9.1672900e-01  -5.3919400e-01  -1.6211800e-01
   9.1678400e-01  -6.1409800e-01  -1.4790400e-01
   9.1698400e-01  -6.0851000e-01  -1.4750000e-01
   9.1708900e-01  -6.2075300e-01  -1.5528700e-01
   9.1711200e-01  -6.0289200e-01   4.6545000e-02
   9.1731400e-01  -7.0094000e-01  -2.8002000e-02
   9.1747500e-01  -5.3982200e-01  -1.5568100e-01
   9.1764200e-01  -5.4530800e-01  -1.6272900e-01
   9.1772000e-01  -5.8929200e-01   4.6245000e-02
   9.1776700e-01  -6.2139300e-01  -1.4857700e-01
   9.1777100e-01  -5.5079400e-01  -1.6318700e-01
   9.1797000e-01  -6.1231100e-01   4.6803000e-02
   9.1814000e-01  -6.0670700e-01   4.6674000e-02
   9.1838900e-01  -5.4594100e-01  -1.5626800e-01
   9.1842700e-01  -4.9642600e-01  -1.7200400e-01
   9.1851700e-01  -5.5143200e-01  -1.5670800e-01
   9.1857800e-01  -6.8640400e-01  -9.7552000e-02
   9.1928900e-01  -5.3868300e-01  -1.6242300e-01
   9.1941500e-01  -5.7128800e-01   5.2453000e-02
   9.2003700e-01  -5.3931100e-01  -1.5597400e-01
   9.2036500e-01  -5.2901500e-01  -1.6839000e-01
   9.2037100e-01  -5.2114800e-01  -1.6775400e-01
   9.2060200e-01  -5.3449700e-01  -1.6227100e-01
   9.2062800e-01  -5.2660000e-01  -1.6823100e-01
   9.2087800e-01  -5.3207800e-01  -1.6211800e-01
   9.2094200e-01  -4.9585900e-01  -1.7233400e-01
   9.2109100e-01  -5.3753100e-01  -1.6257600e-01
   9.2119800e-01  -5.5643900e-01  -1.6410400e-01
   9.2135300e-01  -5.3512200e-01  -1.5582800e-01
   9.2162800e-01  -5.3270000e-01  -1.5568100e-01
   9.2184200e-01  -5.3815800e-01  -1.5612100e-01
   9.2194700e-01  -5.5708100e-01  -1.5758900e-01
   9.2196300e-01  -6.4974000e-01  -1.5126900e-01
   9.2214800e-01  -5.1998300e-01  -1.6791300e-01
   9.2240000e-01  -5.8506400e-01   5.2944000e-02
   9.2261300e-01  -6.5037300e-01  -1.4443200e-01
   9.2267100e-01  -5.3091800e-01  -1.6227100e-01
   9.2277700e-01  -5.7147600e-01   5.2601000e-02
   9.2293700e-01  -5.2849800e-01  -1.6211800e-01
   9.2317000e-01  -5.8015300e-01   5.2846000e-02
   9.2323300e-01  -6.5097700e-01  -1.3759000e-01
   9.2342400e-01  -5.3154000e-01  -1.5582800e-01
   9.2353400e-01  -5.8327200e-01   5.2944000e-02
   9.2369000e-01  -5.2911700e-01  -1.5568100e-01
   9.2407500e-01  -6.0069600e-01   5.3435000e-02
   9.2416000e-01  -5.1639800e-01  -1.6791300e-01
   9.2545800e-01  -5.2005500e-01  -1.6839000e-01
   9.2559700e-01  -5.0979600e-01  -1.6759500e-01
   9.2574800e-01  -5.2553500e-01  -1.6227100e-01
   9.2579600e-01  -6.5956300e-01  -1.5248000e-01
   9.2638700e-01  -5.9712300e-01   5.3435000e-02
   9.2644900e-01  -6.6020400e-01  -1.4558800e-01
   9.2650400e-01  -5.2615200e-01  -1.5582800e-01
   9.2670100e-01  -5.1583900e-01  -1.6823100e-01
   9.2691800e-01  -5.1344200e-01  -1.6807200e-01
   9.2707100e-01  -6.6081500e-01  -1.3869100e-01
   9.2753400e-01  -5.2435900e-01  -1.6242300e-01
   9.2799200e-01  -5.7052800e-01   5.2797000e-02
   9.2819900e-01  -6.0158500e-01   5.3631000e-02
   9.2829200e-01  -5.2497500e-01  -1.5597400e-01
   9.2890700e-01  -5.7963200e-01   5.9721000e-02
   9.2902700e-01  -5.6316100e-01   5.2650000e-02
   9.2903000e-01  -5.9666000e-01   5.3533000e-02
   9.2924500e-01  -5.5515500e-01   5.2453000e-02
   9.2967800e-01  -5.1045200e-01  -1.6823100e-01
   9.2968600e-01  -5.5825400e-01   5.2551000e-02
   9.3018700e-01  -5.9485500e-01   5.3533000e-02
   9.3030500e-01  -5.0320100e-01  -1.6775400e-01
   9.3060900e-01  -5.7003300e-01   5.2895000e-02
   9.3081500e-01  -5.3231800e-01  -1.7013700e-01
   9.3103400e-01  -5.8430800e-01   5.3287000e-02
   9.3144200e-01  -5.0925800e-01  -1.6839000e-01
   9.3153300e-01  -5.7914300e-01   5.9832000e-02
   9.3160700e-01  -5.3296700e-01  -1.6364600e-01
   9.3162300e-01  -5.2504400e-01  -1.6303500e-01
   9.3236800e-01  -5.3359100e-01  -1.5714800e-01
   9.3238500e-01  -5.2566100e-01  -1.5656100e-01
   9.3247000e-01  -5.6887700e-01   5.2944000e-02
   9.3253800e-01  -6.4491100e-01  -1.5908400e-01
   9.3264000e-01  -5.2323500e-01  -1.6303500e-01
   9.3307100e-01  -6.4241700e-01  -1.5894400e-01
   9.3311600e-01  -5.3686800e-01   5.2159000e-02
   9.3312700e-01  -5.2890400e-01   5.1963000e-02
   9.3322800e-01  -6.4557100e-01  -1.5221100e-01
   9.3340400e-01  -5.2385000e-01  -1.5656100e-01
   9.3376200e-01  -6.4307500e-01  -1.5207600e-01
   9.3381100e-01  -5.0079600e-01  -1.6807200e-01
   9.3388800e-01  -6.4620200e-01  -1.4533100e-01
   9.3399400e-01  -5.5101600e-01   5.2551000e-02
   9.3442200e-01  -5.7887500e-01   5.3287000e-02
   9.3442300e-01  -6.4370300e-01  -1.4520300e-01
   9.3445000e-01  -5.5411500e-01   5.2650000e-02
   9.3467200e-01  -5.6525200e-01   5.2944000e-02
   9.3553300e-01  -5.0989100e-01  -1.6902500e-01
   9.3563800e-01  -5.4431200e-01   5.2453000e-02
   9.3566100e-01  -5.5786300e-01   5.2797000e-02
   9.3596600e-01  -5.2327900e-01  -1.6349300e-01
   9.3643400e-01  -5.1842900e-01  -1.6318700e-01
   9.3672800e-01  -5.0564700e-01  -1.6886600e-01
   9.3673300e-01  -5.2389500e-01  -1.5700200e-01
   9.3674100e-01  -5.3450300e-01   5.2257000e-02
   9.3720200e-01  -5.1904100e-01  -1.5670800e-01
   9.3736100e-01  -5.5112300e-01   5.2699000e-02
   9.3743900e-01  -5.1661000e-01  -1.6318700e-01
   9.3820800e-01  -5.1722000e-01  -1.5670800e-01
   9.3851300e-01  -5.2271600e-01  -1.6379900e-01
   9.3918600e-01  -5.4996100e-01   5.2748000e-02
   9.3928200e-01  -5.2333100e-01  -1.5729500e-01
   9.3943400e-01  -5.1557400e-01   5.1914000e-02
   9.4001300e-01  -4.9534900e-01  -1.6854800e-01
   9.4033800e-01  -5.4011900e-01   5.2551000e-02
   9.4129900e-01  -5.8209100e-01   6.0384000e-02
   9.4180600e-01  -5.0442400e-01  -1.6950200e-01
   9.4217200e-01  -5.3091800e-01   5.2404000e-02
   9.4231700e-01  -5.1785300e-01  -1.6395100e-01
   9.4254400e-01  -5.1541100e-01  -1.6379900e-01
   9.4285500e-01  -5.4758100e-01   5.2846000e-02
   9.4309100e-01  -5.1846400e-01  -1.5744200e-01
   9.4319900e-01  -4.8501500e-01  -1.6823100e-01
   9.4331800e-01  -5.1602000e-01  -1.5729500e-01
   9.4354300e-01  -5.1358000e-01  -1.6379900e-01
   9.4367000e-01  -4.9046100e-01  -1.6870700e-01
   9.4397000e-01  -5.0869800e-01  -1.6349300e-01
   9.4431900e-01  -5.1418800e-01  -1.5729500e-01
   9.4453000e-01  -5.0138500e-01  -1.6966000e-01
   9.4474700e-01  -5.0930200e-01  -1.5700200e-01
   9.4506500e-01  -5.7973500e-01   6.0494000e-02
   9.4511800e-01  -5.0442400e-01  -1.6997800e-01
   9.4544800e-01  -5.8287600e-01   6.0604000e-02
   9.4568400e-01  -4.9711500e-01  -1.6950200e-01
   9.4579700e-01  -5.3651700e-01   5.2699000e-02
   9.4586200e-01  -4.9468100e-01  -1.6934300e-01
   9.4592700e-01  -5.1807400e-01   5.2257000e-02
   9.4686400e-01  -5.0317900e-01  -1.5022300e-01
   9.4698700e-01  -4.9041000e-01  -1.6918400e-01
   9.4836100e-01  -5.6859900e-01   6.0328000e-02
   9.4877800e-01  -5.7173100e-01   6.0439000e-02
   9.4889500e-01  -5.3101900e-01   5.2699000e-02
   9.4912000e-01  -4.8413000e-01  -1.6902500e-01
   9.4918600e-01  -5.7486800e-01   6.0549000e-02
   9.4921200e-01  -5.1539600e-01  -1.6471500e-01
   9.4921900e-01  -5.8050100e-01   6.0715000e-02
   9.4999300e-01  -5.1600600e-01  -1.5817500e-01
   9.5082500e-01  -5.0622300e-01  -1.6425700e-01
   9.5110300e-01  -5.7930600e-01   6.0770000e-02
   9.5160800e-01  -5.0682500e-01  -1.5773500e-01
   9.5165700e-01  -5.6306500e-01   6.0328000e-02
   9.5173200e-01  -5.2795100e-01   5.2748000e-02
   9.5193000e-01  -5.0968100e-01   4.5772000e-02
   9.5198800e-01  -5.1231100e-01  -1.6486800e-01
   9.5204800e-01  -4.8909200e-01  -1.6981900e-01
   9.5212600e-01  -5.0722200e-01   4.5729000e-02
   9.5228700e-01  -5.5811200e-01   6.0218000e-02
   9.5277200e-01  -5.1291900e-01  -1.5832200e-01
   9.5285700e-01  -5.6683700e-01   6.0494000e-02
   9.5304900e-01  -5.3166500e-01   5.2895000e-02
   9.5328200e-01  -5.6997200e-01   6.0604000e-02
   9.5337500e-01  -5.0557700e-01  -1.6456300e-01
   9.5350500e-01  -5.2403900e-01   5.9335000e-02
   9.5405200e-01  -5.2712700e-01   5.9445000e-02
   9.5416100e-01  -5.0617800e-01  -1.5802900e-01
   9.5427200e-01  -5.4880500e-01   6.0052000e-02
   9.5453400e-01  -5.1169000e-01  -1.6517400e-01
   9.5491500e-01  -5.0675600e-01  -1.5148900e-01
   9.5503900e-01  -5.6315300e-01   6.0494000e-02
   9.5532100e-01  -5.1229700e-01  -1.5861600e-01
   9.5540900e-01  -4.9675300e-01   4.5643000e-02
   9.5566100e-01  -5.3909400e-01   5.3189000e-02
   9.5567900e-01  -5.5816900e-01   6.0384000e-02
   9.5570700e-01  -4.8621300e-01  -1.7013700e-01
   9.5592700e-01  -5.0492300e-01  -1.6486800e-01
   9.5598900e-01  -5.5567800e-01   6.0328000e-02
   9.5628200e-01  -5.0780200e-01   4.5901000e-02
   9.5629400e-01  -5.5318800e-01   6.0273000e-02
   9.5671500e-01  -5.0552400e-01  -1.5832200e-01
   9.5714900e-01  -5.2424700e-01   5.2895000e-02
   9.5747200e-01  -5.0610100e-01  -1.5177000e-01
   9.5794800e-01  -5.4635200e-01   6.0163000e-02
   9.5945700e-01  -5.0239900e-01  -1.6517400e-01
   9.6024900e-01  -5.0299800e-01  -1.5861600e-01
   9.6044400e-01  -5.0836700e-01   4.6073000e-02
   9.6076000e-01  -5.5135900e-01   6.0439000e-02
   9.6101000e-01  -5.0357300e-01  -1.5205200e-01
   9.6122000e-01  -5.0113000e-01  -1.6532700e-01
   9.6137600e-01  -4.9865100e-01   3.9347000e-02
   9.6154200e-01  -4.9618500e-01   3.9310000e-02
   9.6201400e-01  -5.0172800e-01  -1.5876200e-01
   9.6222500e-01  -5.0710500e-01   4.6116000e-02
   9.6241100e-01  -5.0463300e-01   4.6073000e-02
   9.6241500e-01  -5.0724900e-01  -1.6593800e-01
   9.6277600e-01  -5.0230200e-01  -1.5219200e-01
   9.6288900e-01  -5.2607600e-01   5.3189000e-02
   9.6289400e-01  -5.4762400e-01   6.0439000e-02
   9.6321000e-01  -5.0785300e-01  -1.5934900e-01
   9.6376600e-01  -5.1616900e-01   5.2993000e-02
   9.6397300e-01  -5.0843200e-01  -1.5275500e-01
   9.6469700e-01  -5.2481900e-01   5.3238000e-02
   9.6551200e-01  -5.4700400e-01   6.0549000e-02
   9.6554100e-01  -5.0438400e-01   5.2797000e-02
   9.6578100e-01  -5.4452500e-01   6.0494000e-02
   9.6587800e-01  -4.8549900e-01   3.9273000e-02
   9.6605700e-01  -4.8563000e-01   3.2730000e-02
   9.6619000e-01  -4.8316500e-01   3.2699000e-02
   9.6659900e-01  -4.9713100e-01   3.9494000e-02
   9.6683600e-01  -5.4264900e-01   6.0494000e-02
   9.6772500e-01  -5.0341400e-01  -1.6639600e-01
   9.6787900e-01  -5.3265900e-01   6.0273000e-02
   9.6808300e-01  -5.2478000e-01   5.3386000e-02
   9.6810300e-01  -4.6678800e-01   1.3008000e-02
   9.6852600e-01  -5.0401400e-01  -1.5978900e-01
   9.6864400e-01  -4.7222800e-01   1.9566000e-02
   9.6867000e-01  -5.4139100e-01   6.0549000e-02
   9.6908800e-01  -5.2292000e-01   5.3386000e-02
   9.6909000e-01  -4.7508500e-01   3.2669000e-02
   9.6914100e-01  -4.9046100e-01   3.2883000e-02
   9.6923700e-01  -4.7519000e-01   2.6136000e-02
   9.6929400e-01  -5.0459000e-01  -1.5317700e-01
   9.6981600e-01  -4.8070600e-01   2.6210000e-02
   9.7003500e-01  -4.6060300e-01   6.4980000e-03
   9.7013700e-01  -5.0260700e-01   4.6330000e-02
   9.7037400e-01  -4.7092500e-01   1.9585000e-02
   9.7052900e-01  -5.1605500e-01   5.3287000e-02
   9.7055300e-01  -5.0007200e-01  -1.6654900e-01
   9.7075700e-01  -5.0568800e-01   4.6416000e-02
   9.7080000e-01  -4.4620800e-01  -3.2331000e-02
   9.7087200e-01  -4.9744200e-01   3.9641000e-02
   9.7112900e-01  -4.9477300e-01   3.9605000e-02
   9.7162500e-01  -4.6171400e-01   1.3020000e-02
   9.7176100e-01  -5.4112300e-01   6.7453000e-02
   9.7198200e-01  -4.8480800e-01   3.2883000e-02
   9.7237100e-01  -4.7999000e-01   2.6259000e-02
   9.7359400e-01  -5.3985200e-01   6.7514000e-02
   9.7363300e-01  -5.3446600e-01   6.0604000e-02
   9.7373800e-01  -5.0244100e-01  -1.6037600e-01
   9.7375100e-01  -4.4573800e-01  -4.5386000e-02
   9.7379600e-01  -4.9387800e-01   3.9678000e-02
   9.7391200e-01  -4.6836300e-01   1.3081000e-02
   9.7405100e-01  -4.6593100e-01   6.5350000e-03
   9.7451100e-01  -5.0301600e-01  -1.5373900e-01
   9.7471200e-01  -5.1658600e-01   5.3484000e-02
   9.7479200e-01  -4.4644400e-01  -3.8942000e-02
   9.7479700e-01  -5.0034900e-01  -1.6716000e-01
   9.7497300e-01  -4.4656700e-01  -3.2454000e-02
   9.7596500e-01  -4.7489600e-01   2.6284000e-02
   9.7615200e-01  -4.8528100e-01   3.3006000e-02
   9.7666400e-01  -5.2340200e-01   5.3729000e-02
   9.7666900e-01  -4.7795100e-01   2.6333000e-02
   9.7682300e-01  -4.5781700e-01   0.0000000e+00
   9.7791700e-01  -4.7118400e-01   1.9714000e-02
   9.7820100e-01  -5.0863200e-01  -1.6823000e-01
   9.7839800e-01  -4.6142100e-01   0.0000000e+00
   9.7863300e-01  -4.7423700e-01   1.9750000e-02
   9.7875300e-01  -4.4664400e-01  -4.5600000e-02
   9.7891300e-01  -4.6934200e-01   1.3143000e-02
   9.7901200e-01  -5.0923700e-01  -1.6155000e-01
   9.7912600e-01  -4.6445100e-01   6.5590000e-03
   9.7931700e-01  -4.9793000e-01  -1.6761900e-01
   9.7938000e-01  -4.9536800e-01   4.6545000e-02
   9.7978900e-01  -5.0981800e-01  -1.5486500e-01
   9.8001600e-01  -5.0711100e-01   4.6803000e-02
   9.8055400e-01  -4.9362100e-01   3.9899000e-02
   9.8080700e-01  -4.4803100e-01  -3.2638000e-02
   9.8095600e-01  -4.4813200e-01  -2.6112000e-02
   9.8143300e-01  -5.0236800e-01  -1.6823000e-01
   9.8153300e-01  -4.4852200e-01  -5.8838000e-02
   9.8181500e-01  -4.4871300e-01  -5.2306000e-02
   9.8187800e-01  -4.9719400e-01  -1.6792400e-01
   9.8196100e-01  -4.8688600e-01   3.3190000e-02
   9.8204400e-01  -4.4886700e-01  -6.5429000e-02
   9.8218100e-01  -5.0292000e-01  -1.4790400e-01
   9.8224700e-01  -5.0296900e-01  -1.6155000e-01
   9.8228000e-01  -4.4902700e-01  -3.9237000e-02
   9.8249800e-01  -5.1449500e-01   5.3778000e-02
   9.8259800e-01  -4.7704200e-01   2.6455000e-02
   9.8275900e-01  -5.0624500e-01  -1.6184400e-01
   9.8288300e-01  -5.2011400e-01   5.3925000e-02
   9.8302800e-01  -5.0354500e-01  -1.5486500e-01
   9.8318000e-01  -4.6727200e-01   1.3180000e-02
   9.8339100e-01  -4.6234900e-01   6.5780000e-03
   9.8354100e-01  -5.0682400e-01  -1.5514600e-01
   9.8422000e-01  -4.5284300e-01  -2.6235000e-02
   9.8434200e-01  -4.4792100e-01  -5.2404000e-02
   9.8434800e-01  -4.8601200e-01   3.9899000e-02
   9.8459200e-01  -4.4808900e-01  -4.5858000e-02
   9.8480900e-01  -4.4823500e-01  -3.9310000e-02
   9.8495700e-01  -4.6596600e-01   6.5960000e-03
   9.8511300e-01  -5.0798800e-01   4.7017000e-02
   9.8665400e-01  -4.5198300e-01  -7.2367000e-02
   9.8693400e-01  -4.5720400e-01  -9.2404000e-02
   9.8780500e-01  -5.0706600e-01   4.7103000e-02
   9.8783400e-01  -4.7560100e-01   1.9916000e-02
   9.8788200e-01  -4.5030300e-01  -6.5797000e-02
   9.8793600e-01  -4.7310900e-01   1.9898000e-02
   9.8798300e-01  -4.9640900e-01   4.0193000e-02
   9.8820000e-01  -4.5051800e-01  -5.9224000e-02
   9.8839500e-01  -5.2159800e-01   6.0991000e-02
   9.8842400e-01  -4.6328200e-01   0.0000000e+00
   9.8843500e-01  -4.9935800e-01  -1.6899400e-01
   9.8909700e-01  -4.5615300e-01  -8.5898000e-02
   9.8918600e-01  -4.5118100e-01  -7.2502000e-02
   9.8975500e-01  -4.6929100e-01   1.9898000e-02
   9.8983900e-01  -4.6934900e-01   1.3266000e-02
   9.8996700e-01  -4.5170700e-01  -3.2945000e-02
   9.9029300e-01  -4.5696500e-01  -9.2661000e-02
   9.9049800e-01  -5.0613500e-01   4.7189000e-02
   9.9157100e-01  -4.6799400e-01   1.3278000e-02
   9.9184700e-01  -4.5045700e-01  -5.2797000e-02
   9.9205400e-01  -4.5563200e-01  -7.9450000e-02
   9.9209200e-01  -5.0730500e-01  -1.6316400e-01
   9.9209900e-01  -4.5062600e-01  -4.6202000e-02
   9.9231800e-01  -4.5077300e-01  -3.9605000e-02
   9.9260300e-01  -4.9975800e-01  -1.6960500e-01
   9.9260600e-01  -4.5348300e-01  -2.6431000e-02
   9.9288300e-01  -5.0788500e-01  -1.5641200e-01
   9.9322000e-01  -4.5137700e-01  -5.9500000e-02
   9.9326300e-01  -5.0287300e-01   4.7232000e-02
   9.9333000e-01  -4.8204200e-01   2.6750000e-02
   9.9364000e-01  -5.0844100e-01  -1.4965400e-01
   9.9385500e-01  -4.6192000e-01  -9.9813000e-02
   9.9452500e-01  -4.9592100e-01  -1.6960500e-01
   9.9523700e-01  -4.9119500e-01   3.3620000e-02
   9.9526000e-01  -5.0697500e-01   5.4171000e-02
   9.9557200e-01  -4.9667400e-01   4.0451000e-02
   9.9582400e-01  -4.5312300e-01  -3.3129000e-02
   9.9592400e-01  -4.6588000e-01   0.0000000e+00
   9.9658800e-01  -4.5869700e-01  -8.6535000e-02
   9.9704600e-01  -4.5394100e-01  -6.6410000e-02
   9.9707300e-01  -4.5649000e-01  -7.9818000e-02
   9.9739700e-01  -4.9012000e-01  -1.6960500e-01
   9.9751900e-01  -4.5425900e-01  -7.3109000e-02
   9.9756700e-01  -5.0074400e-01  -1.7036900e-01
   9.9763700e-01  -4.5433800e-01  -2.6554000e-02
   9.9818300e-01  -4.6742600e-01  -1.0713300e-01
   9.9829700e-01  -4.7006700e-01   6.6820000e-03
   9.9865700e-01  -5.0153100e-01   4.0635000e-02
   9.9870000e-01  -4.9629100e-01  -1.7021600e-01
   9.9887500e-01  -4.7819300e-01  -1.6213700e-01
   9.9908700e-01  -4.7834000e-01  -1.2124400e-01
   9.9924700e-01  -4.9931600e-01  -1.4289000e-01
   9.9946400e-01  -5.1004800e-01  -1.6433800e-01
   9.9995800e-01  -4.5843100e-01  -8.6774000e-02
   1.0001970e+00  -4.5352100e-01  -5.3238000e-02
   1.0002610e+00  -5.1063000e-01  -1.5753700e-01
   1.0003320e+00  -4.7920700e-01   2.0155000e-02
   1.0003880e+00  -4.8181000e-01  -1.6257700e-01
   1.0004520e+00  -4.5369100e-01  -4.6588000e-02
   1.0006720e+00  -4.5383800e-01  -3.9936000e-02
   1.0007670e+00  -4.8989400e-01  -1.7006300e-01
   1.0008590e+00  -4.5396300e-01  -3.3282000e-02
   1.0009310e+00  -4.8218900e-01   2.6922000e-02
   1.0009590e+00  -4.6676100e-01   0.0000000e+00
   1.0010250e+00  -5.1118800e-01  -1.5073000e-01
   1.0010840e+00  -4.6173600e-01  -9.3691000e-02
   1.0012710e+00  -4.9549800e-01  -1.7052200e-01
   1.0013410e+00  -4.6446300e-01  -1.0054800e-01
   1.0015320e+00  -4.7486800e-01  -1.1453400e-01
   1.0018630e+00  -4.6481700e-01   0.0000000e+00
   1.0018930e+00  -4.9331300e-01   3.3834000e-02
   1.0019630e+00  -4.7775100e-01   2.6897000e-02
   1.0022980e+00  -4.8574900e-01  -1.2876500e-01
   1.0023670e+00  -4.7286400e-01   1.3425000e-02
   1.0024480e+00  -4.8585400e-01   2.6995000e-02
   1.0024650e+00  -4.7809800e-01  -1.2157500e-01
   1.0032300e+00  -4.5554500e-01  -6.0108000e-02
   1.0032390e+00  -4.8380200e-01  -1.2876500e-01
   1.0036260e+00  -4.9981900e-01   4.7576000e-02
   1.0037570e+00  -4.5843900e-01  -8.0333000e-02
   1.0040920e+00  -4.7404900e-01  -1.1474200e-01
   1.0046040e+00  -4.9260800e-01  -1.3624300e-01
   1.0046190e+00  -4.8999400e-01   3.3865000e-02
   1.0050220e+00  -4.6953100e-01   1.3437000e-02
   1.0050520e+00  -5.0084000e-01  -1.4366100e-01
   1.0050730e+00  -4.6956500e-01   6.7190000e-03
   1.0053970e+00  -4.5699100e-01  -6.6962000e-02
   1.0058100e+00  -4.7264600e-01   6.7310000e-03
   1.0060010e+00  -4.5739400e-01  -2.6774000e-02
   1.0070430e+00  -5.1022700e-01  -1.6536500e-01
   1.0075280e+00  -4.5841300e-01  -7.3851000e-02
   1.0076380e+00  -4.6873600e-01   6.7310000e-03
   1.0077450e+00  -4.9483000e-01   3.4018000e-02
   1.0078480e+00  -5.1081000e-01  -1.5852200e-01
   1.0081340e+00  -4.7165200e-01  -1.0821100e-01
   1.0086180e+00  -5.1136900e-01  -1.5167200e-01
   1.0096250e+00  -5.0945100e-01  -1.6565900e-01
   1.0099780e+00  -4.9113600e-01  -1.6448500e-01
   1.0100490e+00  -5.1509200e-01  -1.6609900e-01
   1.0100680e+00  -4.5758300e-01  -7.3986000e-02
   1.0102160e+00  -4.5768100e-01  -5.3778000e-02
   1.0104290e+00  -4.5782200e-01  -6.7269000e-02
   1.0104320e+00  -5.1003300e-01  -1.5880300e-01
   1.0104910e+00  -4.6809300e-01  -1.0146700e-01
   1.0107100e+00  -4.7599900e-01   1.3536000e-02
   1.0107550e+00  -4.5803900e-01  -6.0549000e-02
   1.0108560e+00  -5.1567900e-01  -1.5922500e-01
   1.0109650e+00  -5.0241200e-01  -1.6536500e-01
   1.0109800e+00  -4.6842400e-01   1.3499000e-02
   1.0110320e+00  -4.6845900e-01   6.7490000e-03
   1.0110490e+00  -4.6847000e-01   0.0000000e+00
   1.0112050e+00  -5.1059100e-01  -1.5194200e-01
   1.0113060e+00  -4.5840500e-01  -4.7103000e-02
   1.0116290e+00  -5.1624200e-01  -1.5234500e-01
   1.0117230e+00  -4.6892600e-01   2.0266000e-02
   1.0119570e+00  -4.6650600e-01   0.0000000e+00
   1.0121000e+00  -4.9791100e-01  -1.6521900e-01
   1.0121700e+00  -4.7960100e-01   2.0358000e-02
   1.0122180e+00  -5.0864400e-01  -1.6595200e-01
   1.0123190e+00  -4.8754700e-01  -1.2992800e-01
   1.0123610e+00  -4.5910700e-01  -4.0414000e-02
   1.0125510e+00  -4.7207000e-01   1.3536000e-02
   1.0130280e+00  -5.0922600e-01  -1.5908400e-01
   1.0132070e+00  -4.8292400e-01  -1.2289800e-01
   1.0132670e+00  -4.6481300e-01  -8.7969000e-02
   1.0138030e+00  -5.0978400e-01  -1.5221100e-01
   1.0142160e+00  -4.6033900e-01  -3.3742000e-02
   1.0143710e+00  -4.6044200e-01  -2.6995000e-02
   1.0143770e+00  -4.6813500e-01  -9.4978000e-02
   1.0144830e+00  -4.9694400e-01  -1.3759000e-01
   1.0145050e+00  -4.6564200e-01   6.7620000e-03
   1.0145220e+00  -4.6565400e-01   0.0000000e+00
   1.0145990e+00  -4.6313300e-01  -8.1215000e-02
   1.0149840e+00  -4.8940200e-01   2.7314000e-02
   1.0152580e+00  -4.6872800e-01   6.7740000e-03
   1.0162590e+00  -4.9554300e-01  -1.3771200e-01
   1.0164210e+00  -5.0898200e-01  -1.6653900e-01
   1.0165010e+00  -4.7996200e-01  -1.1620000e-01
   1.0168650e+00  -4.6981000e-01   1.3572000e-02
   1.0171450e+00  -4.6228600e-01   0.0000000e+00
   1.0172340e+00  -5.0956400e-01  -1.5964700e-01
   1.0172830e+00  -4.7528200e-01  -1.0919100e-01
   1.0177750e+00  -4.6783400e-01   1.3572000e-02
   1.0179190e+00  -4.6534800e-01   0.0000000e+00
   1.0180140e+00  -5.1012200e-01  -1.5274900e-01
   1.0182220e+00  -5.0758800e-01  -1.5964700e-01
   1.0183900e+00  -5.0503100e-01  -1.6653900e-01
   1.0186430e+00  -4.8667600e-01   2.0524000e-02
   1.0190020e+00  -5.0814500e-01  -1.5274900e-01
   1.0195660e+00  -4.6644700e-01   6.7920000e-03
   1.0197480e+00  -5.0867700e-01  -1.4584500e-01
   1.0197940e+00  -4.9010600e-01  -1.3085800e-01
   1.0199690e+00  -4.6158700e-01  -6.1101000e-02
   1.0199720e+00  -4.6671800e-01  -8.8527000e-02
   1.0202650e+00  -4.6178200e-01  -5.4318000e-02
   1.0203430e+00  -5.0107200e-01  -1.6653900e-01
   1.0203450e+00  -4.6696700e-01   1.3597000e-02
   1.0204700e+00  -4.6449600e-01  -8.1657000e-02
   1.0207180e+00  -4.8022800e-01  -1.1661600e-01
   1.0214230e+00  -4.5740500e-01   1.3560000e-02
   1.0214560e+00  -4.8073100e-01  -1.5838100e-01
   1.0214760e+00  -4.5743900e-01   6.7800000e-03
   1.0215150e+00  -4.8602300e-01  -1.2389000e-01
   1.0221360e+00  -4.6302100e-01  -6.8066000e-02
   1.0221380e+00  -4.7335800e-01  -1.0266200e-01
   1.0221720e+00  -4.5789700e-01   2.0358000e-02
   1.0230250e+00  -4.6360900e-01  -4.7661000e-02
   1.0231020e+00  -4.9767900e-01  -1.5964700e-01
   1.0237860e+00  -4.6153100e-01  -2.0413000e-02
   1.0238090e+00  -4.6412800e-01   1.3621000e-02
   1.0238610e+00  -4.6416200e-01   6.8110000e-03
   1.0238780e+00  -4.6417400e-01   0.0000000e+00
   1.0239250e+00  -4.6162300e-01   6.8050000e-03
   1.0244780e+00  -4.8805800e-01  -1.5922500e-01
   1.0244980e+00  -4.6200100e-01  -2.7241000e-02
   1.0245550e+00  -4.6462200e-01   2.0450000e-02
   1.0246230e+00  -4.6725600e-01   6.8230000e-03
   1.0250160e+00  -4.9372500e-01  -1.5964700e-01
   1.0250350e+00  -5.0706100e-01  -1.6049100e-01
   1.0252160e+00  -4.7282100e-01  -9.6007000e-02
   1.0256580e+00  -4.5760900e-01   1.3609000e-02
   1.0257510e+00  -4.6541300e-01  -4.0966000e-02
   1.0258220e+00  -5.0761700e-01  -1.5355700e-01
   1.0259430e+00  -4.6554000e-01  -3.4141000e-02
   1.0261010e+00  -4.6564400e-01  -2.7314000e-02
   1.0264700e+00  -5.1077000e-01  -1.6091300e-01
   1.0265740e+00  -5.0814900e-01  -1.4661600e-01
   1.0273060e+00  -4.9797600e-01  -1.6021000e-01
   1.0275950e+00  -4.6663300e-01  -7.5335000e-02
   1.0278740e+00  -4.8774600e-01  -1.5964700e-01
   1.0279490e+00  -5.0106600e-01  -1.5342200e-01
   1.0280100e+00  -5.1186400e-01  -1.4700200e-01
   1.0280240e+00  -4.6173700e-01  -2.0487000e-02
   1.0286170e+00  -5.0421400e-01  -1.6077200e-01
   1.0287030e+00  -5.0159300e-01  -1.4648800e-01
   1.0287950e+00  -4.6483200e-01   2.0524000e-02
   1.0288820e+00  -4.6489000e-01   1.3683000e-02
   1.0294080e+00  -5.0476800e-01  -1.5382600e-01
   1.0294220e+00  -5.0209500e-01  -1.3954800e-01
   1.0295680e+00  -4.7054200e-01   1.3720000e-02
   1.0297470e+00  -4.8110700e-01  -1.1056300e-01
   1.0300470e+00  -4.9454500e-01  -1.6035000e-01
   1.0301630e+00  -5.0529800e-01  -1.4687300e-01
   1.0303330e+00  -4.6584600e-01  -5.4858000e-02
   1.0304690e+00  -4.6075300e-01   2.7363000e-02
   1.0305920e+00  -4.6083400e-01   2.0524000e-02
   1.0305960e+00  -4.6602000e-01  -4.8005000e-02
   1.0307330e+00  -4.6092500e-01   6.8420000e-03
   1.0307390e+00  -4.5319600e-01   2.0468000e-02
   1.0307870e+00  -4.8709000e-01  -1.2488200e-01
   1.0308250e+00  -4.6617000e-01  -4.1150000e-02
   1.0308270e+00  -4.5325300e-01   1.3646000e-02
   1.0308790e+00  -4.5328700e-01   6.8230000e-03
   1.0310180e+00  -4.6629800e-01  -3.4294000e-02
   1.0313710e+00  -4.9545900e-01  -1.3237100e-01
   1.0324930e+00  -5.0963100e-01  -1.6161600e-01
   1.0331560e+00  -4.8077400e-01  -1.1085700e-01
   1.0332860e+00  -5.1019000e-01  -1.5463300e-01
   1.0337520e+00  -4.6549600e-01  -2.7486000e-02
   1.0338080e+00  -4.7858000e-01  -1.0385700e-01
   1.0338450e+00  -4.7077000e-01  -8.2760000e-02
   1.0338680e+00  -4.6817600e-01  -6.8863000e-02
   1.0340440e+00  -5.1072400e-01  -1.4764400e-01
   1.0342030e+00  -4.6839600e-01  -6.1984000e-02
   1.0344190e+00  -4.7636000e-01  -9.6865000e-02
   1.0347600e+00  -4.9245800e-01  -1.2554300e-01
   1.0347770e+00  -4.6356800e-01  -2.0616000e-02
   1.0348910e+00  -4.5845900e-01   2.0579000e-02
   1.0349790e+00  -4.7413900e-01  -8.9882000e-02
   1.0349800e+00  -4.5851600e-01   1.3720000e-02
   1.0350330e+00  -4.5855100e-01   6.8600000e-03
   1.0356390e+00  -4.8774000e-01  -1.1838600e-01
   1.0358750e+00  -4.8260400e-01  -1.1817800e-01
   1.0359970e+00  -4.6957800e-01  -7.5942000e-02
   1.0365110e+00  -4.6730700e-01  -4.8263000e-02
   1.0366200e+00  -4.5699100e-01  -2.0597000e-02
   1.0367410e+00  -4.6745700e-01  -4.1371000e-02
   1.0367800e+00  -4.6748300e-01  -6.2095000e-02
   1.0369360e+00  -4.6758500e-01  -3.4478000e-02
   1.0370810e+00  -4.6768100e-01  -5.5201000e-02
   1.0373510e+00  -4.6264900e-01  -2.0652000e-02
   1.0374930e+00  -4.6274100e-01   6.8840000e-03
   1.0380880e+00  -4.7095700e-01  -8.3054000e-02
   1.0381130e+00  -4.6835800e-01  -6.9108000e-02
   1.0382780e+00  -4.6325200e-01   1.3781000e-02
   1.0383360e+00  -4.5554000e-01   2.0616000e-02
   1.0384250e+00  -4.5559700e-01   1.3744000e-02
   1.0384770e+00  -4.7121300e-01  -9.0041000e-02
   1.0384780e+00  -4.5563100e-01   6.8720000e-03
   1.0385750e+00  -4.6866100e-01  -7.6077000e-02
   1.0389660e+00  -4.7678900e-01  -1.0422500e-01
   1.0390270e+00  -4.6373900e-01   2.0689000e-02
   1.0390560e+00  -4.8739900e-01  -1.1869900e-01
   1.0390870e+00  -4.6117700e-01  -2.0671000e-02
   1.0394810e+00  -4.7713100e-01  -9.7294000e-02
   1.0400540e+00  -4.7487900e-01  -9.0280000e-02
   1.0400970e+00  -4.5150500e-01   2.0616000e-02
   1.0401860e+00  -4.5156100e-01   1.3744000e-02
   1.0402400e+00  -4.5159500e-01   6.8720000e-03
   1.0405330e+00  -4.8044100e-01  -1.0450000e-01
   1.0423360e+00  -4.7112900e-01  -8.3349000e-02
   1.0423550e+00  -4.8430700e-01  -1.1183800e-01
   1.0438210e+00  -4.7473500e-01  -9.7552000e-02
   1.0441210e+00  -4.8283500e-01  -1.1193600e-01
   1.0445590e+00  -4.7786100e-01  -9.7723000e-02
   1.0452240e+00  -4.4959800e-01   2.0689000e-02
   1.0453140e+00  -4.4965400e-01   1.3793000e-02
   1.0453670e+00  -4.4968800e-01   6.8970000e-03
   1.0469800e+00  -5.0894500e-01  -1.5624800e-01
   1.0470760e+00  -4.5076700e-01   0.0000000e+00
   1.0477500e+00  -5.0947800e-01  -1.4918600e-01
   1.0479040e+00  -4.5129000e-01  -6.9150000e-03
   1.0484830e+00  -4.5945000e-01   2.0818000e-02
   1.0484850e+00  -5.0998700e-01  -1.4211900e-01
   1.0485730e+00  -4.5950700e-01   1.3879000e-02
   1.0486270e+00  -4.5954200e-01   6.9400000e-03
   1.0487150e+00  -4.5439500e-01   6.9270000e-03
   1.0487330e+00  -4.5440600e-01   0.0000000e+00
   1.0491090e+00  -5.0227800e-01  -1.5611400e-01
   1.0494630e+00  -4.5747100e-01  -1.3879000e-02
   1.0496490e+00  -4.4721700e-01   6.9150000e-03
   1.0502600e+00  -4.5537500e-01   2.0818000e-02
   1.0503490e+00  -4.5543200e-01   1.3879000e-02
   1.0504030e+00  -4.5546600e-01  -6.9400000e-03
   1.0504710e+00  -4.5031900e-01   6.9270000e-03
   1.0509540e+00  -4.6364700e-01  -2.0892000e-02
   1.0510100e+00  -4.6106700e-01  -2.0873000e-02
   1.0511740e+00  -4.5076100e-01   2.0800000e-02
   1.0512640e+00  -4.5081700e-01   1.3867000e-02
   1.0513360e+00  -4.5086300e-01   0.0000000e+00
   1.0520770e+00  -4.5392600e-01  -1.3891000e-02
   1.0537420e+00  -4.4978000e-01   2.0836000e-02
   1.0538320e+00  -4.4983700e-01   1.3891000e-02
   1.0538570e+00  -4.5244800e-01  -6.9520000e-03
   1.0539040e+00  -4.4988200e-01   0.0000000e+00
   1.0547340e+00  -4.5040100e-01  -6.9520000e-03
   1.0547580e+00  -4.4782300e-01  -6.9460000e-03
   1.0547760e+00  -4.4783500e-01   0.0000000e+00
   1.0548950e+00  -4.7671500e-01  -7.0274000e-02
   1.0552380e+00  -4.7693900e-01  -6.3254000e-02
   1.0562600e+00  -4.5918100e-01  -1.3965000e-02
   1.0571150e+00  -5.1048700e-01  -1.5759400e-01
   1.0571890e+00  -4.5454400e-01  -1.3953000e-02
   1.0581200e+00  -4.4732300e-01   1.3928000e-02
   1.0581740e+00  -4.4735700e-01   6.9640000e-03
   1.0581920e+00  -4.4736800e-01   0.0000000e+00
   1.0623400e+00  -4.5255100e-01   1.4002000e-02
