   8.5450200e-01  -6.6378000e-01  -1.5163000e-01
   8.5517400e-01  -5.4293100e-01   2.0472500e-01
   8.5608500e-01  -5.4376800e-01   1.9860200e-01
   8.5659700e-01  -6.7220500e-01  -1.5261400e-01
   8.5696900e-01  -5.4457900e-01   1.9247200e-01
   8.5848000e-01  -6.6502500e-01  -1.5219200e-01
   8.5857000e-01  -6.7127000e-01  -1.5275500e-01
   8.6919200e-01  -6.7352700e-01  -1.5416100e-01
   8.6943400e-01  -6.0278700e-01   1.2213500e-01
   8.6995500e-01  -6.0329800e-01   1.1573300e-01
   8.7253900e-01  -6.7402400e-01  -1.6140400e-01
   8.7956000e-01  -5.6530100e-01   1.9182600e-01
   8.8403900e-01  -5.6941100e-01   1.8638500e-01
   8.8533900e-01  -7.0040100e-01  -1.5140300e-01
   8.8589700e-01  -6.1892000e-01   1.3146900e-01
   8.8603500e-01  -6.8848600e-01  -1.5739700e-01
   8.8665300e-01  -7.0504200e-01  -1.5194200e-01
   8.8749600e-01  -6.2048800e-01   1.1182700e-01
   8.8938500e-01  -7.0159400e-01  -1.5194200e-01
   8.9141900e-01  -7.0059300e-01  -1.5207600e-01
   8.9408000e-01  -6.8445700e-01  -1.6492500e-01
   8.9410700e-01  -6.8763000e-01  -1.6521900e-01
   8.9451400e-01  -6.2736500e-01   1.3967700e-01
   8.9684100e-01  -6.9687200e-01  -1.6639200e-01
   8.9730000e-01  -7.1994300e-01  -1.5436400e-01
   8.9819200e-01  -6.9512900e-01  -1.6639200e-01
   8.9881700e-01  -6.8630200e-01  -1.6565900e-01
   8.9950900e-01  -7.0613700e-01  -1.5342200e-01
   9.0023200e-01  -7.0049100e-01  -1.6006900e-01
   9.0087800e-01  -7.0438900e-01  -1.5342200e-01
   9.0097800e-01  -6.8857400e-01  -1.3744000e-02
   9.0099000e-01  -6.9810300e-01   2.0726000e-02
   9.0102200e-01  -6.8861900e-01   6.8720000e-03
   9.0106200e-01  -6.9818000e-01   1.3818000e-02
   9.0110600e-01  -6.9822700e-01   6.9090000e-03
   9.0112000e-01  -6.9824200e-01   0.0000000e+00
   9.0147500e-01  -6.8280700e-01  -1.6565900e-01
   9.0159500e-01  -6.8922200e-01  -2.0634000e-02
   9.0166700e-01  -6.8929800e-01   1.3756000e-02
   9.0171100e-01  -6.8934400e-01  -6.8780000e-03
   9.0172600e-01  -6.8935900e-01   0.0000000e+00
   9.0177300e-01  -6.9574900e-01  -6.9030000e-03
   9.0197400e-01  -7.0235100e-01  -4.1592000e-02
   9.0200300e-01  -7.0238100e-01  -6.2426000e-02
   9.0208500e-01  -6.9290200e-01  -3.4478000e-02
   9.0213400e-01  -7.0252100e-01  -3.4663000e-02
   9.0221600e-01  -6.9304000e-01  -2.7584000e-02
   9.0225400e-01  -6.9308000e-01  -1.5964700e-01
   9.0231300e-01  -6.8682300e-01   1.3744000e-02
   9.0241600e-01  -6.9642900e-01  -1.3818000e-02
   9.0247600e-01  -6.9968300e-01  -6.9210000e-03
   9.0261300e-01  -6.9345800e-01  -4.1408000e-02
   9.0300600e-01  -6.9387300e-01  -2.0708000e-02
   9.0307500e-01  -6.9712800e-01  -6.9231000e-02
   9.0335200e-01  -6.9742100e-01  -6.2315000e-02
   9.0349700e-01  -7.0076800e-01  -3.4663000e-02
   9.0356400e-01  -6.8813200e-01  -1.6639200e-01
   9.0359900e-01  -7.0408500e-01  -1.5369100e-01
   9.0360000e-01  -6.9768400e-01  -5.5397000e-02
   9.0361300e-01  -7.0089200e-01  -5.5496000e-02
   9.0362800e-01  -7.0090800e-01  -2.7732000e-02
   9.0363200e-01  -7.0412000e-01  -2.7781000e-02
   9.0369400e-01  -6.9459900e-01   2.0726000e-02
   9.0373000e-01  -7.0101600e-01  -2.0800000e-02
   9.0373400e-01  -7.0422900e-01  -2.0836000e-02
   9.0376700e-01  -6.9467600e-01   1.3818000e-02
   9.0378900e-01  -6.9788400e-01   1.3842000e-02
   9.0380300e-01  -7.0109400e-01  -1.3867000e-02
   9.0381100e-01  -6.9472200e-01   6.9090000e-03
   9.0381400e-01  -7.0431400e-01  -8.3496000e-02
   9.0383100e-01  -7.0112400e-01  -4.8563000e-02
   9.0383300e-01  -6.9793000e-01   6.9210000e-03
   9.0389200e-01  -6.9480800e-01  -1.2488200e-01
   9.0395700e-01  -6.9170500e-01  -4.1408000e-02
   9.0399300e-01  -7.0450600e-01  -1.0450000e-01
   9.0401100e-01  -6.9176100e-01  -1.3167300e-01
   9.0402100e-01  -7.0132600e-01  -4.1629000e-02
   9.0403300e-01  -6.9495700e-01  -1.3190500e-01
   9.0404900e-01  -7.0135600e-01  -6.2481000e-02
   9.0415600e-01  -6.8250000e-01  -1.6595200e-01
   9.0424900e-01  -6.9201100e-01  -2.7609000e-02
   9.0426400e-01  -6.8571500e-01   2.0634000e-02
   9.0429900e-01  -7.0483200e-01  -5.5643000e-02
   9.0431200e-01  -6.8891600e-01   2.0671000e-02
   9.0435200e-01  -6.9211900e-01   2.0708000e-02
   9.0440300e-01  -6.9853300e-01   2.0781000e-02
   9.0440400e-01  -6.9534800e-01  -1.1797000e-01
   9.0445500e-01  -6.9540200e-01  -1.3830000e-02
   9.0449800e-01  -6.9544800e-01  -6.9150000e-03
   9.0451300e-01  -6.9546300e-01   0.0000000e+00
   9.0451800e-01  -7.0506500e-01  -4.8692000e-02
   9.0453400e-01  -6.9867200e-01   0.0000000e+00
   9.0455400e-01  -6.9233100e-01  -1.2477200e-01
   9.0480700e-01  -6.9259700e-01  -3.4540000e-02
   9.0481200e-01  -7.0537900e-01  -9.0599000e-02
   9.0483700e-01  -6.9899400e-01  -1.3930300e-01
   9.0488600e-01  -6.8325800e-01   2.0616000e-02
   9.0488700e-01  -6.9585800e-01  -1.1105300e-01
   9.0495800e-01  -6.9593300e-01  -1.5315300e-01
   9.0496300e-01  -6.9276100e-01  -1.5992800e-01
   9.0498200e-01  -7.0234800e-01  -1.6077200e-01
   9.0507600e-01  -6.8971500e-01  -1.3793000e-02
   9.0508800e-01  -6.9289200e-01  -6.9170000e-02
   9.0517400e-01  -7.0576600e-01  -1.3916000e-02
   9.0521800e-01  -7.0581300e-01  -6.9580000e-03
   9.0523300e-01  -7.0582800e-01   0.0000000e+00
   9.0534200e-01  -6.9633700e-01  -1.0413300e-01
   9.0541000e-01  -6.9960000e-01  -1.3237100e-01
   9.0551400e-01  -7.0612800e-01  -7.6684000e-02
   9.0558500e-01  -7.0620500e-01  -1.4700200e-01
   9.0559000e-01  -6.9660000e-01  -1.4623100e-01
   9.0562500e-01  -6.9345700e-01  -1.5301800e-01
   9.0576700e-01  -6.9678600e-01  -9.7208000e-02
   9.0578600e-01  -7.0320200e-01  -1.1859500e-01
   9.0583400e-01  -6.9367600e-01  -4.8434000e-02
   9.0584300e-01  -6.9686600e-01  -8.3275000e-02
   9.0595300e-01  -7.0017500e-01  -1.2543300e-01
   9.0604200e-01  -7.0347500e-01  -1.0459200e-01
   9.0616200e-01  -6.9720300e-01  -9.0280000e-02
   9.0616700e-01  -6.8145400e-01  -1.6609900e-01
   9.0618000e-01  -6.9722100e-01  -7.6347000e-02
   9.0618800e-01  -7.0684800e-01  -1.4003800e-01
   9.0619300e-01  -6.9723500e-01  -1.3930300e-01
   9.0626200e-01  -7.0692700e-01  -1.1183800e-01
   9.0626900e-01  -7.0371600e-01  -1.1164200e-01
   9.0630600e-01  -6.9100300e-01  -1.5992800e-01
   9.0632800e-01  -6.9737800e-01  -5.5496000e-02
   9.0643100e-01  -6.9113400e-01  -6.9170000e-02
   9.0646200e-01  -7.0071400e-01  -2.0836000e-02
   9.0646700e-01  -7.0392700e-01  -9.7637000e-02
   9.0648700e-01  -6.9754600e-01  -6.9415000e-02
   9.0650300e-01  -7.0718500e-01  -6.9783000e-02
   9.0654700e-01  -6.9760900e-01  -4.8563000e-02
   9.0671000e-01  -6.9142500e-01  -6.2260000e-02
   9.0676000e-01  -7.0745900e-01  -1.3306900e-01
   9.0676600e-01  -6.9784000e-01  -6.2481000e-02
   9.0682700e-01  -6.9472000e-01  -9.0201000e-02
   9.0684400e-01  -6.9473800e-01  -7.6279000e-02
   9.0686100e-01  -6.9475500e-01  -1.3918100e-01
   9.0686100e-01  -6.8217200e-01  -1.5922500e-01
   9.0687800e-01  -7.0436400e-01  -1.3991500e-01
   9.0688800e-01  -7.1407400e-01  -1.4777300e-01
   9.0694100e-01  -6.9484000e-01  -1.4623100e-01
   9.0695900e-01  -6.9168600e-01  -5.5348000e-02
   9.0700100e-01  -7.0449400e-01  -1.5409500e-01
   9.0707500e-01  -6.9180700e-01  -2.0744000e-02
   9.0714200e-01  -7.0786600e-01  -9.7895000e-02
   9.0717900e-01  -6.9191600e-01  -4.8434000e-02
   9.0719400e-01  -6.9510600e-01  -8.3275000e-02
   9.0726900e-01  -7.0800200e-01   6.9770000e-03
   9.0730400e-01  -7.0803900e-01  -1.2609400e-01
   9.0731500e-01  -7.0482800e-01  -1.2587400e-01
   9.0737500e-01  -6.3996800e-01   1.5570900e-01
   9.0743100e-01  -6.9535400e-01  -6.2426000e-02
   9.0745200e-01  -7.0497400e-01  -1.3295200e-01
   9.0754600e-01  -7.0507300e-01  -9.0758000e-02
   9.0760900e-01  -6.9554200e-01  -1.1124900e-01
   9.0763400e-01  -7.0516800e-01  -1.4713000e-01
   9.0765400e-01  -6.9241300e-01  -1.5315300e-01
   9.0766300e-01  -6.9242300e-01  -2.7683000e-02
   9.0768000e-01  -6.9561600e-01  -5.5496000e-02
   9.0773200e-01  -7.0205900e-01  -2.7830000e-02
   9.0778500e-01  -6.9255000e-01  -1.1807400e-01
   9.0781800e-01  -7.0858800e-01  -1.1911500e-01
   9.0783200e-01  -7.0216500e-01  -1.1869900e-01
   9.0788000e-01  -6.6769300e-01  -1.6507200e-01
   9.0791300e-01  -7.0546400e-01  -8.3790000e-02
   9.0804200e-01  -6.4062200e-01   1.4898100e-01
   9.0806500e-01  -6.9602100e-01  -1.0431700e-01
   9.0811700e-01  -6.7722200e-01  -1.6595200e-01
   9.0815300e-01  -6.7725900e-01   2.0597000e-02
   9.0825000e-01  -7.0582200e-01  -7.6819000e-02
   9.0828900e-01  -6.9307800e-01  -1.4623100e-01
   9.0849200e-01  -6.9646900e-01  -9.7380000e-02
   9.0851900e-01  -7.0933600e-01   2.0965000e-02
   9.0855900e-01  -7.0615000e-01  -6.9844000e-02
   9.0859300e-01  -7.0941500e-01   1.3977000e-02
   9.0875000e-01  -6.9356100e-01  -4.1592000e-02
   9.0886300e-01  -6.9367900e-01  -9.0280000e-02
   9.0886600e-01  -6.8111300e-01  -1.6639200e-01
   9.0889400e-01  -6.9371100e-01  -1.3930300e-01
   9.0890200e-01  -6.8428400e-01  -1.5261500e-01
   9.0891200e-01  -6.9373000e-01  -3.4663000e-02
   9.0899000e-01  -6.8437500e-01   2.0689000e-02
   9.0901700e-01  -6.9067100e-01  -1.6021000e-01
   9.0906300e-01  -7.0346900e-01  -1.6133500e-01
   9.0915400e-01  -6.9398300e-01  -9.7294000e-02
   9.0930700e-01  -7.0372700e-01  -4.8821000e-02
   9.0946900e-01  -6.9431400e-01  -1.3237100e-01
   9.0949700e-01  -7.0392900e-01  -4.1850000e-02
   9.0950300e-01  -6.7864500e-01  -1.5922500e-01
   9.0956300e-01  -6.8183100e-01  -1.5950600e-01
   9.0957000e-01  -6.9441900e-01  -7.6414000e-02
   9.0961900e-01  -7.0405800e-01  -7.6819000e-02
   9.0965500e-01  -6.8821100e-01  -1.6006900e-01
   9.0965900e-01  -7.0410000e-01  -3.4877000e-02
   9.0968300e-01  -6.9136500e-01  -1.5328700e-01
   9.0972800e-01  -7.0417300e-01  -1.5436400e-01
   9.0986600e-01  -6.9791400e-01  -1.1859500e-01
   9.1001600e-01  -6.9488600e-01  -1.2543300e-01
   9.1004700e-01  -6.7298400e-01  -1.6580500e-01
   9.1021000e-01  -6.4274600e-01   1.6316400e-01
   9.1033300e-01  -6.9521700e-01  -1.1144500e-01
   9.1036400e-01  -7.0484600e-01  -1.4738700e-01
   9.1060900e-01  -6.9550600e-01  -8.3496000e-02
   9.1065000e-01  -7.0515000e-01  -8.3937000e-02
   9.1071700e-01  -6.4324300e-01   1.0840700e-01
   9.1079000e-01  -6.9569600e-01  -1.0450000e-01
   9.1080800e-01  -6.7998500e-01  -1.4546000e-01
   9.1081300e-01  -6.7687200e-01  -1.6624600e-01
   9.1100800e-01  -6.8961700e-01  -1.5328700e-01
   9.1105000e-01  -7.0557300e-01  -1.1213200e-01
   9.1150800e-01  -7.0605800e-01  -1.0514400e-01
   9.1160600e-01  -6.8708200e-01  -1.4610200e-01
   9.1164600e-01  -6.9027900e-01  -1.4635900e-01
   9.1165100e-01  -7.0620900e-01  -9.1077000e-02
   9.1186000e-01  -6.6556600e-01  -1.6536500e-01
   9.1193600e-01  -7.0651100e-01  -9.8152000e-02
   9.1205200e-01  -6.7502700e-01  -1.4520300e-01
   9.1224400e-01  -6.8146000e-01  -1.5274900e-01
   9.1237800e-01  -6.9417600e-01  -1.4674500e-01
   9.1274600e-01  -6.7263100e-01  -1.5908400e-01
   9.1301000e-01  -6.4549000e-01   1.7067400e-01
   9.1341600e-01  -6.7331100e-01  -1.5221100e-01
   9.1367900e-01  -6.8607400e-01  -1.5328700e-01
   9.1379800e-01  -6.8619700e-01   2.0781000e-02
   9.1404500e-01  -6.7085100e-01  -1.6609900e-01
   9.1421200e-01  -6.7722800e-01  -1.5964700e-01
   9.1432000e-01  -6.8673400e-01  -1.4635900e-01
   9.1474600e-01  -6.7156100e-01  -1.5922500e-01
   9.1488400e-01  -6.7791200e-01  -1.5274900e-01
   9.1523100e-01  -6.6591600e-01  -1.6580500e-01
   9.1544900e-01  -6.7537400e-01  -1.4558800e-01
   9.1544900e-01  -6.5392200e-01  -1.6477800e-01
   9.1652300e-01  -6.6413700e-01  -1.6580500e-01
   9.1681300e-01  -6.7364900e-01  -1.5261500e-01
   9.1710900e-01  -6.6165900e-01  -1.6565900e-01
   9.1718300e-01  -6.4957900e-01   1.7855700e-01
   9.1722800e-01  -6.6484200e-01  -1.5894400e-01
   9.1742200e-01  -6.5283700e-01  -1.6492500e-01
   9.1756300e-01  -6.5600900e-01  -1.5824100e-01
   9.1757800e-01  -6.4996700e-01   1.0247800e-01
   9.1767300e-01  -6.8388700e-01  -1.4648800e-01
   9.1781500e-01  -6.6236100e-01  -1.5880300e-01
   9.1790300e-01  -6.6551600e-01  -1.5207600e-01
   9.1801300e-01  -6.5039200e-01   9.5664000e-02
   9.1814200e-01  -6.7189100e-01  -1.5964700e-01
   9.1841700e-01  -6.5078900e-01   8.8846000e-02
   9.1842300e-01  -6.5079500e-01   7.5133000e-02
   9.1843300e-01  -6.8466500e-01  -1.6077200e-01
   9.1854800e-01  -6.6616100e-01  -1.4520300e-01
   9.1873100e-01  -6.6942600e-01  -1.5950600e-01
   9.1873800e-01  -6.5110300e-01   6.8311000e-02
   9.1879100e-01  -6.5115500e-01   8.2024000e-02
   9.1880300e-01  -6.4514200e-01   3.4018000e-02
   9.1881700e-01  -6.7257100e-01  -1.5274900e-01
   9.1888500e-01  -6.5731500e-01  -1.4456000e-01
   9.1893800e-01  -6.4527300e-01   2.7216000e-02
   9.1897900e-01  -6.4832100e-01   3.4080000e-02
   9.1909500e-01  -6.6057300e-01  -1.6580500e-01
   9.1910800e-01  -6.8535500e-01  -1.5382600e-01
   9.1919300e-01  -6.6373300e-01  -1.5207600e-01
   9.1938200e-01  -6.4570500e-01   1.0238700e-01
   9.1963000e-01  -6.4594600e-01   1.0928900e-01
   9.1964900e-01  -6.5806900e-01  -1.5167200e-01
   9.1977500e-01  -7.2463700e-01  -1.4995700e-01
   9.1983900e-01  -6.6437600e-01  -1.4520300e-01
   9.2010700e-01  -6.7080600e-01  -1.5274900e-01
   9.2044800e-01  -6.5277900e-01   6.1598000e-02
   9.2053100e-01  -6.4682300e-01   9.5664000e-02
   9.2070300e-01  -6.5302900e-01   5.4760000e-02
   9.2075300e-01  -6.7145500e-01  -1.4584500e-01
   9.2086000e-01  -6.7462800e-01  -1.4610200e-01
   9.2093700e-01  -6.4721700e-01   8.8846000e-02
   9.2124800e-01  -5.9499400e-01  -1.6731300e-01
   9.2126000e-01  -6.5054800e-01   2.7339000e-02
   9.2127300e-01  -6.4754400e-01   1.1640800e-01
   9.2131300e-01  -6.4758300e-01   8.2024000e-02
   9.2156600e-01  -6.4482100e-01   1.8569200e-01
   9.2161300e-01  -6.4787400e-01   1.3027700e-01
   9.2164200e-01  -6.5394900e-01   4.7962000e-02
   9.2182200e-01  -6.4807700e-01   1.7903300e-01
   9.2210000e-01  -6.0146300e-01   2.7213800e-01
   9.2212600e-01  -6.5139200e-01   9.6007000e-02
   9.2217100e-01  -6.4841700e-01   1.2344900e-01
   9.2222100e-01  -6.4846500e-01   4.1003000e-02
   9.2236900e-01  -6.4559900e-01   1.7887400e-01
   9.2246500e-01  -6.4569200e-01  -1.6492500e-01
   9.2253200e-01  -6.5178900e-01   8.9165000e-02
   9.2259500e-01  -6.4882900e-01   1.7220200e-01
   9.2261500e-01  -6.6406300e-01  -1.5950600e-01
   9.2274200e-01  -6.4897200e-01   4.7876000e-02
   9.2290900e-01  -6.5215700e-01   8.2319000e-02
   9.2292700e-01  -6.5520800e-01  -1.6580500e-01
   9.2301400e-01  -5.9944200e-01  -1.6792400e-01
   9.2303500e-01  -7.3473200e-01  -1.5111400e-01
   9.2306900e-01  -6.5839200e-01  -1.5908400e-01
   9.2309000e-01  -6.4931000e-01   7.5335000e-02
   9.2314300e-01  -6.4634800e-01   1.7205000e-01
   9.2321700e-01  -6.4642000e-01   9.5836000e-02
   9.2329500e-01  -6.6473700e-01  -1.5261500e-01
   9.2331700e-01  -6.0257500e-01   2.6546600e-01
   9.2340600e-01  -6.4961800e-01   6.8495000e-02
   9.2363900e-01  -6.5590600e-01  -1.5894400e-01
   9.2369200e-01  -6.4989600e-01   6.1653000e-02
   9.2373300e-01  -6.8064500e-01  -1.4687300e-01
   9.2375000e-01  -6.5906200e-01  -1.5221100e-01
   9.2388600e-01  -6.4706800e-01   1.6521900e-01
   9.2388800e-01  -6.4707000e-01  -1.5824100e-01
   9.2396900e-01  -6.5319200e-01   7.5537000e-02
   9.2400000e-01  -6.4717900e-01   4.7876000e-02
   9.2404600e-01  -6.5024000e-01  -1.6551200e-01
   9.2419600e-01  -6.4736900e-01   4.1040000e-02
   9.2422200e-01  -6.4442100e-01   1.8602200e-01
   9.2423200e-01  -6.4443000e-01   1.3722200e-01
   9.2434000e-01  -6.5355400e-01   4.8048000e-02
   9.2436200e-01  -6.4752900e-01   3.4202000e-02
   9.2440100e-01  -6.5970200e-01  -1.4533100e-01
   9.2441900e-01  -6.4758400e-01   1.3746700e-01
   9.2445600e-01  -6.4762100e-01   1.0977900e-01
   9.2449800e-01  -6.4766100e-01   2.7363000e-02
   9.2450500e-01  -6.0366000e-01   2.5878500e-01
   9.2451000e-01  -6.4767300e-01   1.4443200e-01
   9.2453600e-01  -6.5374500e-01   4.1187000e-02
   9.2453900e-01  -6.5374900e-01   1.0321400e-01
   9.2458300e-01  -6.5076200e-01   1.3771200e-01
   9.2464900e-01  -6.6608000e-01  -1.4584500e-01
   9.2466600e-01  -6.4782300e-01   6.8495000e-02
   9.2471800e-01  -6.4787400e-01   8.2245000e-02
   9.2482300e-01  -6.4500000e-01   1.3039300e-01
   9.2482800e-01  -6.5403100e-01   5.4956000e-02
   9.2486400e-01  -6.4504000e-01   8.9005000e-02
   9.2490500e-01  -6.5410600e-01  -1.6595200e-01
   9.2492500e-01  -6.4807500e-01   1.0293800e-01
   9.2500000e-01  -6.5419800e-01   6.8741000e-02
   9.2501000e-01  -6.4815700e-01   1.3062600e-01
   9.2502800e-01  -6.5726700e-01  -1.5221100e-01
   9.2502800e-01  -6.4519800e-01   1.7919200e-01
   9.2503800e-01  -6.4520800e-01   1.4430300e-01
   9.2506500e-01  -6.4821100e-01   7.5402000e-02
   9.2520900e-01  -6.4835000e-01   5.4809000e-02
   9.2524200e-01  -6.4540500e-01   8.2172000e-02
   9.2528200e-01  -6.4842100e-01  -1.5153800e-01
   9.2528700e-01  -6.5447800e-01   6.1874000e-02
   9.2531000e-01  -6.4844800e-01   1.5852200e-01
   9.2538000e-01  -6.5153800e-01   5.4907000e-02
   9.2538300e-01  -6.4554100e-01   1.2355900e-01
   9.2546500e-01  -6.5161900e-01   1.6580500e-01
   9.2557000e-01  -6.4870000e-01   1.2378000e-01
   9.2559000e-01  -6.4574100e-01   7.5335000e-02
   9.2561900e-01  -6.5480300e-01  -1.5908400e-01
   9.2564100e-01  -7.4089700e-01  -1.5188500e-01
   9.2566200e-01  -6.0471700e-01   2.5209400e-01
   9.2566900e-01  -6.4879600e-01   6.1708000e-02
   9.2577200e-01  -6.4889500e-01   8.9244000e-02
   9.2580400e-01  -6.4594700e-01   1.7235500e-01
   9.2589000e-01  -6.4603000e-01   9.6007000e-02
   9.2590700e-01  -6.4604700e-01   6.8495000e-02
   9.2591400e-01  -6.4605300e-01   1.1672000e-01
   9.2599400e-01  -6.4911000e-01   1.5167200e-01
   9.2610100e-01  -6.4921300e-01   1.1692900e-01
   9.2616800e-01  -6.4629800e-01   1.0293800e-01
   9.2617900e-01  -6.5231400e-01   1.5894400e-01
   9.2619500e-01  -6.4632400e-01   6.1653000e-02
   9.2619700e-01  -6.4032800e-01  -1.6492500e-01
   9.2641400e-01  -6.4653600e-01   1.0987700e-01
   9.2641900e-01  -6.5558400e-01   1.1734500e-01
   9.2645200e-01  -6.4657200e-01   5.4809000e-02
   9.2667900e-01  -6.4679100e-01   4.7962000e-02
   9.2686300e-01  -6.5297900e-01   1.5207600e-01
   9.2687600e-01  -6.4698100e-01   4.1114000e-02
   9.2692000e-01  -6.5607200e-01   1.1046500e-01
   9.2703700e-01  -6.3220200e-01  -1.6433800e-01
   9.2704200e-01  -6.4714200e-01   3.4264000e-02
   9.2709100e-01  -6.4418100e-01  -1.6536500e-01
   9.2716000e-01  -7.3255000e-01  -1.4407700e-01
   9.2743800e-01  -6.3852800e-01  -1.6492500e-01
   9.2751700e-01  -6.5361500e-01   1.4520300e-01
   9.2752500e-01  -6.5666300e-01   1.8767100e-01
   9.2755600e-01  -7.4634400e-01  -1.5252700e-01
   9.2780500e-01  -6.5998800e-01  -1.4571700e-01
   9.2780700e-01  -6.4487000e-01  -1.5852200e-01
   9.2797400e-01  -6.4804100e-01   1.6580500e-01
   9.2807200e-01  -6.5112300e-01  -1.4507400e-01
   9.2830800e-01  -6.5438500e-01  -1.5936600e-01
   9.2833300e-01  -6.5745200e-01   1.8078100e-01
   9.2836500e-01  -5.9293500e-01  -1.6807700e-01
   9.2843000e-01  -6.5754600e-01  -1.5261500e-01
   9.2869100e-01  -6.4873300e-01   1.5894400e-01
   9.2879600e-01  -6.0470500e-01   2.6688900e-01
   9.2885100e-01  -6.4587300e-01   4.1150000e-02
   9.2888200e-01  -6.5798800e-01   1.3167300e-01
   9.2893900e-01  -6.5499800e-01  -1.4546000e-01
   9.2898200e-01  -6.3108000e-01  -1.6448500e-01
   9.2899400e-01  -6.5505200e-01  -1.5248000e-01
   9.2901700e-01  -6.4603300e-01   3.4294000e-02
   9.2908500e-01  -6.5818600e-01  -1.4571700e-01
   9.2911200e-01  -6.5821200e-01   1.7388300e-01
   9.2937800e-01  -6.4939500e-01   1.5207600e-01
   9.2944500e-01  -6.5853800e-01   1.2477200e-01
   9.2966900e-01  -6.0838000e-01   2.4627000e-01
   9.2992200e-01  -5.8866900e-01  -1.6792400e-01
   9.2999200e-01  -6.0579300e-01   2.6017100e-01
   9.3010900e-01  -6.5010100e-01  -1.6624600e-01
   9.3046900e-01  -6.0049000e-01  -1.6899400e-01
   9.3048800e-01  -6.4443700e-01  -1.5880300e-01
   9.3056800e-01  -6.5963400e-01   1.6712600e-01
   9.3077000e-01  -6.0938500e-01   2.3953600e-01
   9.3091900e-01  -6.5692300e-01   1.8816600e-01
   9.3115700e-01  -6.0685400e-01   2.5344400e-01
   9.3117700e-01  -6.4509600e-01  -1.5194200e-01
   9.3128700e-01  -6.6033500e-01   1.6021000e-01
   9.3154100e-01  -6.5148200e-01  -1.5950600e-01
   9.3183500e-01  -6.4572600e-01  -1.4507400e-01
   9.3186300e-01  -6.3379500e-01  -1.5810000e-01
   9.3223000e-01  -6.5214700e-01  -1.5261500e-01
   9.3255400e-01  -6.3444600e-01  -1.5126900e-01
   9.3256200e-01  -6.1102200e-01   2.3300000e-01
   9.3258200e-01  -6.4945900e-01   1.8767100e-01
   9.3263300e-01  -6.6164900e-01   1.4635900e-01
   9.3268400e-01  -6.6169900e-01   1.5342200e-01
   9.3274800e-01  -6.0542000e-01   2.4648900e-01
   9.3297900e-01  -6.4081400e-01  -1.6580500e-01
   9.3326000e-01  -6.6226200e-01   1.3942600e-01
   9.3336600e-01  -6.2633200e-01  -1.6463200e-01
   9.3350700e-01  -6.3832500e-01  -1.5866200e-01
   9.3351400e-01  -6.1479500e-01   1.9147700e-01
   9.3359300e-01  -6.2949400e-01  -1.6492500e-01
   9.3359900e-01  -6.2070800e-01  -1.6419100e-01
   9.3360200e-01  -6.1197300e-01   2.2624300e-01
   9.3362400e-01  -6.0909900e-01   2.1889100e-01
   9.3363500e-01  -6.1200300e-01   2.0518800e-01
   9.3370100e-01  -6.4150000e-01  -1.5894400e-01
   9.3373500e-01  -6.0920000e-01   2.4714600e-01
   9.3384200e-01  -6.2386600e-01  -1.6448500e-01
   9.3385300e-01  -6.0642200e-01   2.3974900e-01
   9.3387500e-01  -6.0932800e-01   2.1194600e-01
   9.3388700e-01  -6.4467900e-01  -1.5922500e-01
   9.3409000e-01  -6.2700600e-01  -1.5781900e-01
   9.3419900e-01  -6.3898000e-01  -1.5180700e-01
   9.3439300e-01  -6.4215700e-01  -1.5207600e-01
   9.3454900e-01  -6.1283900e-01   1.9842200e-01
   9.3457200e-01  -6.0132600e-01  -1.6960500e-01
   9.3457900e-01  -6.4533800e-01  -1.5234500e-01
   9.3461100e-01  -6.1289500e-01   2.1947700e-01
   9.3467600e-01  -5.9573800e-01  -1.6914600e-01
   9.3478800e-01  -6.1015900e-01   2.2624300e-01
   9.3482200e-01  -6.1018900e-01   2.0518800e-01
   9.3484100e-01  -6.1020700e-01   2.4038800e-01
   9.3486500e-01  -6.1312700e-01   2.1251300e-01
   9.3492800e-01  -6.0739600e-01   2.3300000e-01
   9.3494600e-01  -6.0453300e-01   2.7529700e-01
   9.3504000e-01  -6.3084800e-01  -1.5824100e-01
   9.3529200e-01  -6.2521200e-01  -1.5781900e-01
   9.3563800e-01  -6.5239600e-01  -1.5301800e-01
   9.3573800e-01  -6.1392500e-01  -1.6389800e-01
   9.3573800e-01  -6.1102300e-01   1.9842200e-01
   9.3575400e-01  -6.0526300e-01   2.3996200e-01
   9.3591700e-01  -6.1118600e-01   2.3362200e-01
   9.3597500e-01  -6.3469100e-01  -1.6565900e-01
   9.3616000e-01  -6.1431100e-01   1.9181900e-01
   9.3617800e-01  -6.1142400e-01   2.7651100e-01
   9.3618400e-01  -6.0565200e-01   2.6854800e-01
   9.3623300e-01  -6.2900300e-01  -1.5126900e-01
   9.3639900e-01  -6.0584600e-01   2.5434500e-01
   9.3662300e-01  -6.1182900e-01   1.9164800e-01
   9.3664500e-01  -6.0895400e-01   2.7626800e-01
   9.3664800e-01  -5.8897600e-01  -1.6884100e-01
   9.3667000e-01  -6.0609000e-01   2.6155800e-01
   9.3681800e-01  -6.0622400e-01   2.4736500e-01
   9.3683100e-01  -6.0623600e-01   2.3320700e-01
   9.3692200e-01  -6.0920500e-01   1.9842200e-01
   9.3700100e-01  -6.3268200e-01   1.8668200e-01
   9.3718100e-01  -6.3285000e-01  -1.5167200e-01
   9.3765400e-01  -6.0986800e-01   2.6225100e-01
   9.3780900e-01  -6.1000900e-01   1.9164800e-01
   9.3788600e-01  -6.1007800e-01   2.6949600e-01
   9.3792800e-01  -6.3652600e-01   1.8717600e-01
   9.3814400e-01  -6.3672800e-01  -1.5908400e-01
   9.3816600e-01  -6.2787800e-01  -1.5140300e-01
   9.3818900e-01  -6.1908400e-01  -1.6463200e-01
   9.3853200e-01  -5.8780900e-01  -1.6899400e-01
   9.3883000e-01  -6.1093500e-01   2.5547000e-01
   9.3884000e-01  -6.3738200e-01  -1.5221100e-01
   9.3920100e-01  -5.9407000e-01  -1.6960500e-01
   9.3962100e-01  -6.0875600e-01   2.1986700e-01
   9.3989600e-01  -6.2358500e-01  -1.6521900e-01
   9.4005900e-01  -6.0915000e-01   2.2704700e-01
   9.4012000e-01  -6.1792900e-01  -1.5781900e-01
   9.4013900e-01  -6.2675500e-01  -1.5852200e-01
   9.4083800e-01  -6.2740100e-01  -1.5167200e-01
   9.4105100e-01  -6.1294900e-01   2.2765000e-01
   9.4135500e-01  -6.2492800e-01  -1.5852200e-01
   9.4147600e-01  -6.0753700e-01   1.9895300e-01
   9.4183100e-01  -6.1365600e-01   2.0665200e-01
   9.4183700e-01  -6.2243000e-01  -1.5838100e-01
   9.4206500e-01  -6.1096200e-01   2.1345900e-01
   9.4207100e-01  -6.1387300e-01   2.2084200e-01
   9.4229700e-01  -5.8545900e-01  -1.6929900e-01
   9.4253700e-01  -6.2307300e-01  -1.5153800e-01
   9.4264600e-01  -5.8858900e-01  -1.6960500e-01
   9.4302100e-01  -6.1182600e-01   2.0665200e-01
   9.4305900e-01  -6.1476900e-01   2.1402600e-01
   9.4311500e-01  -6.0615300e-01  -1.6419100e-01
   9.4321600e-01  -6.1200200e-01   1.9966100e-01
   9.4333500e-01  -7.4988000e-01  -1.3958200e-01
   9.4337900e-01  -6.1214900e-01   1.9267400e-01
   9.4370300e-01  -6.1244200e-01  -1.6477800e-01
   9.4390400e-01  -7.5049000e-01  -1.3226700e-01
   9.4397800e-01  -6.1560200e-01  -1.6507200e-01
   9.4424100e-01  -6.2758700e-01  -1.5207600e-01
   9.4449700e-01  -5.9305000e-01  -1.6331100e-01
   9.4456400e-01  -5.8179500e-01  -1.6929900e-01
   9.4471300e-01  -6.1626800e-01  -1.5824100e-01
   9.4497500e-01  -6.1943100e-01  -1.6551200e-01
   9.4523000e-01  -7.5869800e-01  -1.4787200e-01
   9.4532400e-01  -6.0813300e-01  -1.5767800e-01
   9.4541700e-01  -6.1690600e-01  -1.5140300e-01
   9.4567100e-01  -5.8557200e-01  -1.6975800e-01
   9.4571100e-01  -6.2010100e-01  -1.5866200e-01
   9.4579900e-01  -7.5252100e-01  -1.2515400e-01
   9.4636100e-01  -6.1193200e-01  -1.6507200e-01
   9.4641500e-01  -6.2074200e-01  -1.5180700e-01
   9.4664200e-01  -6.1509600e-01  -1.5838100e-01
   9.4667100e-01  -6.2391500e-01  -1.5207600e-01
   9.4672100e-01  -5.9500500e-01  -1.5683400e-01
   9.4709900e-01  -6.1259500e-01  -1.5824100e-01
   9.4717300e-01  -5.7566100e-01  -1.6914600e-01
   9.4724100e-01  -6.0695500e-01  -1.6477800e-01
   9.4734800e-01  -6.1573400e-01  -1.5153800e-01
   9.4736000e-01  -7.5760900e-01  -1.4799500e-01
   9.4787900e-01  -5.9317000e-01  -1.6375100e-01
   9.4798000e-01  -6.0761500e-01  -1.5795900e-01
   9.4811000e-01  -6.0196000e-01  -1.6448500e-01
   9.4824300e-01  -6.1074800e-01  -1.5126900e-01
   9.4831600e-01  -5.7941000e-01  -1.6960500e-01
   9.4868800e-01  -6.0824600e-01  -1.5113400e-01
   9.4934700e-01  -5.6637800e-01  -1.6868800e-01
   9.4957900e-01  -5.5833200e-01  -1.6807700e-01
   9.5063600e-01  -6.0708700e-01  -1.6521900e-01
   9.5076100e-01  -6.0142700e-01  -1.6477800e-01
   9.5085400e-01  -5.9577400e-01  -1.5739700e-01
   9.5093200e-01  -5.8447600e-01  -1.7036900e-01
   9.5150300e-01  -6.0208200e-01  -1.5795900e-01
   9.5174000e-01  -7.5888700e-01  -1.1860100e-01
   9.5201100e-01  -5.9392900e-01  -1.6433800e-01
   9.5211800e-01  -6.0840400e-01  -1.5852200e-01
   9.5255600e-01  -6.0589800e-01  -1.5838100e-01
   9.5282900e-01  -6.0903700e-01  -1.5167200e-01
   9.5284300e-01  -5.8329500e-01  -1.6360400e-01
   9.5296200e-01  -6.1786900e-01  -1.5234500e-01
   9.5316300e-01  -5.9207900e-01  -1.6433800e-01
   9.5316900e-01  -5.7517500e-01  -1.6991000e-01
   9.5326800e-01  -6.0652800e-01  -1.5153800e-01
   9.5358900e-01  -5.8393600e-01  -1.5683400e-01
   9.5431100e-01  -5.9022700e-01  -1.6433800e-01
   9.5465600e-01  -5.9337600e-01  -1.5767800e-01
   9.5470600e-01  -5.8772700e-01  -1.6419100e-01
   9.5503900e-01  -5.7396100e-01  -1.7006300e-01
   9.5510500e-01  -5.5467400e-01  -1.6853500e-01
   9.5537100e-01  -5.9399600e-01  -1.5086500e-01
   9.5555100e-01  -5.5778500e-01  -1.6884100e-01
   9.5577000e-01  -5.7738200e-01   2.9054700e-01
   9.5581300e-01  -5.8022900e-01  -1.7067400e-01
   9.5598800e-01  -5.6090000e-01  -1.6914600e-01
   9.5603900e-01  -6.0031300e-01  -1.5140300e-01
   9.5695300e-01  -5.8966400e-01  -1.5767800e-01
   9.5710500e-01  -6.0413000e-01  -1.5180700e-01
   9.5726100e-01  -5.7024800e-01  -1.7006300e-01
   9.5741600e-01  -6.0729900e-01  -1.5207600e-01
   9.5767000e-01  -5.9028200e-01  -1.5086500e-01
   9.5772000e-01  -5.8467900e-01  -1.6433800e-01
   9.5772000e-01  -5.7903600e-01  -1.6389800e-01
   9.5788700e-01  -7.7585100e-01  -1.5044300e-01
   9.5836700e-01  -5.7677300e-01   2.9105700e-01
   9.5845700e-01  -5.4295000e-01  -1.6807700e-01
   9.5881400e-01  -5.8842100e-01  -1.5086500e-01
   9.5922600e-01  -5.8031400e-01  -1.5725600e-01
   9.5955000e-01  -5.9476000e-01  -1.5838100e-01
   9.6021800e-01  -6.0108400e-01  -1.5894400e-01
   9.6026900e-01  -5.9538200e-01  -1.5153800e-01
   9.6031900e-01  -5.7281200e-01  -1.6375100e-01
   9.6056800e-01  -5.3119200e-01  -1.6746600e-01
   9.6071800e-01  -5.7594900e-01  -1.6404500e-01
   9.6093700e-01  -6.0171100e-01  -1.5207600e-01
   9.6110900e-01  -5.7909100e-01  -1.6433800e-01
   9.6123700e-01  -5.5971400e-01  -1.6287100e-01
   9.6186600e-01  -5.8538400e-01  -1.6492500e-01
   9.6200100e-01  -5.4855800e-01  -1.6899400e-01
   9.6223300e-01  -5.8853800e-01  -1.5824100e-01
   9.6252400e-01  -5.6909900e-01  -1.6375100e-01
   9.6258100e-01  -5.4358200e-01  -1.6868800e-01
   9.6261300e-01  -5.5533200e-01  -1.6960500e-01
   9.6262000e-01  -5.8602700e-01  -1.5810000e-01
   9.6291800e-01  -5.7218900e-01  -1.7098000e-01
   9.6295500e-01  -5.8915500e-01  -1.5140300e-01
   9.6296900e-01  -5.8348800e-01  -1.5100000e-01
   9.6334300e-01  -5.8664200e-01  -1.5126900e-01
   9.6334900e-01  -5.7535200e-01  -1.5739700e-01
   9.6370700e-01  -5.7284800e-01  -1.6419100e-01
   9.6407300e-01  -5.7595900e-01  -1.5059600e-01
   9.6459200e-01  -5.5970500e-01  -1.7021600e-01
   9.6480200e-01  -5.7099500e-01  -1.5725600e-01
   9.6511500e-01  -5.5489800e-01  -1.6991000e-01
   9.6518000e-01  -5.4294500e-01  -1.6899400e-01
   9.6623200e-01  -5.4107000e-01  -1.6899400e-01
   9.6651400e-01  -5.3050400e-01  -1.6823000e-01
   9.6658200e-01  -5.6410800e-01  -1.5697500e-01
   9.6667400e-01  -5.6975400e-01  -1.6433800e-01
   9.6677500e-01  -5.8104700e-01  -1.5824100e-01
   9.6715700e-01  -5.8420100e-01  -1.5852200e-01
   9.6723700e-01  -5.5910300e-01  -1.6360400e-01
   9.6731000e-01  -5.6470600e-01  -1.5019200e-01
   9.6750200e-01  -5.8165900e-01  -1.5140300e-01
   9.6788400e-01  -5.8481500e-01  -1.5167200e-01
   9.6799800e-01  -5.5972400e-01  -1.5683400e-01
   9.6819600e-01  -5.7101500e-01  -1.5767800e-01
   9.6826400e-01  -5.7665400e-01  -1.5810000e-01
   9.6854100e-01  -5.6850500e-01  -1.6448500e-01
   9.6859000e-01  -5.3482200e-01  -1.6884100e-01
   9.6892500e-01  -5.7161900e-01  -1.5086500e-01
   9.6899200e-01  -5.7726200e-01  -1.5126900e-01
   9.6930300e-01  -5.6913400e-01  -1.5767800e-01
   9.6933700e-01  -5.7476700e-01  -1.5113400e-01
   9.6997600e-01  -5.6411300e-01  -1.6433800e-01
   9.7003300e-01  -5.6973700e-01  -1.5086500e-01
   9.7048500e-01  -5.5541400e-01  -1.6375100e-01
   9.7074000e-01  -5.6473900e-01  -1.5753700e-01
   9.7103200e-01  -5.6219800e-01  -1.5046100e-01
   9.7147200e-01  -5.6533800e-01  -1.5073000e-01
   9.7192900e-01  -5.4287500e-01  -1.6991000e-01
   9.7215800e-01  -5.4851700e-01  -1.6345800e-01
   9.7300600e-01  -5.4100700e-01  -1.6301800e-01
   9.7350500e-01  -5.4412400e-01  -1.6331100e-01
   9.7358500e-01  -5.6178100e-01  -1.6463200e-01
   9.7433000e-01  -5.5852200e-01  -1.5753700e-01
   9.7435200e-01  -5.6240500e-01  -1.5781900e-01
   9.7455700e-01  -5.3409500e-01  -1.6960500e-01
   9.7465600e-01  -5.5598900e-01  -1.6433800e-01
   9.7476900e-01  -5.4786000e-01  -1.6375100e-01
   9.7481100e-01  -5.3159500e-01  -1.6945200e-01
   9.7494900e-01  -5.5349800e-01  -1.6419100e-01
   9.7497300e-01  -5.2102900e-01  -1.6868800e-01
   9.7501300e-01  -7.8735400e-01  -1.4528200e-01
   9.7506600e-01  -5.5911600e-01  -1.5073000e-01
   9.7508800e-01  -5.6300200e-01  -1.5100000e-01
   9.7524600e-01  -5.5098400e-01  -1.5711500e-01
   9.7533000e-01  -5.4284000e-01  -1.5655300e-01
   9.7542500e-01  -5.5660800e-01  -1.5753700e-01
   9.7555800e-01  -4.5691500e-01   2.5231500e-01
   9.7598300e-01  -5.5157200e-01  -1.5032700e-01
   9.7606800e-01  -5.4342300e-01  -1.4978800e-01
   9.7616200e-01  -5.5720100e-01  -1.5073000e-01
   9.7649200e-01  -5.5473400e-01  -1.5753700e-01
   9.7660200e-01  -5.4657700e-01  -1.5697500e-01
   9.7685700e-01  -5.2782700e-01  -1.6945200e-01
   9.7708900e-01  -5.4970500e-01  -1.5725600e-01
   9.7723000e-01  -5.5532600e-01  -1.5073000e-01
   9.7739400e-01  -5.3093200e-01  -1.6975800e-01
   9.7743700e-01  -5.3905400e-01  -1.6345800e-01
   9.7782800e-01  -5.5029300e-01  -1.5046100e-01
   9.7796000e-01  -5.3404000e-01  -1.6316400e-01
   9.7820100e-01  -5.3155700e-01  -1.6301800e-01
   9.7873500e-01  -5.3464200e-01  -1.5641200e-01
   9.7899000e-01  -5.4026900e-01  -1.5683400e-01
   9.7899000e-01  -5.1344100e-01  -1.6868800e-01
   9.7912900e-01  -5.2152900e-01  -1.6929900e-01
   9.7919500e-01  -5.1094700e-01  -1.6853500e-01
   9.7923200e-01  -5.2965600e-01  -1.6301800e-01
   9.8044800e-01  -5.4962400e-01  -1.5073000e-01
   9.8072600e-01  -5.2274500e-01  -1.6272400e-01
   9.8105500e-01  -5.4461800e-01  -1.6433800e-01
   9.8128100e-01  -5.2585000e-01  -1.6301800e-01
   9.8132600e-01  -5.3397300e-01  -1.5669300e-01
   9.8157600e-01  -5.3146300e-01  -1.5655300e-01
   9.8183100e-01  -5.4522800e-01  -1.5753700e-01
   9.8207000e-01  -5.3454900e-01  -1.4992300e-01
   9.8207200e-01  -5.4268200e-01  -1.5046100e-01
   9.8232100e-01  -5.3203600e-01  -1.4978800e-01
   9.8257500e-01  -5.4581200e-01  -1.5073000e-01
   9.8336800e-01  -5.3014000e-01  -1.7052200e-01
   9.8339000e-01  -5.3825600e-01  -1.5032700e-01
   9.8351300e-01  -5.1951000e-01  -1.6975800e-01
   9.8373200e-01  -5.0643200e-01  -1.6884100e-01
   9.8386800e-01  -5.2513600e-01  -1.5641200e-01
   9.8418200e-01  -5.3076500e-01  -1.6375100e-01
   9.8441900e-01  -5.2824800e-01  -1.5669300e-01
   9.8486500e-01  -5.2320900e-01  -1.7021600e-01
   9.8511700e-01  -5.2072100e-01  -1.6316400e-01
   9.8516700e-01  -5.2881900e-01  -1.4992300e-01
   9.8550300e-01  -5.4262800e-01  -1.6477800e-01
   9.8568100e-01  -5.2382800e-01  -1.6345800e-01
   9.8569100e-01  -5.0260800e-01  -1.6884100e-01
   9.8571000e-01  -5.3193700e-01  -1.5019200e-01
   9.8574800e-01  -5.3196600e-01  -1.5711500e-01
   9.8589900e-01  -5.2131200e-01  -1.5641200e-01
   9.8619200e-01  -5.2690500e-01  -1.4992300e-01
   9.8628400e-01  -5.4323700e-01  -1.5795900e-01
   9.8632200e-01  -8.0307000e-01  -1.4749200e-01
   9.8703100e-01  -5.4382000e-01  -1.5113400e-01
   9.8792300e-01  -5.1748400e-01  -1.6331100e-01
   9.8804100e-01  -5.2561700e-01  -1.5697500e-01
   9.8810600e-01  -5.1495400e-01  -1.7006300e-01
   9.8879200e-01  -5.2618700e-01  -1.5019200e-01
   9.8905900e-01  -5.0244200e-01  -1.6929900e-01
   9.8928900e-01  -5.2118500e-01  -1.6375100e-01
   9.8988700e-01  -5.1364500e-01  -1.7021600e-01
   9.9025900e-01  -4.6706000e-01   2.6357000e-01
   9.9086600e-01  -5.2237100e-01  -1.5711500e-01
   9.9094800e-01  -8.0089700e-01  -1.1644900e-01
   9.9139400e-01  -5.2546000e-01  -1.5046100e-01
   9.9162000e-01  -5.2293800e-01  -1.5032700e-01
   9.9187400e-01  -5.0979700e-01  -1.7021600e-01
   9.9210500e-01  -4.6833400e-01   2.7116600e-01
   9.9229600e-01  -5.1543500e-01  -1.6375100e-01
   9.9285500e-01  -4.6885100e-01   2.5029300e-01
   9.9289000e-01  -5.0789100e-01  -1.6331100e-01
   9.9308600e-01  -5.1602200e-01  -1.5697500e-01
   9.9368400e-01  -5.1911400e-01  -1.6419100e-01
   9.9402700e-01  -5.0342900e-01  -1.7006300e-01
   9.9447500e-01  -5.1970300e-01  -1.5739700e-01
   9.9447900e-01  -5.0905700e-01  -1.5669300e-01
   9.9463800e-01  -5.1717500e-01  -1.5032700e-01
   9.9500300e-01  -5.0149800e-01  -1.7006300e-01
   9.9504900e-01  -5.2282000e-01  -1.5767800e-01
   9.9523200e-01  -5.2026800e-01  -1.5059600e-01
   9.9565400e-01  -5.0461300e-01  -1.6345800e-01
   9.9568100e-01  -5.1527300e-01  -1.6419100e-01
   9.9580600e-01  -5.2338800e-01  -1.5086500e-01
   9.9590600e-01  -8.0982800e-01  -1.4097400e-01
   9.9647400e-01  -5.1585900e-01  -1.5739700e-01
   9.9723400e-01  -5.1642100e-01  -1.5059600e-01
   9.9728300e-01  -4.0713100e-01  -1.6425700e-01
   9.9731400e-01  -4.7192800e-01   2.4451700e-01
   9.9743300e-01  -5.0326000e-01  -1.6360400e-01
   9.9747600e-01  -5.1392500e-01  -1.6433800e-01
   9.9763400e-01  -5.1137200e-01  -1.5032700e-01
   9.9822900e-01  -5.0383700e-01  -1.5683400e-01
   9.9827100e-01  -5.1451100e-01  -1.5753700e-01
   9.9866500e-01  -5.0946400e-01  -1.6419100e-01
   9.9870600e-01  -5.0153700e-01   1.9842200e-01
   9.9899100e-01  -5.0438900e-01  -1.5005700e-01
   9.9903200e-01  -5.1507200e-01  -1.5073000e-01
   9.9922800e-01  -4.9666900e-01   2.4736500e-01
   9.9932300e-01  -4.9673700e-01   2.6878500e-01
   9.9946200e-01  -5.1004600e-01  -1.5739700e-01
   9.9962900e-01  -4.9695600e-01   2.0518800e-01
   9.9965000e-01  -4.9697100e-01   2.4038800e-01
   9.9966100e-01  -4.9172700e-01   2.6831100e-01
   9.9967800e-01  -4.9959700e-01   1.9842200e-01
   9.9975500e-01  -4.0623000e-01  -1.6456300e-01
   9.9985000e-01  -4.9972000e-01   1.9147700e-01
   9.9985600e-01  -4.9711900e-01   2.6178900e-01
   1.0002040e+00  -4.9473800e-01   2.3320700e-01
   1.0005240e+00  -4.9496600e-01   2.5457000e-01
   1.0006360e+00  -4.9767700e-01   1.9842200e-01
   1.0007670e+00  -4.8989400e-01  -1.7006300e-01
   1.0008080e+00  -4.9780000e-01   1.9147700e-01
   1.0008330e+00  -4.9781800e-01   2.3362200e-01
   1.0009860e+00  -4.9266900e-01   2.6155800e-01
   1.0010300e+00  -4.9270000e-01   2.1908600e-01
   1.0011110e+00  -4.9801700e-01  -1.7067400e-01
   1.0011200e+00  -4.9802400e-01   2.7651100e-01
   1.0011450e+00  -4.9804200e-01   2.5502000e-01
   1.0013530e+00  -4.9555700e-01   2.2644400e-01
   1.0014090e+00  -4.9559700e-01   2.4060200e-01
   1.0014830e+00  -4.9302200e-01   2.5457000e-01
   1.0015840e+00  -5.0361500e-01  -1.7113300e-01
   1.0017790e+00  -4.9586100e-01   2.4780400e-01
   1.0019090e+00  -4.9595300e-01   1.8453800e-01
   1.0019480e+00  -4.9598100e-01   2.1251300e-01
   1.0022310e+00  -4.9355300e-01  -1.7052200e-01
   1.0022460e+00  -4.8571200e-01   2.6109600e-01
   1.0022990e+00  -4.9886800e-01   2.1986700e-01
   1.0024040e+00  -4.9630600e-01   2.6225100e-01
   1.0024180e+00  -5.0421700e-01  -1.6433800e-01
   1.0025600e+00  -5.0166900e-01  -1.7113300e-01
   1.0026590e+00  -4.9648800e-01   2.6949600e-01
   1.0026590e+00  -4.7820300e-01   2.6040300e-01
   1.0027400e+00  -4.9391400e-01   2.4780400e-01
   1.0027780e+00  -4.9921100e-01   2.2704700e-01
   1.0028750e+00  -4.9664200e-01   2.7675400e-01
   1.0029930e+00  -4.9672700e-01   2.0573700e-01
   1.0029930e+00  -4.9146900e-01   2.6902200e-01
   1.0031540e+00  -4.9420900e-01   2.0555400e-01
   1.0032650e+00  -4.9692100e-01   2.1986700e-01
   1.0033790e+00  -4.9964100e-01   2.1308000e-01
   1.0034250e+00  -5.1294300e-01  -1.5113400e-01
   1.0034960e+00  -4.8398100e-01   2.1175700e-01
   1.0035290e+00  -4.9184800e-01   2.6202000e-01
   1.0035400e+00  -4.8662000e-01   2.5434500e-01
   1.0035560e+00  -4.9449400e-01   2.3382900e-01
   1.0036850e+00  -4.9722000e-01  -1.7098000e-01
   1.0038520e+00  -4.7903000e-01  -1.6975800e-01
   1.0039100e+00  -4.9474600e-01   2.2684600e-01
   1.0039450e+00  -4.8429500e-01   1.9789100e-01
   1.0039550e+00  -4.7910200e-01   2.5367000e-01
   1.0041400e+00  -4.8965800e-01  -1.7052200e-01
   1.0041650e+00  -4.9492700e-01   1.9877600e-01
   1.0042800e+00  -4.8713900e-01  -1.7036900e-01
   1.0043870e+00  -4.9245500e-01   2.1967200e-01
   1.0044140e+00  -4.8462200e-01  -1.7021600e-01
   1.0044160e+00  -4.7942100e-01   2.4670800e-01
   1.0044690e+00  -4.8466100e-01   2.7578200e-01
   1.0044930e+00  -4.9253000e-01   2.4802300e-01
   1.0045450e+00  -4.8471400e-01   2.0500500e-01
   1.0046280e+00  -4.9525600e-01   2.7699700e-01
   1.0047480e+00  -4.7965100e-01   2.7529700e-01
   1.0047590e+00  -4.9534900e-01   2.4124100e-01
   1.0047960e+00  -4.9274400e-01   2.7675400e-01
   1.0048010e+00  -4.8750500e-01   2.4758400e-01
   1.0048250e+00  -4.9276500e-01   2.5524500e-01
   1.0048690e+00  -4.9279600e-01   2.2684600e-01
   1.0049210e+00  -4.9283300e-01   2.4102800e-01
   1.0049230e+00  -4.8497800e-01   1.9113500e-01
   1.0049830e+00  -4.9025100e-01   2.5502000e-01
   1.0051190e+00  -4.8772800e-01  -1.6360400e-01
   1.0051250e+00  -4.9297600e-01   1.9877600e-01
   1.0051430e+00  -4.9562100e-01   1.9199000e-01
   1.0051620e+00  -5.0091800e-01  -1.6448500e-01
   1.0052820e+00  -4.9572000e-01   1.8503300e-01
   1.0052990e+00  -4.9310000e-01   1.9181900e-01
   1.0053270e+00  -4.9839100e-01  -1.6433800e-01
   1.0055800e+00  -4.8543700e-01   2.6178900e-01
   1.0056060e+00  -4.9859100e-01   1.9930700e-01
   1.0056270e+00  -5.0653400e-01  -1.5795900e-01
   1.0056430e+00  -4.8027100e-01   2.3996200e-01
   1.0058390e+00  -4.8561800e-01   2.6902200e-01
   1.0060280e+00  -4.8836500e-01   2.4081500e-01
   1.0060540e+00  -5.1218300e-01  -1.5838100e-01
   1.0061120e+00  -4.9631000e-01   2.1326900e-01
   1.0061200e+00  -4.8060200e-01   2.6854800e-01
   1.0061310e+00  -4.9896500e-01  -1.5753700e-01
   1.0061640e+00  -4.8323600e-01  -1.7036900e-01
   1.0062450e+00  -4.9114100e-01   2.4824200e-01
   1.0063960e+00  -5.0708900e-01  -1.5113400e-01
   1.0064190e+00  -4.8864000e-01   2.3382900e-01
   1.0064850e+00  -4.8868600e-01   2.6949600e-01
   1.0065850e+00  -4.9928900e-01   1.9250300e-01
   1.0068220e+00  -5.1274300e-01  -1.5153800e-01
   1.0068360e+00  -4.8109800e-01   2.3320700e-01
   1.0068790e+00  -4.8634500e-01   2.5502000e-01
   1.0069010e+00  -4.9951400e-01  -1.5073000e-01
   1.0069100e+00  -4.9424000e-01   2.3445000e-01
   1.0070480e+00  -4.9433700e-01   1.8519700e-01
   1.0070740e+00  -4.9435500e-01   2.1326900e-01
   1.0074110e+00  -5.0515700e-01  -1.6507200e-01
   1.0075770e+00  -4.8945200e-01   2.2704700e-01
   1.0076860e+00  -4.8690800e-01  -1.6389800e-01
   1.0078970e+00  -4.8967700e-01   2.2006200e-01
   1.0079060e+00  -4.9758400e-01  -1.6463200e-01
   1.0079950e+00  -4.8190100e-01   2.2644400e-01
   1.0080420e+00  -4.8715700e-01   2.1986700e-01
   1.0080630e+00  -4.9505500e-01  -1.6448500e-01
   1.0081250e+00  -4.9509900e-01   2.0646900e-01
   1.0081450e+00  -4.8722900e-01   2.4824200e-01
   1.0082130e+00  -4.9252700e-01  -1.6433800e-01
   1.0082160e+00  -5.0573600e-01  -1.5824100e-01
   1.0083800e+00  -5.0322300e-01  -1.5810000e-01
   1.0085250e+00  -4.8749500e-01   2.2704700e-01
   1.0085760e+00  -4.8753000e-01   2.4124100e-01
   1.0086680e+00  -4.9284700e-01   2.3465700e-01
   1.0087110e+00  -4.9287700e-01   2.7044400e-01
   1.0089860e+00  -4.9044100e-01   2.1326900e-01
   1.0089870e+00  -5.0629100e-01  -1.5140300e-01
   1.0090710e+00  -4.9313100e-01   2.4188000e-01
   1.0091200e+00  -4.8268100e-01   2.1967200e-01
   1.0091520e+00  -5.0377600e-01  -1.5126900e-01
   1.0092350e+00  -4.9061600e-01   2.0628600e-01
   1.0092550e+00  -4.9326100e-01   2.6340600e-01
   1.0092980e+00  -4.9329100e-01   1.9948400e-01
   1.0093050e+00  -4.8803900e-01  -1.5725600e-01
   1.0094760e+00  -4.9341700e-01   1.9250300e-01
   1.0095200e+00  -4.9873000e-01  -1.5795900e-01
   1.0096370e+00  -4.9353000e-01   2.1364800e-01
   1.0097160e+00  -4.9358500e-01   2.7796900e-01
   1.0097660e+00  -4.7794800e-01  -1.7052200e-01
   1.0097720e+00  -4.8836600e-01   2.3445000e-01
   1.0098280e+00  -4.9366400e-01   2.2785200e-01
   1.0098880e+00  -4.9370700e-01   2.0665200e-01
   1.0101850e+00  -4.8603300e-01   2.7724000e-01
   1.0102540e+00  -4.9133100e-01   1.9948400e-01
   1.0102740e+00  -4.8609500e-01   2.2724800e-01
   1.0102930e+00  -4.9927900e-01  -1.5113400e-01
   1.0104250e+00  -4.9408500e-01   1.8569200e-01
   1.0105960e+00  -4.8632000e-01   2.2025700e-01
   1.0107190e+00  -4.8902800e-01   1.8536200e-01
   1.0107870e+00  -4.9170400e-01  -1.5767800e-01
   1.0108830e+00  -4.8651900e-01   2.1326900e-01
   1.0109540e+00  -4.9445700e-01   2.2103700e-01
   1.0111950e+00  -4.8411800e-01  -1.6419100e-01
   1.0112390e+00  -4.9202200e-01   1.9267400e-01
   1.0113820e+00  -4.9212200e-01   1.8569200e-01
   1.0114670e+00  -4.9218100e-01   2.7821200e-01
   1.0115080e+00  -4.7654500e-01   1.7067400e-01
   1.0115220e+00  -4.8696300e-01   2.3465700e-01
   1.0115620e+00  -4.9224800e-01  -1.5086500e-01
   1.0115640e+00  -4.8699300e-01   2.7044400e-01
   1.0117030e+00  -4.8971500e-01  -1.5073000e-01
   1.0121000e+00  -4.8213100e-01  -1.7113300e-01
   1.0122580e+00  -4.9537600e-01  -1.5810000e-01
   1.0123550e+00  -4.7712500e-01   1.6389800e-01
   1.0123710e+00  -4.5908500e-01   4.0414000e-02
   1.0126780e+00  -4.7734600e-01   1.0201900e-01
   1.0126890e+00  -4.8777600e-01  -1.6463200e-01
   1.0127470e+00  -4.8781600e-01   2.0665200e-01
   1.0129100e+00  -4.8792900e-01   2.6363700e-01
   1.0129110e+00  -4.9848400e-01  -1.5838100e-01
   1.0129660e+00  -4.7754300e-01   1.0889700e-01
   1.0129800e+00  -4.5948900e-01   4.7189000e-02
   1.0130340e+00  -4.9592300e-01  -1.5126900e-01
   1.0131420e+00  -4.8809100e-01   1.9267400e-01
   1.0131680e+00  -4.7768100e-01   1.5711500e-01
   1.0131780e+00  -4.7768800e-01   9.5235000e-02
   1.0131940e+00  -4.1204000e-01  -1.6008300e-01
   1.0132180e+00  -4.7771500e-01   1.1578300e-01
   1.0132480e+00  -4.7513700e-01  -1.7082700e-01
   1.0132750e+00  -4.7515500e-01   1.5697500e-01
   1.0132790e+00  -4.7515800e-01   1.6389800e-01
   1.0133930e+00  -4.5976400e-01   3.3712000e-02
   1.0134350e+00  -4.7786400e-01   1.2267700e-01
   1.0135480e+00  -4.5986700e-01   2.6971000e-02
   1.0136160e+00  -4.7798800e-01   1.2957900e-01
   1.0136430e+00  -4.7800600e-01   8.8448000e-02
   1.0136870e+00  -4.9903400e-01  -1.5153800e-01
   1.0137620e+00  -4.8327800e-01  -1.6448500e-01
   1.0137700e+00  -4.8852800e-01   1.9983800e-01
   1.0138720e+00  -4.7816300e-01   1.4340400e-01
   1.0138860e+00  -4.7817200e-01   1.7808000e-01
   1.0139460e+00  -4.7821400e-01   1.5032700e-01
   1.0139550e+00  -4.7821900e-01  -1.7113300e-01
   1.0140540e+00  -4.7568600e-01   1.5019200e-01
   1.0140730e+00  -4.7830100e-01   8.1657000e-02
   1.0140950e+00  -4.8875400e-01   1.8585700e-01
   1.0142200e+00  -4.8884100e-01   2.5682100e-01
   1.0144470e+00  -4.8637200e-01  -1.5781900e-01
   1.0145750e+00  -4.8383900e-01  -1.5767800e-01
   1.0145810e+00  -4.7864800e-01   1.3661000e-01
   1.0146960e+00  -4.8917200e-01   2.4977500e-01
   1.0148810e+00  -4.7625000e-01   1.7113300e-01
   1.0148850e+00  -4.7106300e-01   1.3624300e-01
   1.0149000e+00  -4.7366500e-01   1.4327500e-01
   1.0152260e+00  -4.8691100e-01  -1.5100000e-01
   1.0155600e+00  -4.7151900e-01   1.2946300e-01
   1.0156180e+00  -4.7675200e-01   1.4353200e-01
   1.0157300e+00  -4.7163400e-01   1.0889700e-01
   1.0158340e+00  -4.7429900e-01   1.5725600e-01
   1.0158370e+00  -4.7430100e-01   1.6419100e-01
   1.0158610e+00  -4.8735100e-01   2.1421500e-01
   1.0159360e+00  -4.9003500e-01   2.4294600e-01
   1.0159370e+00  -4.7177300e-01   1.6404500e-01
   1.0159830e+00  -4.7180500e-01   1.1578300e-01
   1.0161160e+00  -4.7969900e-01   7.4998000e-02
   1.0161830e+00  -4.7713700e-01   1.2981200e-01
   1.0162010e+00  -4.7195200e-01   1.2267700e-01
   1.0162910e+00  -4.6942300e-01   1.2256700e-01
   1.0163280e+00  -4.7723600e-01   1.3673300e-01
   1.0163580e+00  -4.7725600e-01   1.0919100e-01
   1.0164370e+00  -4.7991800e-01  -1.6463200e-01
   1.0164740e+00  -4.6954600e-01   1.2946300e-01
   1.0165490e+00  -4.7738600e-01  -1.6448500e-01
   1.0166090e+00  -4.7742700e-01   1.1609600e-01
   1.0166400e+00  -4.7224900e-01   1.4340400e-01
   1.0167140e+00  -4.7229900e-01   1.5032700e-01
   1.0167530e+00  -4.7232500e-01   1.5725600e-01
   1.0168240e+00  -4.7757400e-01   1.2300800e-01
   1.0168470e+00  -4.6979800e-01   1.5711500e-01
   1.0168640e+00  -4.7760100e-01   4.0856000e-02
   1.0168940e+00  -4.7762200e-01   1.0238700e-01
   1.0170540e+00  -4.7773000e-01   3.4049000e-02
   1.0170920e+00  -4.7255400e-01   1.0220300e-01
   1.0172090e+00  -4.7783600e-01   2.7241000e-02
   1.0172360e+00  -4.7265100e-01   8.8527000e-02
   1.0172530e+00  -4.8047700e-01  -1.5781900e-01
   1.0173030e+00  -4.8051100e-01   6.8250000e-02
   1.0173300e+00  -4.7791900e-01   2.0431000e-02
   1.0173660e+00  -4.7794300e-01  -1.5767800e-01
   1.0173960e+00  -4.7796400e-01   9.5578000e-02
   1.0174350e+00  -4.7538500e-01   1.5059600e-01
   1.0174390e+00  -4.7538800e-01   1.7143800e-01
   1.0174570e+00  -4.3206100e-01  -1.7553800e-01
   1.0175420e+00  -4.7285800e-01  -1.7128600e-01
   1.0175650e+00  -4.9116800e-01  -1.5852200e-01
   1.0176300e+00  -4.7032400e-01   1.5032700e-01
   1.0176310e+00  -4.8073500e-01   6.1432000e-02
   1.0177120e+00  -4.6263400e-01   5.4220000e-02
   1.0178640e+00  -4.7828200e-01   8.8766000e-02
   1.0179490e+00  -4.8357100e-01  -1.6507200e-01
   1.0181350e+00  -4.7586000e-01   2.7241000e-02
   1.0181480e+00  -4.7847600e-01  -1.5086500e-01
   1.0182090e+00  -4.6812500e-01   1.2957900e-01
   1.0182560e+00  -4.7594200e-01   2.0431000e-02
   1.0182950e+00  -4.7077200e-01   1.0909300e-01
   1.0182960e+00  -4.7857700e-01   8.1951000e-02
   1.0183170e+00  -4.2013200e-01  -1.6125700e-01
   1.0183460e+00  -4.9171200e-01  -1.5167200e-01
   1.0183780e+00  -4.7082800e-01   1.4353200e-01
   1.0184090e+00  -4.8126800e-01   4.0966000e-02
   1.0184300e+00  -4.7345900e-01   6.8127000e-02
   1.0184370e+00  -4.6569400e-01   1.3636500e-01
   1.0184660e+00  -4.6829700e-01   1.4340400e-01
   1.0184920e+00  -4.7090500e-01   1.6433800e-01
   1.0185620e+00  -4.7875800e-01   6.1432000e-02
   1.0185990e+00  -4.8139800e-01   3.4141000e-02
   1.0186950e+00  -4.7884900e-01   7.5133000e-02
   1.0187290e+00  -4.6073700e-01   2.0321000e-02
   1.0187520e+00  -4.7627900e-01   1.3004400e-01
   1.0187590e+00  -4.7368100e-01   6.1322000e-02
   1.0188330e+00  -4.7113400e-01   1.0229500e-01
   1.0188570e+00  -4.7895900e-01   5.4612000e-02
   1.0188950e+00  -4.7637600e-01   1.3697800e-01
   1.0190580e+00  -4.7909700e-01   6.8311000e-02
   1.0190750e+00  -4.7649800e-01  -1.7174400e-01
   1.0190910e+00  -4.7130800e-01   1.3673300e-01
   1.0191160e+00  -4.7913600e-01   4.7790000e-02
   1.0191160e+00  -4.6614700e-01   1.2957900e-01
   1.0191610e+00  -4.2313900e-01  -1.6838200e-01
   1.0191800e+00  -4.6877500e-01   1.3661000e-01
   1.0192900e+00  -8.3126500e-01  -1.1222300e-01
   1.0193140e+00  -4.7405600e-01   4.7704000e-02
   1.0193700e+00  -4.6890300e-01  -1.7128600e-01
   1.0194020e+00  -4.6892500e-01   1.5739700e-01
   1.0194430e+00  -4.7674800e-01   4.0930000e-02
   1.0194980e+00  -4.6382100e-01   2.0358000e-02
   1.0196340e+00  -4.7687700e-01   3.4110000e-02
   1.0197600e+00  -4.6657700e-01   1.2278800e-01
   1.0198190e+00  -4.7700300e-01   1.7887400e-01
   1.0198500e+00  -4.1120500e-01  -1.6096300e-01
   1.0199300e+00  -4.7707800e-01  -1.6492500e-01
   1.0200030e+00  -4.7712800e-01   1.1640800e-01
   1.0200260e+00  -4.7193700e-01   1.7855700e-01
   1.0200340e+00  -4.7454300e-01  -1.6477800e-01
   1.0201760e+00  -4.7203800e-01   6.8189000e-02
   1.0201870e+00  -4.6945100e-01   1.5059600e-01
   1.0202170e+00  -4.7727300e-01   1.2333900e-01
   1.0202400e+00  -4.7208100e-01   8.1877000e-02
   1.0202480e+00  -4.8775300e-01  -1.5167200e-01
   1.0202860e+00  -4.6951700e-01   1.1609600e-01
   1.0203110e+00  -4.6694400e-01   1.5739700e-01
   1.0203980e+00  -4.8525500e-01  -1.5852200e-01
   1.0204040e+00  -4.8263300e-01   2.7363000e-02
   1.0205030e+00  -4.6966200e-01   1.2300800e-01
   1.0205060e+00  -4.7226000e-01   6.1377000e-02
   1.0205730e+00  -4.6971000e-01   1.0238700e-01
   1.0205770e+00  -4.7751700e-01   1.0958300e-01
   1.0206710e+00  -4.6718500e-01   6.1267000e-02
   1.0207440e+00  -4.6464900e-01   6.1212000e-02
   1.0208010e+00  -4.7245800e-01   5.4563000e-02
   1.0208550e+00  -4.7509700e-01  -1.5795900e-01
   1.0208610e+00  -4.6990200e-01   1.0928900e-01
   1.0208740e+00  -4.7771900e-01   8.2098000e-02
   1.0208960e+00  -4.7512500e-01   9.5750000e-02
   1.0209180e+00  -4.7253700e-01  -1.7174400e-01
   1.0209180e+00  -4.7253700e-01   1.7174400e-01
   1.0209660e+00  -4.6738200e-01   5.4465000e-02
   1.0210120e+00  -4.7000400e-01   1.7159100e-01
   1.0210230e+00  -4.7260800e-01   1.1630400e-01
   1.0210780e+00  -4.7004800e-01   9.5578000e-02
   1.0210970e+00  -4.6746900e-01   1.5059600e-01
   1.0211160e+00  -4.7788300e-01   1.0275400e-01
   1.0211360e+00  -4.6749500e-01   1.6448500e-01
   1.0211820e+00  -4.8579400e-01  -1.5167200e-01
   1.0211960e+00  -4.6753500e-01   1.1609600e-01
   1.0212220e+00  -4.8319300e-01   5.4809000e-02
   1.0212270e+00  -4.6755600e-01   4.7661000e-02
   1.0214530e+00  -4.6770600e-01   4.0856000e-02
   1.0214820e+00  -4.8337100e-01   4.7962000e-02
   1.0215360e+00  -4.7555800e-01   5.4661000e-02
   1.0215480e+00  -4.7036300e-01   8.8766000e-02
   1.0216200e+00  -4.7822500e-01   9.5921000e-02
   1.0216360e+00  -4.6782900e-01   7.4998000e-02
   1.0216400e+00  -4.7562800e-01  -1.5113400e-01
   1.0217710e+00  -4.6791900e-01   1.0928900e-01
   1.0217750e+00  -4.7311400e-01  -1.6492500e-01
   1.0218000e+00  -4.7573600e-01   8.2098000e-02
   1.0218480e+00  -4.6797000e-01   1.4378900e-01
   1.0218700e+00  -4.7057800e-01   1.6477800e-01
   1.0219830e+00  -4.7065400e-01   8.1951000e-02
   1.0220010e+00  -4.6807300e-01   6.8189000e-02
   1.0220230e+00  -4.7588700e-01   4.1003000e-02
   1.0220900e+00  -4.7854400e-01   8.9085000e-02
   1.0221160e+00  -4.7334300e-01   4.0966000e-02
   1.0221550e+00  -4.8120700e-01   1.7951000e-01
   1.0222000e+00  -4.7600600e-01   7.5267000e-02
   1.0223120e+00  -4.6828000e-01   1.0247800e-01
   1.0223700e+00  -4.7612200e-01   2.7339000e-02
   1.0223800e+00  -4.7612800e-01   1.7919200e-01
   1.0223880e+00  -4.7874700e-01  -1.5838100e-01
   1.0224550e+00  -4.7617900e-01   1.7220200e-01
   1.0224590e+00  -4.6837800e-01   8.8766000e-02
   1.0224630e+00  -4.7357700e-01   2.7314000e-02
   1.0224640e+00  -4.7879800e-01   6.8495000e-02
   1.0225850e+00  -4.7365900e-01   2.0487000e-02
   1.0225970e+00  -4.7366700e-01  -1.5810000e-01
   1.0226430e+00  -4.7369800e-01   9.5836000e-02
   1.0227190e+00  -4.7374900e-01   4.7833000e-02
   1.0227950e+00  -4.7902300e-01   6.1653000e-02
   1.0228170e+00  -4.6861700e-01   9.5664000e-02
   1.0228950e+00  -4.6866900e-01   8.1951000e-02
   1.0230380e+00  -4.5846500e-01  -1.7113300e-01
   1.0230420e+00  -4.7657600e-01   3.4202000e-02
   1.0230900e+00  -4.7922300e-01   5.4809000e-02
   1.0231130e+00  -4.7401500e-01   8.9005000e-02
   1.0231360e+00  -4.7403000e-01   3.4172000e-02
   1.0231750e+00  -4.7928100e-01  -1.5153800e-01
   1.0232120e+00  -4.7147800e-01   7.5200000e-02
   1.0233510e+00  -4.7940000e-01   4.7962000e-02
   1.0234720e+00  -4.6646200e-01   1.3697800e-01
   1.0237500e+00  -4.7967100e-01   7.5470000e-02
   1.0237590e+00  -4.8492900e-01  -1.5194200e-01
   1.0239500e+00  -4.7457800e-01   7.5335000e-02
   1.0241550e+00  -4.6691600e-01   1.3016100e-01
   1.0242050e+00  -4.7214400e-01   5.4710000e-02
   1.0242060e+00  -4.7475000e-01  -1.5140300e-01
   1.0242210e+00  -4.7215400e-01   1.7919200e-01
   1.0243890e+00  -4.6966600e-01  -1.7205000e-01
   1.0244070e+00  -4.7227900e-01   6.8434000e-02
   1.0247380e+00  -4.7250100e-01   6.1598000e-02
   1.0252110e+00  -4.7021500e-01   1.7220200e-01
   1.0252970e+00  -4.7287500e-01   4.7919000e-02
   1.0253040e+00  -4.6767900e-01   1.5113400e-01
   1.0253380e+00  -4.6770200e-01   1.5810000e-01
   1.0253810e+00  -4.6513900e-01  -1.7189700e-01
   1.0254020e+00  -4.6774500e-01   6.8373000e-02
   1.0254470e+00  -4.6262600e-01  -1.7174400e-01
   1.0255530e+00  -4.6011500e-01  -1.6463200e-01
   1.0255810e+00  -4.5755900e-01  -1.7143800e-01
   1.0258010e+00  -4.7060800e-01   3.4202000e-02
   1.0258050e+00  -4.7844300e-01   2.0579000e-02
   1.0259570e+00  -4.7071300e-01   1.7935100e-01
   1.0259580e+00  -4.7071300e-01   2.7363000e-02
   1.0259780e+00  -4.7333200e-01  -1.6551200e-01
   1.0260590e+00  -4.6818100e-01   1.4430300e-01
   1.0260800e+00  -4.7079500e-01   2.0524000e-02
   1.0263090e+00  -4.6319400e-01  -1.6492500e-01
   1.0263530e+00  -4.7358300e-01   4.1114000e-02
   1.0263800e+00  -4.6065800e-01  -1.5781900e-01
   1.0265460e+00  -4.7371200e-01   3.4264000e-02
   1.0267030e+00  -4.7381700e-01   2.7413000e-02
   1.0267130e+00  -4.2282000e-01  -1.6257700e-01
   1.0268040e+00  -4.7388500e-01  -1.5866200e-01
   1.0268250e+00  -4.7389900e-01   2.0560000e-02
   1.0268660e+00  -4.7131900e-01  -1.5153800e-01
   1.0269450e+00  -4.6877000e-01  -1.7235500e-01
   1.0269850e+00  -4.6879600e-01   1.6536500e-01
   1.0277180e+00  -4.7188800e-01  -1.6565900e-01
   1.0277680e+00  -4.6931700e-01   1.7250800e-01
   1.0278080e+00  -4.6934400e-01  -1.6551200e-01
   1.0281140e+00  -4.6954700e-01   1.2378000e-01
   1.0281240e+00  -4.5664500e-01  -1.7174400e-01
   1.0281800e+00  -4.5411000e-01  -1.7159100e-01
   1.0285460e+00  -4.7244000e-01  -1.5880300e-01
   1.0287290e+00  -4.6995600e-01   1.1692900e-01
   1.0287900e+00  -4.6482900e-01  -1.5838100e-01
   1.0291040e+00  -4.4958000e-01  -1.7143800e-01
   1.0291780e+00  -4.7025400e-01   8.9324000e-02
   1.0293090e+00  -4.7034100e-01   1.1007300e-01
   1.0294610e+00  -4.7044200e-01  -1.5880300e-01
   1.0295430e+00  -4.6789300e-01  -1.6565900e-01
   1.0295840e+00  -4.6535200e-01  -1.5153800e-01
   1.0296170e+00  -4.7054600e-01   8.2466000e-02
   1.0298570e+00  -4.5519700e-01   2.0468000e-02
   1.0298760e+00  -4.5520900e-01  -1.6492500e-01
   1.0299750e+00  -4.4758100e-01  -1.7143800e-01
   1.0300210e+00  -4.7081400e-01   7.5605000e-02
   1.0303640e+00  -4.7104200e-01   9.6350000e-02
   1.0306480e+00  -4.5828700e-01  -1.6521900e-01
   1.0306720e+00  -4.5572500e-01  -1.5113400e-01
   1.0307080e+00  -4.5574800e-01  -1.5810000e-01
   1.0308040e+00  -4.5067200e-01  -1.6477800e-01
   1.0309800e+00  -4.7145200e-01   1.8014500e-01
   1.0311980e+00  -4.6898900e-01  -1.5894400e-01
   1.0314120e+00  -4.6137000e-01  -1.6551200e-01
   1.0314850e+00  -4.5883200e-01   2.0524000e-02
   1.0315120e+00  -4.7180500e-01   1.0339800e-01
   1.0315510e+00  -4.5372000e-01  -1.7205000e-01
   1.0316370e+00  -4.5120700e-01  -1.5795900e-01
   1.0317370e+00  -4.3853800e-01  -1.7113300e-01
   1.0322450e+00  -4.6191400e-01  -1.5866200e-01
   1.0324340e+00  -4.5172000e-01  -1.5113400e-01
   1.0325090e+00  -4.4664200e-01  -1.7174400e-01
   1.0326850e+00  -4.4167800e-01   6.8050000e-03
   1.0327030e+00  -4.4169000e-01   0.0000000e+00
   1.0333650e+00  -4.4465900e-01  -1.7174400e-01
   1.0333800e+00  -4.4719700e-01  -1.6492500e-01
   1.0338550e+00  -4.4749900e-01  -1.3027700e-01
   1.0340830e+00  -4.5535400e-01  -1.6551200e-01
   1.0341760e+00  -4.5026900e-01  -1.6521900e-01
   1.0342160e+00  -4.4772900e-01  -1.5810000e-01
   1.0342590e+00  -4.2243500e-01  -1.6360400e-01
   1.0342620e+00  -4.3758300e-01  -1.7143800e-01
   1.0347580e+00  -4.4554300e-01  -8.8926000e-02
   1.0348000e+00  -4.6098900e-01  -1.5894400e-01
   1.0348370e+00  -4.4812500e-01  -1.3734500e-01
   1.0349180e+00  -4.5589300e-01  -1.5866200e-01
   1.0351060e+00  -4.5086300e-01   1.3683000e-02
   1.0351500e+00  -4.4579200e-01   1.3658000e-02
   1.0352010e+00  -4.4582400e-01  -8.2098000e-02
   1.0354280e+00  -4.4596800e-01  -4.1003000e-02
   1.0358150e+00  -4.4110200e-01  -2.7290000e-02
   1.0358230e+00  -4.5389600e-01   2.0560000e-02
   1.0358600e+00  -4.5134500e-01   2.0542000e-02
   1.0358970e+00  -4.4370700e-01  -1.7205000e-01
   1.0359080e+00  -4.4627200e-01  -1.6521900e-01
   1.0359390e+00  -4.4118000e-01  -2.0468000e-02
   1.0359480e+00  -4.3609700e-01  -1.7159100e-01
   1.0359790e+00  -4.4885200e-01   1.3683000e-02
   1.0359810e+00  -4.4631800e-01  -6.8434000e-02
   1.0360020e+00  -4.4377300e-01  -6.8373000e-02
   1.0363180e+00  -4.4653200e-01  -6.1598000e-02
   1.0363390e+00  -4.4398600e-01  -6.1543000e-02
   1.0364670e+00  -4.4662700e-01  -3.4202000e-02
   1.0366190e+00  -4.4672300e-01  -5.4760000e-02
   1.0366400e+00  -4.4417600e-01  -5.4710000e-02
   1.0366880e+00  -4.4930400e-01  -1.5153800e-01
   1.0367460e+00  -4.4680400e-01  -1.5838100e-01
   1.0367720e+00  -4.4426000e-01  -1.6521900e-01
   1.0368030e+00  -4.4684000e-01  -9.6007000e-02
   1.0368310e+00  -4.4685800e-01  -1.1672000e-01
   1.0368850e+00  -4.4689200e-01  -4.7919000e-02
   1.0369060e+00  -4.4434400e-01  -4.7876000e-02
   1.0369350e+00  -4.3925700e-01   6.8230000e-03
   1.0372940e+00  -4.4715100e-01  -7.5402000e-02
   1.0373720e+00  -4.4720100e-01  -1.3759000e-01
   1.0374180e+00  -4.4723000e-01  -1.0987700e-01
   1.0374550e+00  -4.4979200e-01  -1.4468900e-01
   1.0375150e+00  -4.5240400e-01  -1.5880300e-01
   1.0375490e+00  -4.4731300e-01  -1.5153800e-01
   1.0376110e+00  -4.4479000e-01  -1.5838100e-01
   1.0376510e+00  -4.3970500e-01  -1.6507200e-01
   1.0378010e+00  -4.3979900e-01   0.0000000e+00
   1.0380670e+00  -4.4764200e-01  -1.3074200e-01
   1.0381320e+00  -4.4000600e-01  -1.3039300e-01
   1.0381940e+00  -4.4259800e-01  -3.4202000e-02
   1.0383160e+00  -4.4780000e-01  -1.4468900e-01
   1.0383450e+00  -4.4525300e-01  -1.4456000e-01
   1.0384920e+00  -4.4023100e-01  -1.5824100e-01
   1.0385670e+00  -4.4283300e-01  -1.3683000e-02
   1.0387030e+00  -4.5058700e-01  -1.2400000e-01
   1.0387920e+00  -4.4041900e-01  -1.2355900e-01
   1.0390040e+00  -4.4566900e-01  -7.5470000e-02
   1.0390780e+00  -4.4571600e-01  -1.3771200e-01
   1.0391180e+00  -4.4062400e-01  -1.3746700e-01
   1.0391420e+00  -8.5633400e-01  -1.3973100e-01
   1.0392970e+00  -4.4073600e-01  -1.5140300e-01
   1.0393070e+00  -4.4329900e-01  -1.6551200e-01
   1.0393270e+00  -4.5098500e-01  -1.1713700e-01
   1.0393360e+00  -4.4076000e-01   2.0524000e-02
   1.0393410e+00  -4.3821200e-01   2.0505000e-02
   1.0394130e+00  -4.4336500e-01   1.3695000e-02
   1.0394250e+00  -4.4081600e-01  -1.3683000e-02
   1.0394250e+00  -4.4081600e-01   1.3683000e-02
   1.0394300e+00  -4.3826700e-01   1.3670000e-02
   1.0394600e+00  -4.3066400e-01  -4.7747000e-02
   1.0394670e+00  -4.4339900e-01  -6.8480000e-03
   1.0394670e+00  -4.4339900e-01   6.8480000e-03
   1.0394780e+00  -4.4084900e-01  -6.8420000e-03
   1.0394830e+00  -4.3830100e-01  -6.8350000e-03
   1.0394830e+00  -4.3830100e-01   6.8350000e-03
   1.0394840e+00  -4.4341000e-01   0.0000000e+00
   1.0395010e+00  -4.3831200e-01   0.0000000e+00
   1.0396920e+00  -4.3080600e-01  -4.0930000e-02
   1.0397860e+00  -4.5127700e-01  -8.9483000e-02
   1.0398350e+00  -4.4619400e-01  -8.9324000e-02
   1.0398810e+00  -4.4110100e-01  -7.5402000e-02
   1.0398880e+00  -4.3092700e-01  -3.4110000e-02
   1.0399150e+00  -4.5136000e-01  -1.1026900e-01
   1.0400060e+00  -4.4118000e-01  -1.0987700e-01
   1.0400670e+00  -4.4121800e-01  -1.4456000e-01
   1.0401960e+00  -4.4642200e-01  -9.6265000e-02
   1.0402430e+00  -4.3877400e-01  -9.6007000e-02
   1.0402550e+00  -4.4133600e-01  -6.8557000e-02
   1.0402810e+00  -4.4647500e-01  -8.2466000e-02
   1.0404680e+00  -4.5171200e-01  -1.0339800e-01
   1.0405170e+00  -4.4662500e-01  -4.1187000e-02
   1.0405600e+00  -4.4152600e-01  -1.0303000e-01
   1.0405940e+00  -4.4154800e-01  -6.1708000e-02
   1.0407120e+00  -4.4418200e-01  -7.5537000e-02
   1.0407250e+00  -4.3907500e-01  -8.9165000e-02
   1.0407350e+00  -4.3908100e-01  -7.5402000e-02
   1.0408140e+00  -4.3913000e-01  -1.3759000e-01
   1.0408970e+00  -4.4173800e-01  -5.4858000e-02
   1.0409290e+00  -4.4688500e-01  -1.5194200e-01
   1.0409860e+00  -4.5204100e-01  -9.6522000e-02
   1.0410860e+00  -4.4441700e-01  -6.8679000e-02
   1.0410870e+00  -4.4698400e-01  -1.3732000e-02
   1.0411030e+00  -4.4186600e-01  -1.1692900e-01
   1.0411100e+00  -4.3931500e-01  -6.8557000e-02
   1.0411400e+00  -4.4701800e-01  -6.8660000e-03
   1.0411500e+00  -4.4445800e-01  -4.8048000e-02
   1.0411650e+00  -4.4190500e-01  -4.8005000e-02
   1.0411710e+00  -4.3935300e-01  -8.2319000e-02
   1.0413820e+00  -4.4460300e-01  -4.1187000e-02
   1.0414250e+00  -4.4463000e-01  -6.1819000e-02
   1.0414540e+00  -4.4721600e-01  -1.3109100e-01
   1.0415120e+00  -4.3956600e-01  -1.3074200e-01
   1.0415580e+00  -4.4728200e-01  -3.4356000e-02
   1.0417180e+00  -4.4738300e-01  -2.7486000e-02
   1.0417280e+00  -4.4482100e-01  -5.4956000e-02
   1.0417510e+00  -4.3207300e-01  -2.7339000e-02
   1.0418430e+00  -4.4746200e-01  -2.0616000e-02
   1.0418780e+00  -4.4235200e-01  -2.0579000e-02
   1.0419320e+00  -4.4751800e-01   1.3744000e-02
   1.0419390e+00  -4.3727900e-01  -9.6093000e-02
   1.0420070e+00  -4.4243200e-01  -8.2466000e-02
   1.0420220e+00  -4.3733100e-01  -8.2319000e-02
   1.0420840e+00  -4.5018900e-01  -1.2433100e-01
   1.0421160e+00  -4.4763500e-01  -1.2422000e-01
   1.0421750e+00  -4.3997900e-01  -1.2389000e-01
   1.0423200e+00  -4.4519300e-01  -1.3109100e-01
   1.0424050e+00  -4.4268200e-01  -8.9404000e-02
   1.0424220e+00  -4.3757900e-01  -8.9244000e-02
   1.0424340e+00  -4.3758600e-01  -7.5470000e-02
   1.0424530e+00  -4.3759800e-01  -3.4264000e-02
   1.0424620e+00  -4.4528200e-01  -1.3807900e-01
   1.0426000e+00  -4.4280400e-01  -2.7462000e-02
   1.0426130e+00  -4.3769700e-01  -2.7413000e-02
   1.0427270e+00  -4.3267400e-01  -2.0524000e-02
   1.0427380e+00  -4.3777500e-01  -2.0560000e-02
   1.0427420e+00  -4.4803000e-01  -1.1734500e-01
   1.0428280e+00  -4.3783000e-01  -1.3707000e-02
   1.0428810e+00  -4.3786400e-01  -6.8540000e-03
   1.0428990e+00  -4.3787500e-01   0.0000000e+00
   1.0429830e+00  -4.4561000e-01  -1.2422000e-01
   1.0433340e+00  -4.4840300e-01  -1.1046500e-01
   1.0435390e+00  -4.4082900e-01  -1.6595200e-01
   1.0435650e+00  -4.3573600e-01  -1.5866200e-01
   1.0436110e+00  -4.4600500e-01  -1.1734500e-01
   1.0436760e+00  -4.3580500e-01  -1.3707000e-02
   1.0436760e+00  -4.3580500e-01   1.3707000e-02
   1.0437300e+00  -4.3583800e-01  -6.8540000e-03
   1.0437300e+00  -4.3583800e-01   6.8540000e-03
   1.0437470e+00  -4.3584900e-01   0.0000000e+00
   1.0438560e+00  -4.5131400e-01  -1.0367300e-01
   1.0439910e+00  -4.4111100e-01  -6.1874000e-02
   1.0441500e+00  -4.3609800e-01  -3.4294000e-02
   1.0442020e+00  -4.4637700e-01  -1.1046500e-01
   1.0442950e+00  -4.4130100e-01  -5.5005000e-02
   1.0443020e+00  -4.3874600e-01  -5.4956000e-02
   1.0443930e+00  -4.3880200e-01  -1.6595200e-01
   1.0444350e+00  -4.4652300e-01  -9.6608000e-02
   1.0447170e+00  -4.3900300e-01  -1.2411000e-01
   1.0447310e+00  -4.4928600e-01  -1.0367300e-01
   1.0447580e+00  -4.4672600e-01  -1.0358100e-01
   1.0448030e+00  -4.3905700e-01  -4.1224000e-02
   1.0448040e+00  -4.3905800e-01  -1.0330600e-01
   1.0449190e+00  -4.4682700e-01  -8.9722000e-02
   1.0450940e+00  -4.3923700e-01  -1.1026900e-01
   1.0452260e+00  -4.4188100e-01  -1.5922500e-01
   1.0453460e+00  -4.3939400e-01  -1.1724100e-01
   1.0453530e+00  -4.3939800e-01  -6.8802000e-02
   1.0453670e+00  -4.4710900e-01  -8.2834000e-02
   1.0454120e+00  -4.4199700e-01  -4.8177000e-02
   1.0454210e+00  -4.3688300e-01  -4.8091000e-02
   1.0456310e+00  -4.4470200e-01  -4.1335000e-02
   1.0456450e+00  -4.4214200e-01  -4.1298000e-02
   1.0456540e+00  -4.3702700e-01  -4.1224000e-02
   1.0456940e+00  -4.3961000e-01  -6.1929000e-02
   1.0458280e+00  -4.4482500e-01  -3.4448000e-02
   1.0459710e+00  -4.4234500e-01  -1.4533100e-01
   1.0459980e+00  -4.3468700e-01  -5.4956000e-02
   1.0460030e+00  -4.4236500e-01  -2.7535000e-02
   1.0460120e+00  -4.3724900e-01  -2.7486000e-02
   1.0460160e+00  -4.4751800e-01  -1.5964700e-01
   1.0460370e+00  -4.4238600e-01  -1.5234500e-01
   1.0461290e+00  -4.4244400e-01  -2.0652000e-02
   1.0461380e+00  -4.3732700e-01  -2.0616000e-02
   1.0461440e+00  -4.4502300e-01  -9.6694000e-02
   1.0462180e+00  -4.4250000e-01  -1.3769000e-02
   1.0462680e+00  -4.3996600e-01  -4.8177000e-02
   1.0462800e+00  -4.3997300e-01   6.8780000e-03
   1.0462950e+00  -4.3487000e-01   0.0000000e+00
   1.0468280e+00  -4.4802800e-01  -1.5274900e-01
   1.0475380e+00  -4.4332300e-01  -3.4478000e-02
   1.0476030e+00  -4.4851500e-01  -1.4584500e-01
   1.0477010e+00  -4.3829200e-01  -5.5103000e-02
   1.0478710e+00  -4.3839800e-01  -9.6608000e-02
   1.0479250e+00  -4.4099500e-01   1.3781000e-02
   1.0479260e+00  -4.3587400e-01  -1.3756000e-02
   1.0479800e+00  -4.3590700e-01  -6.8780000e-03
   1.0482710e+00  -4.4120900e-01  -1.3155600e-01
   1.0483580e+00  -4.3869800e-01  -8.9722000e-02
   1.0486250e+00  -4.3630400e-01  -1.5936600e-01
   1.0488080e+00  -4.3897700e-01  -8.2834000e-02
   1.0492220e+00  -4.3923300e-01  -7.5942000e-02
   1.0492540e+00  -4.4181900e-01  -1.3869100e-01
   1.0495550e+00  -4.4458000e-01  -1.1786600e-01
   1.0496010e+00  -4.3946700e-01  -6.9047000e-02
   1.0499430e+00  -4.3967800e-01  -6.2150000e-02
   1.0501500e+00  -4.4495100e-01  -1.1095500e-01
   1.0503120e+00  -4.3222800e-01  -1.5936600e-01
   1.0503150e+00  -4.3478400e-01  -1.5950600e-01
   1.0507100e+00  -4.4530000e-01  -1.0404100e-01
   1.0519700e+00  -4.4350600e-01  -1.6021000e-01
   1.0527870e+00  -4.4401300e-01  -1.5328700e-01
   1.0530900e+00  -4.3905100e-01   6.9150000e-03
   1.0532780e+00  -4.4174000e-01  -1.0413300e-01
   1.0535680e+00  -4.4449800e-01  -1.4635900e-01
   1.0536670e+00  -4.2919400e-01  -1.5964700e-01
   1.0547390e+00  -4.4006600e-01   1.3855000e-02
   1.0553700e+00  -4.3278100e-01  -1.6006900e-01
   1.0587050e+00  -4.4509400e-01  -1.5409500e-01
   1.0620290e+00  -4.4714800e-01  -1.1213200e-01
   1.0697940e+00  -4.9453100e-01   1.0753300e-01
   1.0703260e+00  -4.9488300e-01   1.0038300e-01
   1.0708210e+00  -4.9521100e-01   9.3228000e-02
   1.0731220e+00  -4.4614400e-01  -1.5597900e-01
   1.0781680e+00  -4.5185000e-01  -1.5692100e-01
   1.0806650e+00  -4.5602000e-01  -1.5745900e-01
   1.0839550e+00  -4.6070000e-01  -1.5085700e-01
   1.0978040e+00  -4.6926000e-01  -1.2359200e-01
   1.1009570e+00  -4.6581300e-01  -1.5317000e-01
   1.1024530e+00  -4.7213300e-01  -1.4628100e-01
   1.1031970e+00  -4.7259300e-01  -1.3900100e-01
   1.1039040e+00  -4.7302900e-01  -1.3171600e-01
   1.1062300e+00  -4.5829500e-01  -1.5342700e-01
   1.1086320e+00  -4.6780600e-01  -1.5419800e-01
   1.1096010e+00  -4.6302000e-01  -1.6149700e-01
   1.1112410e+00  -4.6671700e-01  -1.6190100e-01
   1.1127190e+00  -4.7574600e-01  -1.5509700e-01
   1.1143560e+00  -4.7675300e-01  -1.4787200e-01
   1.1212030e+00  -4.7821800e-01  -1.4872900e-01
   1.1551730e+00  -4.9619800e-01  -1.5350300e-01
   1.1624780e+00  -5.0636700e-01  -1.4702700e-01
   1.1702340e+00  -5.0826000e-01  -1.4795700e-01
   1.1734330e+00  -4.9590000e-01  -1.7132100e-01
   1.1739450e+00  -5.0480500e-01  -1.6396400e-01
   1.1741880e+00  -4.9921300e-01  -1.5582900e-01
   1.1911600e+00  -5.2401700e-01  -1.4295800e-01
   1.1991990e+00  -5.2305600e-01  -1.5179600e-01
   1.2078670e+00  -5.2540900e-01  -1.6097000e-01
   1.2086900e+00  -5.2590900e-01  -1.5295900e-01
   1.2096740e+00  -5.3541100e-01  -1.3723200e-01
   1.2167520e+00  -5.3676200e-01  -1.4615500e-01
   1.2205410e+00  -5.4209800e-01  -1.3036300e-01
   1.2257090e+00  -5.2126300e-01  -1.6280600e-01
   1.2517310e+00  -5.5510300e-01  -1.5056400e-01
   1.2531130e+00  -5.5904100e-01  -1.4243800e-01
   1.2583730e+00  -5.4990200e-01  -1.5947300e-01
   1.2692390e+00  -5.4712800e-01  -1.6052000e-01
   1.2700640e+00  -5.4761800e-01  -1.5210700e-01
   1.2788190e+00  -5.7162700e-01  -1.4545800e-01
   1.2852330e+00  -5.7872100e-01  -1.3771400e-01
   1.2927200e+00  -5.7695000e-01  -1.5574400e-01
   1.3368660e+00  -6.0376500e-01  -1.5243400e-01
   1.4256010e+00  -6.4003900e-01  -1.6253400e-01
   2.8973620e+00  -1.6041520e+00   1.6246300e-01
   2.8981540e+00  -1.6046480e+00   1.4216900e-01
   2.8990500e+00  -1.6052090e+00   8.1231000e-02
   2.9004740e+00  -1.5985250e+00   2.4394000e-01
   2.9005370e+00  -1.6061400e+00   2.0340100e-01
   2.9016910e+00  -1.5992840e+00   2.2364400e-01
   2.9028030e+00  -1.5999770e+00   2.0334000e-01
   2.9034880e+00  -1.6155890e+00   1.8341400e-01
   2.9038580e+00  -1.6006350e+00   8.1281000e-02
   2.9039050e+00  -1.6158520e+00   2.2431800e-01
   2.9050170e+00  -1.6165510e+00   2.0395300e-01
   2.9051820e+00  -1.6166550e+00   1.4268400e-01
   2.9055820e+00  -1.6169070e+00   2.6542200e-01
   2.9058700e+00  -1.6170870e+00   1.2231000e-01
   2.9069080e+00  -1.6177400e+00   2.4504400e-01
   2.9069240e+00  -1.6177500e+00   1.6319900e-01
   2.9073000e+00  -1.6179860e+00   6.1166000e-02
   2.9080460e+00  -1.6032450e+00   1.8330300e-01
   2.9089470e+00  -1.6038080e+00   1.6295400e-01
   2.9092960e+00  -1.5964440e+00   2.0358500e-01
   2.9093020e+00  -1.6040290e+00   2.6518300e-01
   2.9103050e+00  -1.5970690e+00   1.8324800e-01
   2.9112070e+00  -1.5976300e+00   1.6290500e-01
   2.9116970e+00  -1.6131280e+00   1.8374500e-01
   2.9120030e+00  -1.5981240e+00   1.4255500e-01
   2.9120960e+00  -1.6133780e+00   2.6574100e-01
   2.9126930e+00  -1.5985520e+00   1.2220000e-01
   2.9129410e+00  -1.6062970e+00   2.8604800e-01
   2.9132220e+00  -1.6217100e+00   1.0217800e-01
   2.9134250e+00  -1.6142100e+00   2.4533800e-01
   2.9136070e+00  -1.6219530e+00   3.2796500e-01
   2.9136990e+00  -1.6220110e+00   8.1747000e-02
   2.9140870e+00  -1.6146240e+00   1.2253100e-01
   2.9146480e+00  -1.6149760e+00   2.2492500e-01
   2.9146710e+00  -1.6149900e+00   1.0211600e-01
   2.9148830e+00  -1.6151230e+00   2.8656300e-01
   2.9152080e+00  -1.6001130e+00   2.8596200e-01
   2.9156770e+00  -1.6080030e+00   1.4289900e-01
   2.9166460e+00  -1.6010050e+00   2.6558200e-01
   2.9176500e+00  -1.5940420e+00   1.4268400e-01
   2.9179770e+00  -1.6018320e+00   2.4519100e-01
   2.9183420e+00  -1.5944700e+00   1.2231000e-01
   2.9185520e+00  -1.5945990e+00   1.6315000e-01
   2.9192020e+00  -1.6025920e+00   2.2479100e-01
   2.9194060e+00  -1.5951270e+00   8.1551000e-02
   2.9197780e+00  -1.5953580e+00   6.1166000e-02
   2.9206280e+00  -1.5958830e+00   1.0199400e-01
   2.9211550e+00  -1.5886290e+00   2.2445300e-01
   2.9214560e+00  -1.6116060e+00   1.2271500e-01
   2.9220420e+00  -1.6119710e+00   1.0227000e-01
   2.9222740e+00  -1.5893190e+00   2.0407500e-01
   2.9229700e+00  -1.6049320e+00   3.0734400e-01
   2.9232880e+00  -1.5899420e+00   1.8369000e-01
   2.9241750e+00  -1.5904880e+00   2.4519100e-01
   2.9241940e+00  -1.5905000e+00   1.6329700e-01
   2.9243110e+00  -1.6210260e+00   3.0817100e-01
   2.9257630e+00  -1.6142920e+00   3.0798700e-01
   2.9258450e+00  -1.5915160e+00   1.4294100e-01
   2.9268730e+00  -1.6226300e+00   3.2914200e-01
   2.9269280e+00  -1.5997770e+00   3.0743500e-01
   2.9273900e+00  -1.5924660e+00   1.2256800e-01
   2.9284570e+00  -1.5931240e+00   8.1722000e-02
   2.9288280e+00  -1.5933520e+00   1.0217800e-01
   2.9288310e+00  -1.5933540e+00   6.1294000e-02
   2.9290950e+00  -1.6163690e+00   3.4974500e-01
   2.9296320e+00  -1.5938470e+00   2.6621900e-01
   2.9297820e+00  -1.5863540e+00   1.4298400e-01
   2.9298850e+00  -1.5940020e+00   2.8682000e-01
   2.9308620e+00  -1.6174710e+00   3.2924000e-01
   2.9313120e+00  -1.5872920e+00   2.0450500e-01
   2.9319190e+00  -1.6028610e+00   2.0499500e-01
   2.9323290e+00  -1.5879140e+00   1.8407600e-01
   2.9325730e+00  -1.5956560e+00   3.0771100e-01
   2.9329350e+00  -1.6034890e+00   1.8451800e-01
   2.9332390e+00  -1.5884720e+00   1.6364100e-01
   2.9338850e+00  -1.5888680e+00   1.2271500e-01
   2.9344730e+00  -1.5892280e+00   1.0227000e-01
   2.9345080e+00  -1.6120930e+00   1.0260700e-01
   2.9349550e+00  -1.5895240e+00   8.1820000e-02
   2.9349890e+00  -1.6123920e+00   8.2090000e-02
   2.9353290e+00  -1.5897530e+00   6.1368000e-02
   2.9353500e+00  -1.6049820e+00   3.4974500e-01
   2.9353640e+00  -1.6126250e+00   6.1571000e-02
   2.9366270e+00  -1.6210640e+00   4.1313600e-01
   2.9367390e+00  -1.5755470e+00   1.4302700e-01
   2.9367900e+00  -1.5755780e+00   1.6349300e-01
   2.9371220e+00  -1.6060770e+00   3.2924000e-01
   2.9375230e+00  -1.5835090e+00   2.2526300e-01
   2.9377270e+00  -1.6835800e+00   3.7497600e-01
   2.9380830e+00  -1.5688080e+00   1.4294100e-01
   2.9382900e+00  -1.5764890e+00   1.2264200e-01
   2.9387250e+00  -1.6223720e+00   3.9257500e-01
   2.9387800e+00  -1.5692290e+00   1.2253100e-01
   2.9388800e+00  -1.5768470e+00   1.0220800e-01
   2.9393700e+00  -1.5695860e+00   1.0211600e-01
   2.9396680e+00  -1.5848180e+00   1.8435200e-01
   2.9398530e+00  -1.5698780e+00   8.1698000e-02
   2.9400550e+00  -1.5850530e+00   2.6661700e-01
   2.9403440e+00  -1.6080690e+00   2.8819300e-01
   2.9403770e+00  -1.5852500e+00   1.2286300e-01
   2.9407150e+00  -1.6236130e+00   3.7200000e-01
   2.9409670e+00  -1.5856100e+00   1.0239200e-01
   2.9413850e+00  -1.5858650e+00   1.4341400e-01
   2.9413980e+00  -1.5858730e+00   2.4614700e-01
   2.9414140e+00  -1.6703500e+00   3.9560000e-01
   2.9421790e+00  -1.5863490e+00   3.2874900e-01
   2.9429100e+00  -1.5867950e+00   2.0511800e-01
   2.9434050e+00  -1.6716240e+00   3.7486600e-01
   2.9436340e+00  -1.5797350e+00   8.1894000e-02
   2.9438480e+00  -1.5873670e+00   3.0826300e-01
   2.9439490e+00  -1.5572640e+00   2.8639100e-01
   2.9440960e+00  -1.5573520e+00   3.0697600e-01
   2.9444480e+00  -1.5726570e+00   2.6645800e-01
   2.9448440e+00  -1.5879750e+00   1.6413100e-01
   2.9454090e+00  -1.5883200e+00   2.8776400e-01
   2.9456740e+00  -1.5809740e+00   2.2566700e-01
   2.9456950e+00  -1.5734110e+00   3.0780300e-01
   2.9462590e+00  -1.5661920e+00   1.4319900e-01
   2.9468040e+00  -1.5816600e+00   2.0517900e-01
   2.9469580e+00  -1.5666130e+00   1.2275200e-01
   2.9470310e+00  -1.5742190e+00   2.2553200e-01
   2.9471130e+00  -1.5591600e+00   2.6613900e-01
   2.9472580e+00  -1.5743560e+00   2.8733500e-01
   2.9475350e+00  -1.5745240e+00   1.6393500e-01
   2.9475500e+00  -1.5669690e+00   1.0230000e-01
   2.9477480e+00  -1.5670890e+00   2.8707800e-01
   2.9478260e+00  -1.5822810e+00   1.8468300e-01
   2.9478460e+00  -1.5822940e+00   2.4644100e-01
   2.9481610e+00  -1.5749030e+00   2.0505700e-01
   2.9484590e+00  -1.5599680e+00   2.4570600e-01
   2.9492030e+00  -1.5679650e+00   2.6661700e-01
   2.9496990e+00  -1.5607110e+00   2.2526300e-01
   2.9500600e+00  -1.5760510e+00   2.4636800e-01
   2.9518960e+00  -1.5544870e+00   1.0223900e-01
   2.9522600e+00  -1.5698050e+00   2.4629400e-01
   2.9523810e+00  -1.5547760e+00   8.1796000e-02
   2.9525660e+00  -1.5624300e+00   1.2286300e-01
   2.9527230e+00  -1.5625230e+00   1.4337100e-01
   2.9527580e+00  -1.5550010e+00   6.1350000e-02
   2.9531590e+00  -1.5627850e+00   1.0239200e-01
   2.9533120e+00  -1.5780170e+00   3.5005700e-01
   2.9533990e+00  -1.5629290e+00   2.0499500e-01
   2.9535010e+00  -1.5705520e+00   2.2580200e-01
   2.9536440e+00  -1.5630760e+00   8.1919000e-02
   2.9540290e+00  -1.5708710e+00   8.2017000e-02
   2.9540350e+00  -1.5557630e+00   1.4328500e-01
   2.9544240e+00  -1.5635430e+00   1.8451800e-01
   2.9544840e+00  -1.5635790e+00   1.6398400e-01
   2.9547360e+00  -1.5561820e+00   1.2282600e-01
   2.9549090e+00  -1.5487520e+00   1.0223900e-01
   2.9550960e+00  -1.5790960e+00   3.2953400e-01
   2.9554890e+00  -1.5717490e+00   2.0536300e-01
   2.9565140e+00  -1.5723670e+00   1.8484900e-01
   2.9565200e+00  -1.5572470e+00   3.0798700e-01
   2.9565770e+00  -1.5724040e+00   1.6427900e-01
   2.9579090e+00  -1.5505350e+00   1.4332800e-01
   2.9586940e+00  -1.5585440e+00   2.6693600e-01
   2.9600470e+00  -1.5593510e+00   2.4644100e-01
   2.9611570e+00  -1.7144910e+00   3.7894400e-01
   2.9624720e+00  -1.5835570e+00   6.1755000e-02
   2.9625350e+00  -1.5608360e+00   3.2933800e-01
   2.9629720e+00  -1.5762550e+00   6.1699000e-02
   2.9634540e+00  -1.5689570e+00   6.1644000e-02
   2.9641900e+00  -1.5618240e+00   4.1061000e-02
   2.9657890e+00  -1.5627780e+00   2.8827900e-01
   2.9690570e+00  -1.5571590e+00   1.8507000e-01
   2.9699790e+00  -1.5577070e+00   1.6452400e-01
   2.9755450e+00  -1.5384380e+00  -8.2115000e-02
   2.9768930e+00  -1.5466840e+00  -8.2238000e-02
   2.9772730e+00  -1.5469080e+00  -6.1681000e-02
   2.9776500e+00  -1.5396720e+00  -6.1626000e-02
   2.9790460e+00  -1.6012450e+00   6.2178000e-02
   2.9835560e+00  -1.5506080e+00  -1.2367200e-01
   2.9841120e+00  -1.5059060e+00  -3.0807900e-01
   2.9841550e+00  -1.5509610e+00  -1.0306700e-01
   2.9862650e+00  -1.5447240e+00  -1.0303700e-01
   2.9871780e+00  -1.5151510e+00  -1.2319400e-01
   2.9874200e+00  -1.5604690e+00  -1.2396700e-01
   2.9877380e+00  -1.5835140e+00   4.1441000e-02
   2.9877780e+00  -1.5154970e+00  -1.0266900e-01
   2.9880200e+00  -1.5608240e+00  -1.0331300e-01
   2.9882700e+00  -1.5157800e+00  -8.2139000e-02
   2.9885110e+00  -1.5611140e+00  -8.2655000e-02
   2.9886520e+00  -1.5160000e+00  -6.1607000e-02
   2.9890660e+00  -1.5162390e+00  -1.4384300e-01
   2.9897710e+00  -1.5694670e+00  -8.2778000e-02
   2.9903980e+00  -1.5698400e+00  -1.2422400e-01
   2.9908370e+00  -1.5474050e+00  -1.2385600e-01
   2.9909990e+00  -1.5701970e+00  -1.0352700e-01
   2.9913770e+00  -1.5780500e+00  -1.0365000e-01
   2.9918730e+00  -1.5707160e+00  -6.2123000e-02
   2.9923350e+00  -1.5633760e+00  -6.2067000e-02
   2.9927270e+00  -1.5788560e+00  -8.2949000e-02
   2.9933510e+00  -1.5792280e+00  -1.2448200e-01
   2.9933740e+00  -1.5187200e+00  -1.8529000e-01
   2.9943050e+00  -1.5192560e+00  -1.6472000e-01
   2.9948270e+00  -1.5801090e+00  -6.2252000e-02
   2.9950960e+00  -1.5347740e+00  -1.2378300e-01
   2.9956210e+00  -1.5882400e+00   2.0776000e-02
   2.9956980e+00  -1.5351240e+00  -1.0315900e-01
   2.9965330e+00  -1.5887860e+00   0.0000000e+00
   2.9977380e+00  -1.5895090e+00  -1.0398800e-01
   2.9977760e+00  -1.6202660e+00   8.3538000e-02
   2.9981590e+00  -1.6204990e+00   6.2657000e-02
   2.9982300e+00  -1.5898040e+00  -8.3195000e-02
   2.9986140e+00  -1.5900340e+00  -6.2399000e-02
   2.9988870e+00  -1.5901980e+00  -4.1601000e-02
   2.9990520e+00  -1.5902960e+00  -2.0801000e-02
   2.9995580e+00  -1.5829320e+00  -2.0782000e-02
   2.9995580e+00  -1.5829320e+00   2.0782000e-02
   2.9996120e+00  -1.5829650e+00   0.0000000e+00
   2.9997070e+00  -1.5906890e+00  -1.2488700e-01
   3.0009340e+00  -1.5991120e+00   4.1674000e-02
   3.0011610e+00  -1.5232050e+00  -2.4791300e-01
   3.0024240e+00  -1.5239330e+00  -2.2728600e-01
   3.0035780e+00  -1.5245980e+00  -2.0665100e-01
   3.0039820e+00  -1.5474320e+00  -6.2123000e-02
   3.0054040e+00  -1.5864220e+00  -4.1650000e-02
   3.0063790e+00  -1.6101110e+00   4.1797000e-02
   3.0112640e+00  -1.4989240e+00  -8.2459000e-02
   3.0120230e+00  -1.6057890e+00  -1.2554900e-01
   3.0123320e+00  -1.6369330e+00   4.2018000e-02
   3.0151970e+00  -1.6077000e+00  -1.0472400e-01
   3.0156920e+00  -1.6079990e+00  -8.3784000e-02
   3.0160780e+00  -1.6082310e+00  -6.2841000e-02
   3.0163530e+00  -1.6083960e+00  -4.1895000e-02
   3.0165180e+00  -1.6084960e+00  -2.0948000e-02
   3.0208570e+00  -1.6111080e+00   0.0000000e+00
   3.0242920e+00  -1.6209430e+00  -1.2621200e-01
   3.0248990e+00  -1.6213100e+00  -1.0518400e-01
   3.0253960e+00  -1.6216110e+00  -8.4152000e-02
   3.0257830e+00  -1.6218450e+00  -6.3117000e-02
   3.0414600e+00  -1.6313260e+00  -4.2300000e-02
   3.0518950e+00  -1.6376360e+00  -2.1224000e-02
   3.0518950e+00  -1.6376360e+00   2.1224000e-02
   3.0519500e+00  -1.6376700e+00   0.0000000e+00
   3.0672600e+00  -1.6548270e+00  -1.2820000e-01
   3.0772740e+00  -1.6609090e+00  -1.0717800e-01
