   8.0610000e-01  -5.2047700e-01  -1.6957000e-01
   8.0982400e-01  -5.1646400e-01  -1.6974700e-01
   8.0985700e-01  -4.8692500e-01  -1.7279000e-01
   8.1174200e-01  -4.8377600e-01  -1.7279000e-01
   8.1191600e-01  -4.9854000e-01  -1.6833100e-01
   8.1226300e-01  -5.1623600e-01  -1.7010100e-01
   8.1287700e-01  -4.7997000e-01  -1.7260700e-01
   8.1304400e-01  -6.0765700e-01  -8.6055000e-02
   8.1319100e-01  -4.6599200e-01  -1.7132500e-01
   8.1326400e-01  -5.1465800e-01  -1.7010100e-01
   8.1357000e-01  -6.1106500e-01  -8.0081000e-02
   8.1361000e-01  -5.0499900e-01  -1.6921600e-01
   8.1399200e-01  -4.8577700e-01  -1.6744600e-01
   8.1407400e-01  -4.9314400e-01  -1.6815400e-01
   8.1425700e-01  -5.2567700e-01  -1.7134000e-01
   8.1434400e-01  -4.7172500e-01  -1.7205700e-01
   8.1457600e-01  -4.9604300e-01  -1.6850800e-01
   8.1457900e-01  -5.0343600e-01  -1.6921600e-01
   8.1467700e-01  -5.9534000e-01  -1.5356100e-01
   8.1484000e-01  -4.6505200e-01  -1.7150800e-01
   8.1498300e-01  -5.1374700e-01  -1.7027800e-01
   8.1499400e-01  -4.6283000e-01  -1.7132500e-01
   8.1509600e-01  -5.3158900e-01  -1.6600400e-01
   8.1539300e-01  -6.1016500e-01  -9.2552000e-02
   8.1559800e-01  -5.2188700e-01  -1.6514900e-01
   8.1630900e-01  -5.0254000e-01  -1.6344000e-01
   8.1635900e-01  -4.8545900e-01  -1.7370500e-01
   8.1658400e-01  -5.5384300e-01  -1.6839700e-01
   8.1670100e-01  -5.1283200e-01  -1.7045500e-01
   8.1675100e-01  -4.8100400e-01  -1.7333900e-01
   8.1678600e-01  -5.0545400e-01  -1.6378100e-01
   8.1695600e-01  -4.6923700e-01  -1.6638400e-01
   8.1715400e-01  -5.2842000e-01  -1.6600400e-01
   8.1726600e-01  -5.0835300e-01  -1.6412300e-01
   8.1728700e-01  -5.3884700e-01  -1.6703000e-01
   8.1732900e-01  -5.2097600e-01  -1.6532000e-01
   8.1734800e-01  -4.8391500e-01  -1.6780000e-01
   8.1742400e-01  -5.2612100e-01  -1.7187100e-01
   8.1745200e-01  -4.9129000e-01  -1.6850800e-01
   8.1761800e-01  -5.1871600e-01  -1.6514900e-01
   8.1766500e-01  -5.4703400e-01  -1.6788500e-01
   8.1775400e-01  -6.1842400e-01  -6.8253000e-02
   8.1781100e-01  -6.1848500e-01  -8.0718000e-02
   8.1798000e-01  -6.1579100e-01  -8.6827000e-02
   8.1799500e-01  -5.0902200e-01  -1.5831700e-01
   8.1802600e-01  -6.1871600e-01  -6.2057000e-02
   8.1810700e-01  -4.8458500e-01  -1.6207200e-01
   8.1813500e-01  -6.1883300e-01  -7.4521000e-02
   8.1813700e-01  -4.6316000e-01  -1.7187400e-01
   8.1817900e-01  -6.2176900e-01  -6.2179000e-02
   8.1821000e-01  -4.9196700e-01  -1.6275600e-01
   8.1834900e-01  -5.5296400e-01  -1.6856800e-01
   8.1841900e-01  -5.1191200e-01  -1.7063200e-01
   8.1842600e-01  -6.2203400e-01  -5.5968000e-02
   8.1848000e-01  -5.2459500e-01  -1.5980100e-01
   8.1869500e-01  -4.9484700e-01  -1.6903900e-01
   8.1872600e-01  -5.4544500e-01  -1.6788500e-01
   8.1881600e-01  -6.0245600e-01  -1.1099400e-01
   8.1890100e-01  -6.1105300e-01  -9.9095000e-02
   8.1894100e-01  -4.9262000e-01  -1.5699700e-01
   8.1896000e-01  -6.0830100e-01  -1.0516300e-01
   8.1898600e-01  -5.0002700e-01  -1.6361100e-01
   8.1899900e-01  -6.0550600e-01  -1.1121400e-01
   8.1901200e-01  -5.5889000e-01  -1.6925200e-01
   8.1901500e-01  -4.8299500e-01  -1.6797700e-01
   8.1904300e-01  -5.3794100e-01  -1.6720100e-01
   8.1916300e-01  -4.9037700e-01  -1.6275600e-01
   8.1934900e-01  -6.1438900e-01  -3.0951000e-02
   8.1935300e-01  -4.8811200e-01  -1.6850800e-01
   8.1942100e-01  -5.5137400e-01  -1.6856800e-01
   8.1944400e-01  -5.0291400e-01  -1.6992400e-01
   8.1949500e-01  -6.2029700e-01  -8.7170000e-02
   8.1964100e-01  -6.1757200e-01  -9.3288000e-02
   8.1978400e-01  -5.4385500e-01  -1.6788500e-01
   8.1986500e-01  -6.0926000e-01  -1.8517000e-02
   8.2018800e-01  -4.9618500e-01  -1.6344000e-01
   8.2021700e-01  -5.2367800e-01  -1.5996600e-01
   8.2032900e-01  -5.2886000e-01  -1.6651700e-01
   8.2046200e-01  -4.7464700e-01  -1.7333900e-01
   8.2048300e-01  -5.5505600e-01  -1.6293400e-01
   8.2068700e-01  -4.9909500e-01  -1.6378100e-01
   8.2083500e-01  -4.7976800e-01  -1.7388800e-01
   8.2086000e-01  -6.0181400e-01  -1.1736600e-01
   8.2093200e-01  -5.0426400e-01  -1.6429400e-01
   8.2112600e-01  -5.3475600e-01  -1.6720100e-01
   8.2129600e-01  -6.2513500e-01  -6.8725000e-02
   8.2130300e-01  -6.1078300e-01  -1.2370000e-02
   8.2134000e-01  -5.2728200e-01  -1.5441000e-01
   8.2135000e-01  -5.1461200e-01  -1.6532000e-01
   8.2151200e-01  -5.1980900e-01  -1.6583300e-01
   8.2160800e-01  -5.1233700e-01  -1.5313900e-01
   8.2176400e-01  -4.6862000e-01  -1.6709200e-01
   8.2179600e-01  -5.1754400e-01  -1.6566200e-01
   8.2179700e-01  -4.8784200e-01  -1.5699700e-01
   8.2183900e-01  -6.0850300e-01  -6.1790000e-03
   8.2188300e-01  -5.1011300e-01  -1.5897600e-01
   8.2202700e-01  -6.1437800e-01  -2.4811000e-02
   8.2208300e-01  -5.1528700e-01  -1.5947100e-01
   8.2212100e-01  -4.8330400e-01  -1.7443700e-01
   8.2223400e-01  -6.2614800e-01  -4.3754000e-02
   8.2226500e-01  -5.5415100e-01  -1.6309900e-01
   8.2249400e-01  -5.3090200e-01  -1.6095500e-01
   8.2252900e-01  -5.1822200e-01  -1.5980100e-01
   8.2259000e-01  -5.1075900e-01  -1.5313900e-01
   8.2264500e-01  -5.0333300e-01  -1.5848200e-01
   8.2267800e-01  -5.9808900e-01  -1.2351200e-01
   8.2280400e-01  -6.1520300e-01  -1.8628000e-02
   8.2281400e-01  -6.0386100e-01   6.1670000e-03
   8.2282700e-01  -6.0387400e-01   0.0000000e+00
   8.2296800e-01  -5.5483700e-01  -1.5711100e-01
   8.2303400e-01  -5.9845800e-01   1.2296000e-02
   8.2306400e-01  -4.9139900e-01  -1.6344000e-01
   8.2308300e-01  -5.2636000e-01  -1.5456900e-01
   8.2310900e-01  -4.8175100e-01  -1.6850800e-01
   8.2323600e-01  -5.1887600e-01  -1.5393400e-01
   8.2323800e-01  -5.3676400e-01  -1.4943600e-01
   8.2333200e-01  -5.4204900e-01  -1.6211000e-01
   8.2334000e-01  -5.5255300e-01  -1.6309900e-01
   8.2335000e-01  -5.4729700e-01  -1.6260400e-01
   8.2335300e-01  -5.0397300e-01  -1.5266300e-01
   8.2339700e-01  -5.2410200e-01  -1.6046000e-01
   8.2347500e-01  -4.8691600e-01  -1.6309800e-01
   8.2348500e-01  -4.7726300e-01  -1.6815400e-01
   8.2351600e-01  -5.1660700e-01  -1.5377500e-01
   8.2355100e-01  -5.6605900e-01  -1.6441800e-01
   8.2356600e-01  -6.1889200e-01  -2.4909000e-02
   8.2370000e-01  -5.4501400e-01  -1.6243900e-01
   8.2370700e-01  -6.2773900e-01  -7.5257000e-02
   8.2380100e-01  -4.9205300e-01  -1.5765700e-01
   8.2383900e-01  -4.7277900e-01  -1.6780000e-01
   8.2385800e-01  -5.0691700e-01  -1.5897600e-01
   8.2385900e-01  -4.9947600e-01  -1.5831700e-01
   8.2391800e-01  -5.3224400e-01  -1.5520400e-01
   8.2392200e-01  -6.1639300e-01  -1.0610000e-01
   8.2400100e-01  -5.3748900e-01  -1.6178000e-01
   8.2403800e-01  -5.4272400e-01  -1.5615800e-01
   8.2405700e-01  -6.2811800e-01  -8.1595000e-02
   8.2410400e-01  -5.2476100e-01  -1.5456900e-01
   8.2414800e-01  -6.2240200e-01  -3.7470000e-02
   8.2423900e-01  -6.1673000e-01  -1.2443000e-02
   8.2425200e-01  -4.7792700e-01  -1.6241400e-01
   8.2434100e-01  -6.1971900e-01  -1.8701000e-02
   8.2440600e-01  -5.4569200e-01  -1.5647500e-01
   8.2441100e-01  -5.5095400e-01  -1.6309900e-01
   8.2441800e-01  -5.7503800e-01  -1.6540800e-01
   8.2442400e-01  -6.0835100e-01   0.0000000e+00
   8.2456700e-01  -5.0756100e-01  -1.5313900e-01
   8.2461800e-01  -4.8306700e-01  -1.6292700e-01
   8.2467700e-01  -6.0298400e-01   6.1730000e-03
   8.2470800e-01  -5.3816000e-01  -1.5584000e-01
   8.2471600e-01  -5.4337400e-01  -1.5020000e-01
   8.2475200e-01  -5.5392700e-01  -1.5727000e-01
   8.2478600e-01  -4.8079800e-01  -1.6868500e-01
   8.2495200e-01  -5.8104100e-01  -1.6606800e-01
   8.2497900e-01  -6.2619700e-01  -3.7580000e-02
   8.2504300e-01  -5.3588800e-01  -1.6178000e-01
   8.2505500e-01  -4.9561800e-01  -1.5815200e-01
   8.2509000e-01  -6.3216100e-01  -6.2915000e-02
   8.2509700e-01  -5.4113000e-01  -1.6227500e-01
   8.2511700e-01  -5.5163700e-01  -1.5711100e-01
   8.2513400e-01  -4.8594200e-01  -1.6921600e-01
   8.2515900e-01  -4.8596400e-01  -1.5732700e-01
   8.2519100e-01  -6.3227000e-01  -7.5551000e-02
   8.2533900e-01  -6.3243100e-01  -5.6630000e-02
   8.2535800e-01  -4.8371300e-01  -1.5716200e-01
   8.2540600e-01  -6.0374400e-01  -1.5570000e-01
   8.2541500e-01  -5.5989000e-01  -1.5790500e-01
   8.2543000e-01  -5.5458700e-01  -1.5126900e-01
   8.2549200e-01  -6.3259600e-01  -6.9265000e-02
   8.2564800e-01  -6.1822900e-01  -6.2340000e-03
   8.2573800e-01  -4.7921300e-01  -1.5683200e-01
   8.2575100e-01  -5.3655800e-01  -1.5584000e-01
   8.2579600e-01  -5.5229500e-01  -1.5111600e-01
   8.2580300e-01  -6.2708400e-01  -3.1350000e-02
   8.2580400e-01  -5.4180500e-01  -1.5631600e-01
   8.2582000e-01  -5.0371400e-01  -1.5897600e-01
   8.2589700e-01  -6.2718500e-01  -9.4299000e-02
   8.2590200e-01  -4.8661500e-01  -1.6344000e-01
   8.2594500e-01  -5.7113600e-01  -1.6524300e-01
   8.2609300e-01  -5.6055500e-01  -1.5188000e-01
   8.2610200e-01  -4.7472200e-01  -1.6241400e-01
   8.2621300e-01  -5.9894900e-01   1.8499000e-02
   8.2629800e-01  -4.8211100e-01  -1.6309800e-01
   8.2647800e-01  -6.1051100e-01   6.2100000e-03
   8.2648500e-01  -5.4245400e-01  -1.5035200e-01
   8.2650900e-01  -5.4771500e-01  -1.5081100e-01
   8.2651800e-01  -5.1183600e-01  -1.5980100e-01
   8.2654900e-01  -6.1058500e-01  -1.1852900e-01
   8.2655700e-01  -6.2208400e-01  -1.0037000e-01
   8.2658100e-01  -5.2451600e-01  -1.6095500e-01
   8.2674600e-01  -5.6119500e-01  -1.4585000e-01
   8.2684500e-01  -4.7536000e-01  -1.5666700e-01
   8.2704000e-01  -4.8275600e-01  -1.5732700e-01
   8.2723000e-01  -5.1248400e-01  -1.5393400e-01
   8.2729200e-01  -5.2517500e-01  -1.5504600e-01
   8.2743700e-01  -4.6632500e-01  -1.7370500e-01
   8.2745600e-01  -5.6723200e-01  -1.6507800e-01
   8.2746900e-01  -5.8083700e-01  -1.6639700e-01
   8.2752000e-01  -6.1736900e-01  -6.2400000e-03
   8.2756700e-01  -6.3484600e-01  -8.2153000e-02
   8.2769700e-01  -6.0613300e-01  -1.2461400e-01
   8.2779000e-01  -6.3508800e-01  -4.4183000e-02
   8.2785200e-01  -5.6493200e-01  -1.6491300e-01
   8.2788900e-01  -6.0917500e-01  -1.2485900e-01
   8.2791800e-01  -4.9082100e-01  -1.5815200e-01
   8.2805500e-01  -6.1793700e-01  -1.1286800e-01
   8.2808000e-01  -4.6924600e-01  -1.6815400e-01
   8.2816400e-01  -4.7889900e-01  -1.6309800e-01
   8.2832300e-01  -5.7622500e-01  -1.6606800e-01
   8.2834100e-01  -4.6471800e-01  -1.7370500e-01
   8.2838300e-01  -6.2694100e-01  -3.1411000e-02
   8.2856000e-01  -5.6562900e-01  -1.5885800e-01
   8.2866800e-01  -4.6029500e-01  -1.6744600e-01
   8.2884300e-01  -6.2452500e-01  -1.0703700e-01
   8.2890800e-01  -4.7954100e-01  -1.5732700e-01
   8.2918300e-01  -6.2779900e-01  -2.5155000e-02
   8.2919200e-01  -6.3366400e-01  -3.7875000e-02
   8.2924200e-01  -5.6629900e-01  -1.5279700e-01
   8.2926800e-01  -4.7503900e-01  -1.6292700e-01
   8.2927500e-01  -6.2789800e-01  -1.8867000e-02
   8.2950000e-01  -6.0235100e-01  -1.3081100e-01
   8.2968100e-01  -6.1105100e-01   1.2456000e-02
   8.2974100e-01  -4.6827300e-01  -1.6833100e-01
   8.2989700e-01  -5.6694400e-01  -1.4673000e-01
   8.2997700e-01  -6.0002700e-01  -1.3068300e-01
   8.3016400e-01  -4.7340600e-01  -1.6886200e-01
   8.3017400e-01  -6.0871700e-01   1.2443000e-02
   8.3027900e-01  -6.2029200e-01   0.0000000e+00
   8.3044800e-01  -5.5414800e-01  -1.5806400e-01
   8.3061400e-01  -6.4111300e-01  -6.3528000e-02
   8.3067000e-01  -6.3821200e-01  -3.8022000e-02
   8.3069500e-01  -6.3528800e-01  -3.1626000e-02
   8.3081300e-01  -6.1797400e-01  -1.1945900e-01
   8.3086400e-01  -6.4138500e-01  -5.7182000e-02
   8.3110700e-01  -4.7181500e-01  -1.6292700e-01
   8.3113300e-01  -5.5480900e-01  -1.5203300e-01
   8.3142200e-01  -5.6309300e-01  -1.5279700e-01
   8.3148100e-01  -6.1867900e-01   0.0000000e+00
   8.3167500e-01  -5.7140000e-01  -1.5981100e-01
   8.3192600e-01  -6.2781600e-01  -1.2603000e-02
   8.3196500e-01  -5.8261100e-01  -1.4206500e-01
   8.3198100e-01  -6.0775500e-01   1.8683000e-02
   8.3215600e-01  -6.1939100e-01   6.2710000e-03
   8.3217700e-01  -5.9390700e-01  -1.3673400e-01
   8.3224700e-01  -6.0236700e-01   1.8628000e-02
   8.3235900e-01  -5.7207600e-01  -1.5371400e-01
   8.3255600e-01  -6.0551400e-01  -1.6314700e-01
   8.3290700e-01  -4.6856200e-01  -1.6886200e-01
   8.3301700e-01  -5.7272500e-01  -1.4761100e-01
   8.3323800e-01  -6.0622000e-01  -1.5692300e-01
   8.3349500e-01  -6.3242000e-01  -1.0154600e-01
   8.3371100e-01  -6.4448500e-01  -7.0209000e-02
   8.3376200e-01  -4.7888200e-01  -1.5798700e-01
   8.3385700e-01  -6.3870300e-01  -8.9143000e-02
   8.3408100e-01  -6.4488800e-01  -7.6654000e-02
   8.3435700e-01  -6.2749000e-01  -1.1408000e-01
   8.3448700e-01  -5.9903500e-01   2.4836000e-02
   8.3461700e-01  -5.8251600e-01  -1.6124100e-01
   8.3466500e-01  -6.4552400e-01  -4.4699000e-02
   8.3470900e-01  -6.1916300e-01   1.2566000e-02
   8.3477000e-01  -5.7718500e-01  -1.6076400e-01
   8.3479800e-01  -6.3381700e-01  -1.2676000e-02
   8.3483800e-01  -6.3386000e-01  -6.3380000e-03
   8.3501800e-01  -5.8844100e-01  -1.4290900e-01
   8.3513100e-01  -5.8855500e-01  -1.6187600e-01
   8.3530300e-01  -5.8320200e-01  -1.5508900e-01
   8.3538400e-01  -6.3150800e-01  -6.3320000e-03
   8.3543900e-01  -4.7790000e-01  -1.6412300e-01
   8.3545700e-01  -5.7786600e-01  -1.5463100e-01
   8.3548600e-01  -6.1139700e-01  -1.5768700e-01
   8.3579200e-01  -6.0602200e-01  -1.6362400e-01
   8.3581700e-01  -5.8924700e-01  -1.5570000e-01
   8.3593600e-01  -6.2917000e-01   0.0000000e+00
   8.3595600e-01  -6.0903300e-01  -1.5113200e-01
   8.3596300e-01  -5.8386100e-01  -1.4893100e-01
   8.3611200e-01  -6.0351900e-01   2.4934000e-02
   8.3611700e-01  -5.7852100e-01  -1.4849100e-01
   8.3612900e-01  -6.3819500e-01  -2.5449000e-02
   8.3622200e-01  -6.3829500e-01  -1.9088000e-02
   8.3627300e-01  -6.2664300e-01  -1.5274600e-01
   8.3647700e-01  -5.8991100e-01  -1.4951800e-01
   8.3658700e-01  -6.0968600e-01  -1.4487800e-01
   8.3667300e-01  -5.9568600e-01   3.1043000e-02
   8.3676400e-01  -5.9298400e-01  -1.6251200e-01
   8.3682200e-01  -4.6949200e-01  -1.6957000e-01
   8.3685400e-01  -6.4194100e-01  -9.5953000e-02
   8.3696900e-01  -6.3909900e-01  -1.2738000e-02
   8.3700700e-01  -6.1584500e-01  -1.5186600e-01
   8.3712000e-01  -4.7691700e-01  -1.5831700e-01
   8.3713000e-01  -6.2755000e-01   6.3260000e-03
   8.3719100e-01  -6.1031100e-01  -1.3861800e-01
   8.3751600e-01  -6.1350500e-01  -1.5171900e-01
   8.3760600e-01  -4.7014900e-01  -1.6378100e-01
   8.3765600e-01  -6.0510500e-01  -1.6378300e-01
   8.3784500e-01  -5.8298400e-01  -1.6171800e-01
   8.3785900e-01  -6.1961500e-01  -1.5230600e-01
   8.3795700e-01  -6.1396400e-01  -1.3261000e-01
   8.3796100e-01  -6.0259000e-01  -1.3808000e-01
   8.3814800e-01  -6.1416200e-01  -1.4544100e-01
   8.3820900e-01  -4.7302600e-01  -1.6412300e-01
   8.3838400e-01  -5.9462200e-01   3.7286000e-02
   8.3841100e-01  -6.1730900e-01   1.8885000e-02
   8.3841800e-01  -6.0873000e-01   2.5057000e-02
   8.3844500e-01  -4.8046100e-01  -1.5881100e-01
   8.3848400e-01  -6.3776800e-01  -1.0870300e-01
   8.3853500e-01  -5.8367100e-01  -1.5554800e-01
   8.3875300e-01  -6.1479100e-01  -1.3915600e-01
   8.3879400e-01  -4.7592500e-01  -1.6446500e-01
   8.3892500e-01  -4.6172600e-01  -1.6921600e-01
   8.3903100e-01  -6.2370600e-01  -1.2706200e-01
   8.3917900e-01  -4.5723500e-01  -1.6886200e-01
   8.3919800e-01  -5.8433100e-01  -1.4937200e-01
   8.3925800e-01  -6.0391600e-01   3.1258000e-02
   8.3939500e-01  -4.6686900e-01  -1.6974700e-01
   8.3955100e-01  -4.7656400e-01  -1.5864600e-01
   8.3997300e-01  -6.2182800e-01   1.8959000e-02
   8.4001300e-01  -6.1323200e-01   2.5155000e-02
   8.4015600e-01  -6.2488800e-01   1.8996000e-02
   8.4023100e-01  -5.9649000e-01  -1.5692300e-01
   8.4038600e-01  -6.1075800e-01   3.1411000e-02
   8.4039500e-01  -6.4278500e-01  -1.0272200e-01
   8.4041600e-01  -6.0230400e-01   3.1258000e-02
   8.4058000e-01  -4.6072100e-01  -1.6939300e-01
   8.4077000e-01  -5.9423500e-01   4.3582000e-02
   8.4089500e-01  -5.9716100e-01  -1.5069200e-01
   8.4090000e-01  -6.0559600e-01  -1.6425900e-01
   8.4094500e-01  -5.9441100e-01   3.7359000e-02
   8.4115400e-01  -6.0023400e-01  -1.6378300e-01
   8.4118300e-01  -5.8630700e-01   4.9607000e-02
   8.4122900e-01  -4.7556900e-01  -1.5881100e-01
   8.4153100e-01  -5.9780500e-01  -1.4445600e-01
   8.4157000e-01  -6.2932600e-01  -1.5362700e-01
   8.4159800e-01  -6.5307100e-01  -3.8684000e-02
   8.4168000e-01  -6.4715300e-01  -2.5695000e-02
   8.4174500e-01  -6.2951000e-01   1.2713000e-02
   8.4177700e-01  -6.2081900e-01   2.5302000e-02
   8.4184500e-01  -6.0093600e-01  -1.5753400e-01
   8.4184800e-01  -5.9252700e-01  -1.6314700e-01
   8.4188800e-01  -6.5640800e-01  -7.1153000e-02
   8.4199200e-01  -4.6425700e-01  -1.6395200e-01
   8.4206100e-01  -6.0398000e-01  -1.6425900e-01
   8.4207100e-01  -6.5057500e-01  -9.0345000e-02
   8.4209700e-01  -5.9277700e-01   3.7359000e-02
   8.4212300e-01  -6.2695600e-01  -1.5348000e-01
   8.4216900e-01  -6.5671500e-01  -6.4693000e-02
   8.4223300e-01  -6.3882100e-01   0.0000000e+00
   8.4229800e-01  -4.7168100e-01  -1.6463600e-01
   8.4242400e-01  -6.5699300e-01  -5.8231000e-02
   8.4245300e-01  -6.0155400e-01  -1.4487800e-01
   8.4251000e-01  -6.0161100e-01  -1.5127900e-01
   8.4254100e-01  -5.9322200e-01  -1.5692300e-01
   8.4256500e-01  -6.3330900e-01  -1.2166900e-01
   8.4305900e-01  -4.7231700e-01  -1.5881100e-01
   8.4312600e-01  -4.5807500e-01  -1.6957000e-01
   8.4320700e-01  -5.9389100e-01  -1.5069200e-01
   8.4332600e-01  -6.5797900e-01  -5.1815000e-02
   8.4338300e-01  -5.9686700e-01   5.0000000e-02
   8.4365300e-01  -4.6324700e-01  -1.6412300e-01
   8.4370300e-01  -6.1131500e-01  -1.3942600e-01
   8.4379300e-01  -4.7293000e-01  -1.5298000e-01
   8.4408900e-01  -4.6837800e-01  -1.7063200e-01
   8.4435900e-01  -6.1198900e-01   3.1534000e-02
   8.4436700e-01  -6.2062400e-01   2.5351000e-02
   8.4494200e-01  -6.0408000e-01   3.7691000e-02
   8.4516300e-01  -4.7648800e-01  -1.5947100e-01
   8.4542300e-01  -6.1595100e-01  -1.5936700e-01
   8.4565300e-01  -4.5543500e-01  -1.6974700e-01
   8.4586700e-01  -6.0785900e-01   3.7801000e-02
   8.4639900e-01  -4.7029200e-01  -1.6514900e-01
   8.4642700e-01  -6.1125000e-01  -1.5906200e-01
   8.4652800e-01  -6.5239100e-01  -1.9401000e-02
   8.4654600e-01  -6.2579400e-01  -1.4741000e-01
   8.4705900e-01  -4.5893900e-01  -1.7027800e-01
   8.4709500e-01  -6.1193400e-01  -1.5274600e-01
   8.4715800e-01  -6.2643300e-01  -1.4104100e-01
   8.4769700e-01  -6.1541700e-01   3.8022000e-02
   8.4773700e-01  -6.1259000e-01  -1.4642500e-01
   8.4774400e-01  -6.2704300e-01  -1.3466600e-01
   8.4785600e-01  -4.5958600e-01  -1.6446500e-01
   8.4792500e-01  -4.7155700e-01  -1.5947100e-01
   8.4798100e-01  -4.5731900e-01  -1.6429400e-01
   8.4806900e-01  -4.5502800e-01  -1.7010100e-01
   8.4808400e-01  -6.4506800e-01  -1.1650500e-01
   8.4822700e-01  -6.2173300e-01   3.1810000e-02
   8.4866400e-01  -4.7217000e-01  -1.5361600e-01
   8.4884500e-01  -6.1947900e-01  -1.5362700e-01
   8.4897500e-01  -5.9967800e-01   4.4012000e-02
   8.4943200e-01  -6.3173300e-01  -1.4825400e-01
   8.4948800e-01  -6.2014200e-01  -1.4726900e-01
   8.4967400e-01  -6.0888400e-01   4.4269000e-02
   8.4975000e-01  -4.6826000e-01  -1.5947100e-01
   8.5004700e-01  -6.3237600e-01  -1.4184800e-01
   8.5010300e-01  -6.2077600e-01  -1.4090600e-01
   8.5015600e-01  -4.6145500e-01  -1.5897600e-01
   8.5027900e-01  -5.8700100e-01   5.0000000e-02
   8.5028700e-01  -6.1519900e-01   3.8095000e-02
   8.5048500e-01  -4.5461300e-01  -1.7045500e-01
   8.5049100e-01  -4.6887000e-01  -1.5361600e-01
   8.5063400e-01  -6.3299100e-01  -1.3543700e-01
   8.5075400e-01  -6.1855600e-01  -1.6028400e-01
   8.5078600e-01  -4.7634600e-01  -1.6634600e-01
   8.5089900e-01  -4.6205900e-01  -1.5313900e-01
   8.5134600e-01  -5.9923600e-01   5.0393000e-02
   8.5142600e-01  -6.1924700e-01  -1.5392000e-01
   8.5155100e-01  -5.9944100e-01   4.4098000e-02
   8.5155300e-01  -4.6495000e-01  -1.6549100e-01
   8.5155700e-01  -4.7698700e-01  -1.6046000e-01
   8.5167800e-01  -6.6710800e-01  -7.8714000e-02
   8.5193600e-01  -4.5814500e-01  -1.6497800e-01
   8.5207100e-01  -6.4932500e-01  -1.5008200e-01
   8.5207200e-01  -6.1991000e-01  -1.4755000e-01
   8.5227500e-01  -5.9735000e-01   5.6686000e-02
   8.5232600e-01  -4.6558000e-01  -1.5963600e-01
   8.5258400e-01  -4.6104500e-01  -1.5930600e-01
   8.5264200e-01  -4.7304900e-01  -1.6029600e-01
   8.5265200e-01  -6.4694800e-01  -1.4994200e-01
   8.5307100e-01  -4.6618800e-01  -1.5377500e-01
   8.5313600e-01  -6.1526700e-01  -1.6028400e-01
   8.5338600e-01  -4.7366400e-01  -1.5441000e-01
   8.5368700e-01  -4.6911800e-01  -1.6617500e-01
   8.5370600e-01  -6.0442500e-01   5.0638000e-02
   8.5381100e-01  -6.1595500e-01  -1.5392000e-01
   8.5437600e-01  -5.9662900e-01   5.0442000e-02
   8.5444900e-01  -5.8557900e-01   5.6410000e-02
   8.5445900e-01  -6.1661500e-01  -1.4755000e-01
   8.5446200e-01  -4.6975300e-01  -1.6029600e-01
   8.5466100e-01  -4.5087400e-01  -1.7080900e-01
   8.5469500e-01  -6.6121200e-01  -1.0497600e-01
   8.5482200e-01  -5.9426700e-01   5.0393000e-02
   8.5499200e-01  -6.7073000e-01  -4.6073000e-02
   8.5507000e-01  -6.1149500e-01   4.4527000e-02
   8.5520900e-01  -4.7036500e-01  -1.5441000e-01
   8.5572400e-01  -6.4125300e-01  -1.4980100e-01
   8.5593200e-01  -6.4746900e-01  -1.5036400e-01
   8.5614700e-01  -5.7895200e-01   6.2547000e-02
   8.5622600e-01  -5.7355100e-01   6.2363000e-02
   8.5634400e-01  -6.4190400e-01  -1.4332800e-01
   8.5645200e-01  -5.9307600e-01   5.6741000e-02
   8.5666500e-01  -4.5957500e-01  -1.6583300e-01
   8.5667800e-01  -6.6948700e-01  -8.5738000e-02
   8.5674700e-01  -4.5726400e-01  -1.7169400e-01
   8.5693600e-01  -6.4252700e-01  -1.3685000e-01
   8.5701200e-01  -4.5274000e-01  -1.6532000e-01
   8.5716700e-01  -4.6475400e-01  -1.5425100e-01
   8.5785100e-01  -4.5104500e-01  -1.7134000e-01
   8.5814000e-01  -5.9754400e-01   5.6961000e-02
   8.5854900e-01  -6.4724400e-01  -1.5064500e-01
   8.5916300e-01  -5.8739900e-01   5.6686000e-02
   8.5917300e-01  -4.5682600e-01  -1.7204800e-01
   8.5942800e-01  -5.7936300e-01   6.2731000e-02
   8.5986400e-01  -4.5975700e-01  -1.6634600e-01
   8.6026300e-01  -4.5061500e-01  -1.7169400e-01
   8.6064700e-01  -4.6038300e-01  -1.6046000e-01
   8.6089000e-01  -5.9466700e-01   6.3344000e-02
   8.6113600e-01  -4.4894300e-01  -1.7169400e-01
   8.6115400e-01  -5.9492500e-01   5.7017000e-02
   8.6140200e-01  -4.6098600e-01  -1.5456900e-01
   8.6152600e-01  -4.5870000e-01  -1.6651700e-01
   8.6217600e-01  -5.6563900e-01   6.8658000e-02
   8.6326600e-01  -5.6934600e-01   6.8860000e-02
   8.6355700e-01  -4.4848200e-01  -1.7204800e-01
   8.6359700e-01  -4.6514100e-01  -1.6128500e-01
   8.6362300e-01  -5.8894700e-01   6.3283000e-02
   8.6406700e-01  -6.0624100e-01   5.7513000e-02
   8.6435400e-01  -4.6574900e-01  -1.5536300e-01
   8.6462500e-01  -4.6116900e-01  -1.6112000e-01
   8.6499600e-01  -4.6867400e-01  -1.6178000e-01
   8.6533900e-01  -5.9340700e-01   6.3528000e-02
   8.6538400e-01  -4.6177400e-01  -1.5520400e-01
   8.6572100e-01  -4.5491100e-01  -1.6685900e-01
   8.6575400e-01  -4.6928500e-01  -1.5584000e-01
   8.6586400e-01  -5.6638800e-01   7.5183000e-02
   8.6600400e-01  -5.8015500e-01   6.3099000e-02
   8.6683400e-01  -5.7819300e-01   6.9400000e-02
   8.6716600e-01  -4.5840500e-01  -1.6737200e-01
   8.6729800e-01  -5.7314800e-01   7.5551000e-02
   8.6737900e-01  -4.5383800e-01  -1.6703000e-01
   8.6783700e-01  -4.6132800e-01  -1.6161500e-01
   8.6795700e-01  -4.5903100e-01  -1.6145000e-01
   8.6848600e-01  -5.8807300e-01   6.9872000e-02
   8.6859900e-01  -4.6193300e-01  -1.5568100e-01
   8.6868000e-01  -5.7719400e-01   6.9467000e-02
   8.6872000e-01  -4.5963400e-01  -1.5552200e-01
   8.6888200e-01  -5.8845300e-01   7.6286000e-02
   8.6908800e-01  -4.5043000e-01  -1.7311000e-01
   8.6912400e-01  -5.7216500e-01   7.5624000e-02
   8.6918400e-01  -5.9996700e-01   6.3958000e-02
   8.7003400e-01  -6.8089800e-01  -1.0064000e-01
   8.7058800e-01  -4.5397200e-01  -1.6754300e-01
   8.7116200e-01  -4.5919400e-01  -1.6194500e-01
   8.7148500e-01  -5.8538400e-01   6.9939000e-02
   8.7192800e-01  -4.5979700e-01  -1.5599900e-01
   8.7205600e-01  -5.5863000e-01   7.5257000e-02
   8.7293900e-01  -5.4347300e-01   8.0957000e-02
   8.7322900e-01  -5.8983600e-01   7.0209000e-02
   8.7354100e-01  -5.6539800e-01   7.5624000e-02
   8.7390200e-01  -4.5179400e-01  -1.6788500e-01
   8.7399800e-01  -4.4949500e-01  -1.6771400e-01
   8.7479800e-01  -4.5011200e-01  -1.6178000e-01
   8.7515700e-01  -4.5993600e-01  -1.6260400e-01
   8.7535600e-01  -4.5530500e-01  -1.6839700e-01
   8.7536500e-01  -5.6980700e-01   7.5919000e-02
   8.7540800e-01  -6.9304100e-01  -4.0598000e-02
   8.7548200e-01  -4.5301800e-01  -1.6211000e-01
   8.7565000e-01  -4.4839700e-01  -1.6788500e-01
   8.7592700e-01  -4.6054000e-01  -1.5663400e-01
   8.7615800e-01  -4.5592800e-01  -1.6243900e-01
   8.7625400e-01  -4.5361600e-01  -1.5615800e-01
   8.7651900e-01  -4.4669600e-01  -1.6788500e-01
   8.7682500e-01  -4.5884200e-01  -1.6276900e-01
   8.7693000e-01  -4.5652900e-01  -1.5647500e-01
   8.7699700e-01  -4.5419100e-01  -1.5020000e-01
   8.7749000e-01  -5.8002400e-01   8.2870000e-02
   8.7757200e-01  -5.6640300e-01   7.5919000e-02
   8.7759800e-01  -4.5944600e-01  -1.5679300e-01
   8.7767300e-01  -4.5710700e-01  -1.5050500e-01
   8.7862900e-01  -5.3799600e-01   8.1117000e-02
   8.7869600e-01  -4.5312000e-01  -1.5647500e-01
   8.7905100e-01  -7.0021600e-01  -5.4514000e-02
   8.7936400e-01  -5.7626500e-01   7.6434000e-02
   8.7944200e-01  -4.5369500e-01  -1.5050500e-01
   8.7966000e-01  -5.3630800e-01   8.1117000e-02
   8.7975200e-01  -5.6301000e-01   7.5919000e-02
   8.8002000e-01  -5.3662500e-01   8.7427000e-02
   8.8060100e-01  -4.4507600e-01  -1.6839700e-01
   8.8142800e-01  -5.4841600e-01   8.1754000e-02
   8.8205900e-01  -5.4366700e-01   8.1595000e-02
   8.8225000e-01  -4.4396000e-01  -1.6856800e-01
   8.8225400e-01  -5.8172400e-01   8.3268000e-02
   8.8257900e-01  -7.0408600e-01  -6.8495000e-02
   8.8280500e-01  -4.5150700e-01  -1.6309900e-01
   8.8284800e-01  -7.0438100e-01  -6.1653000e-02
   8.8294100e-01  -5.5243900e-01   8.8371000e-02
   8.8330100e-01  -7.0487800e-01  -4.7962000e-02
   8.8343300e-01  -5.6365900e-01   8.2551000e-02
   8.8358500e-01  -4.5210400e-01  -1.5711100e-01
   8.8384700e-01  -6.8325000e-01  -1.4978800e-01
   8.8387100e-01  -6.8641400e-01  -1.5005700e-01
   8.8433600e-01  -4.5267900e-01  -1.5111600e-01
   8.8447900e-01  -5.5650300e-01   8.2312000e-02
   8.8547100e-01  -5.4935400e-01   8.2073000e-02
   8.8577900e-01  -5.3379000e-01   8.1435000e-02
   8.8583700e-01  -4.5622500e-01  -1.6392400e-01
   8.8600300e-01  -5.6328200e-01   8.2710000e-02
   8.8600400e-01  -4.5156400e-01  -1.6976500e-01
   8.8635500e-01  -5.6089200e-01   8.2631000e-02
   8.8639000e-01  -4.4001200e-01  -1.6891000e-01
   8.8662000e-01  -4.5682700e-01  -1.5790500e-01
   8.8711000e-01  -4.4291500e-01  -1.6925200e-01
   8.8737400e-01  -4.5740600e-01  -1.5188000e-01
   8.8752400e-01  -7.0951100e-01  -4.1335000e-02
   8.8795200e-01  -5.4622400e-01   8.8457000e-02
   8.8849700e-01  -5.3878500e-01   8.1834000e-02
   8.8920000e-01  -6.8271400e-01  -1.5032700e-01
   8.8935400e-01  -4.4933200e-01  -1.6392400e-01
   8.8962900e-01  -5.2927100e-01   8.1515000e-02
   8.8981900e-01  -6.8337000e-01  -1.4353200e-01
   8.8982900e-01  -5.3467900e-01   8.1754000e-02
   8.9011000e-01  -5.3229900e-01   8.1675000e-02
   8.9014100e-01  -4.4992700e-01  -1.5790500e-01
   8.9040900e-01  -6.8399500e-01  -1.3673300e-01
   8.9041100e-01  -5.7001200e-01   8.9744000e-02
   8.9043000e-01  -5.7277100e-01   8.3428000e-02
   8.9052400e-01  -6.8098600e-01  -1.5032700e-01
   8.9065600e-01  -5.2754200e-01   8.1515000e-02
   8.9070100e-01  -5.5669600e-01   8.9143000e-02
   8.9089900e-01  -4.5050000e-01  -1.5188000e-01
   8.9114400e-01  -6.8164100e-01  -1.4353200e-01
   8.9152400e-01  -4.5577200e-01  -1.6474800e-01
   8.9156900e-01  -5.4677700e-01   9.5126000e-02
   8.9173500e-01  -6.8226500e-01  -1.3673300e-01
   8.9196000e-01  -6.8875100e-01  -1.5113400e-01
   8.9211100e-01  -7.2432900e-01  -6.2757000e-02
   8.9231300e-01  -4.5637300e-01  -1.5869900e-01
   8.9235500e-01  -7.2459900e-01  -5.5790000e-02
   8.9256900e-01  -7.2483700e-01  -4.8821000e-02
   8.9307300e-01  -4.5695200e-01  -1.5264400e-01
   8.9411900e-01  -4.5056400e-01  -1.7096200e-01
   8.9419800e-01  -5.4642000e-01   8.2551000e-02
   8.9455200e-01  -5.4673000e-01   8.8972000e-02
   8.9472600e-01  -5.2060900e-01   8.1515000e-02
   8.9496000e-01  -5.1825000e-01   8.1435000e-02
   8.9555000e-01  -4.5642500e-01  -1.6540800e-01
   8.9573700e-01  -4.4938600e-01  -1.4629000e-01
   8.9623100e-01  -5.2969100e-01   8.1993000e-02
   8.9634300e-01  -4.5702800e-01  -1.5933500e-01
   8.9636300e-01  -5.4564600e-01   8.9058000e-02
   8.9661500e-01  -5.2220000e-01   8.8028000e-02
   8.9672800e-01  -4.4534800e-01  -1.7096200e-01
   8.9710700e-01  -4.5760800e-01  -1.5325600e-01
   8.9723700e-01  -5.5441800e-01   9.5953000e-02
   8.9730500e-01  -4.5296400e-01  -1.6540800e-01
   8.9755000e-01  -5.3607200e-01   8.8714000e-02
   8.9801800e-01  -5.2859400e-01   8.2073000e-02
   8.9810100e-01  -4.5356300e-01  -1.5933500e-01
   8.9886700e-01  -4.5414000e-01  -1.5325600e-01
   8.9897200e-01  -4.5181200e-01  -1.6557300e-01
   8.9917400e-01  -4.4477900e-01  -1.7130400e-01
   8.9977000e-01  -4.5241100e-01  -1.5949400e-01
   8.9980400e-01  -5.2749300e-01   8.2153000e-02
   8.9996900e-01  -5.6224900e-01   9.0087000e-02
   9.0009800e-01  -5.1222400e-01   7.5257000e-02
   9.0021300e-01  -7.3000100e-01  -6.3309000e-02
   9.0027100e-01  -7.2679300e-01  -6.3199000e-02
   9.0042900e-01  -5.4651900e-01   8.9401000e-02
   9.0045900e-01  -7.3027300e-01  -5.6281000e-02
   9.0051700e-01  -7.2706400e-01  -5.6182000e-02
   9.0053800e-01  -4.5298700e-01  -1.5340800e-01
   9.0067700e-01  -7.3051300e-01  -4.9250000e-02
   9.0073400e-01  -7.2730300e-01  -4.9164000e-02
   9.0136300e-01  -4.5119800e-01  -1.4717100e-01
   9.0142800e-01  -4.5124700e-01  -1.6590300e-01
   9.0148900e-01  -5.4476900e-01   8.9401000e-02
   9.0208800e-01  -4.8600300e-01   6.1995000e-02
   9.0222900e-01  -4.5184500e-01  -1.5981100e-01
   9.0266600e-01  -4.5939800e-01   4.2852000e-02
   9.0299900e-01  -4.5242000e-01  -1.5371400e-01
   9.0309600e-01  -5.1987100e-01   8.2073000e-02
   9.0341700e-01  -5.3581300e-01   8.9143000e-02
   9.0361200e-01  -5.1000900e-01   7.5404000e-02
   9.0374600e-01  -4.7738500e-01   5.5637000e-02
   9.0380400e-01  -4.8488700e-01   6.2057000e-02
   9.0404000e-01  -7.4092200e-01  -6.3861000e-02
   9.0404200e-01  -5.6314300e-01   9.0430000e-02
   9.0428800e-01  -7.4119800e-01  -5.6771000e-02
   9.0450600e-01  -7.4144100e-01  -4.9680000e-02
   9.0467700e-01  -4.5126200e-01  -1.6639700e-01
   9.0541000e-01  -4.9871400e-01   7.5109000e-02
   9.0542800e-01  -4.5665500e-01   3.6770000e-02
   9.0548100e-01  -4.5186000e-01  -1.6028800e-01
   9.0556300e-01  -5.4562000e-01   8.9744000e-02
   9.0562900e-01  -4.4716000e-01  -1.6623200e-01
   9.0571200e-01  -5.1427600e-01   7.5698000e-02
   9.0575500e-01  -4.9899100e-01   6.8860000e-02
   9.0625500e-01  -4.5243600e-01  -1.5417200e-01
   9.0636700e-01  -4.3106700e-01  -1.2798400e-01
   9.0684200e-01  -4.2434800e-01  -1.1538800e-01
   9.0699900e-01  -4.5299000e-01  -1.4805100e-01
   9.0734200e-01  -4.6537800e-01   4.3153000e-02
   9.0755900e-01  -4.7291700e-01   4.9509000e-02
   9.0770500e-01  -4.4629000e-01   2.4443000e-02
   9.0787600e-01  -4.5122800e-01  -1.4805100e-01
   9.0792100e-01  -4.4166100e-01   1.8296000e-02
   9.0796400e-01  -4.7570100e-01   5.5802000e-02
   9.0811800e-01  -5.0599100e-01   7.5551000e-02
   9.0867100e-01  -4.8621100e-01   6.2363000e-02
   9.0871400e-01  -4.5669000e-01   3.6881000e-02
   9.0904200e-01  -4.5209100e-01   3.0675000e-02
   9.0905900e-01  -4.9910100e-01   6.9063000e-02
   9.0913200e-01  -4.6187100e-01   4.3153000e-02
   9.0924800e-01  -5.1201600e-01   7.5845000e-02
   9.0937600e-01  -4.4511700e-01   2.4468000e-02
   9.0938900e-01  -4.6938900e-01   4.9509000e-02
   9.0940900e-01  -5.1475600e-01   8.2312000e-02
   9.0945600e-01  -5.0964000e-01   7.5772000e-02
   9.0947600e-01  -5.2256900e-01   8.2631000e-02
   9.0959900e-01  -4.5492500e-01   3.6881000e-02
   9.0994700e-01  -5.4404200e-01   9.0001000e-02
   9.1009900e-01  -4.2430400e-01  -1.1573700e-01
   9.1040800e-01  -4.4587200e-01  -1.4178400e-01
   9.1043000e-01  -4.3161200e-01  -1.2849800e-01
   9.1050000e-01  -5.2865300e-01   8.2949000e-02
   9.1067000e-01  -4.4127100e-01  -1.6656200e-01
   9.1108500e-01  -4.2971400e-01  -1.2228800e-01
   9.1109800e-01  -4.5361500e-01  -1.6755200e-01
   9.1120400e-01  -4.4165900e-01   1.8352000e-02
   9.1121300e-01  -4.2039800e-01  -1.0339300e-01
   9.1131600e-01  -4.3937800e-01   1.2222000e-02
   9.1134000e-01  -4.8329100e-01   6.2425000e-02
   9.1142200e-01  -5.3466600e-01   9.6137000e-02
   9.1149800e-01  -5.1903300e-01   8.2631000e-02
   9.1177200e-01  -4.9618700e-01   6.9130000e-02
   9.1190900e-01  -4.5421600e-01  -1.6140000e-01
   9.1199500e-01  -4.5185800e-01  -1.6124100e-01
   9.1208700e-01  -4.5434800e-01   3.6954000e-02
   9.1233000e-01  -4.5210600e-01   3.0767000e-02
   9.1255700e-01  -4.7675800e-01   6.2302000e-02
   9.1269000e-01  -4.5479400e-01  -1.5524200e-01
   9.1276000e-01  -4.8690300e-01   6.2608000e-02
   9.1277600e-01  -4.5243400e-01  -1.5508900e-01
   9.1279500e-01  -5.2270600e-01   8.2870000e-02
   9.1284500e-01  -4.7697900e-01   5.6078000e-02
   9.1352600e-01  -4.5298800e-01  -1.4893100e-01
   9.1364800e-01  -4.5065800e-01  -1.6771700e-01
   9.1379700e-01  -4.4594400e-01  -1.6738700e-01
   9.1386100e-01  -5.3937500e-01   9.0087000e-02
   9.1402800e-01  -4.7540300e-01   4.9853000e-02
   9.1452100e-01  -4.4888300e-01  -1.6771700e-01
   9.1457100e-01  -4.3695100e-01  -1.3552300e-01
   9.1468700e-01  -4.3703400e-01   6.1240000e-03
   9.1493300e-01  -4.8357800e-01   5.6354000e-02
   9.1507100e-01  -4.7124600e-01   4.9804000e-02
   9.1514000e-01  -5.0652700e-01   8.2392000e-02
   9.1517400e-01  -5.3520200e-01   9.0001000e-02
   9.1530700e-01  -4.3271800e-01  -1.2914100e-01
   9.1532900e-01  -4.3988400e-01  -1.3579200e-01
   9.1533700e-01  -4.3989000e-01   1.8407000e-02
   9.1541300e-01  -4.3994500e-01   1.2272000e-02
   9.1548400e-01  -4.7403600e-01   5.6134000e-02
   9.1548900e-01  -5.0168600e-01   6.9535000e-02
   9.1553900e-01  -4.3051000e-01  -1.2222000e-02
   9.1554900e-01  -4.3526800e-01   0.0000000e+00
   9.1556200e-01  -4.3289900e-01  -6.1170000e-03
   9.1569200e-01  -4.4974000e-01   3.0828000e-02
   9.1572300e-01  -5.0443000e-01   7.5992000e-02
   9.1585100e-01  -5.4372700e-01   9.0430000e-02
   9.1603300e-01  -4.9451400e-01   6.9332000e-02
   9.1640100e-01  -4.3112100e-01  -6.1170000e-03
   9.1664800e-01  -4.9750900e-01   6.9467000e-02
   9.1670100e-01  -4.4806200e-01   2.4664000e-02
   9.1684800e-01  -4.5301000e-01  -1.6203500e-01
   9.1689000e-01  -4.2437100e-01  -3.0521000e-02
   9.1700600e-01  -4.2917800e-01  -2.4468000e-02
   9.1737100e-01  -4.4855000e-01   3.0859000e-02
   9.1742300e-01  -4.2006500e-01  -9.7821000e-02
   9.1763400e-01  -4.5358800e-01  -1.5585300e-01
   9.1763900e-01  -5.1111200e-01   7.6360000e-02
   9.1774100e-01  -5.3470200e-01   9.0173000e-02
   9.1774100e-01  -4.4640500e-01  -1.4276800e-01
   9.1790100e-01  -4.2039600e-01  -9.1725000e-02
   9.1791000e-01  -4.4414600e-01  -1.6788200e-01
   9.1793100e-01  -4.2983000e-01  -1.8370000e-02
   9.1797500e-01  -4.3700100e-01   6.1420000e-03
   9.1800600e-01  -4.2515200e-01  -1.1044300e-01
   9.1822000e-01  -4.6133900e-01   4.3496000e-02
   9.1836300e-01  -5.1687800e-01   8.3029000e-02
   9.1837500e-01  -4.7127600e-01   4.9951000e-02
   9.1838900e-01  -4.5414300e-01  -1.4966500e-01
   9.1845600e-01  -5.0149000e-01   7.6066000e-02
   9.1856200e-01  -4.9396500e-01   6.9467000e-02
   9.1858900e-01  -4.8641100e-01   6.2915000e-02
   9.1882400e-01  -4.3046100e-01  -1.2259000e-02
   9.1887000e-01  -4.3049300e-01  -6.1300000e-03
   9.1892300e-01  -4.6431700e-01   4.3582000e-02
   9.1904100e-01  -5.0451500e-01   7.6213000e-02
   9.1905500e-01  -4.2355200e-01  -9.8115000e-02
   9.1923500e-01  -4.3075000e-01  -1.2326800e-01
   9.1933500e-01  -4.2844900e-01  -3.0644000e-02
   9.1936600e-01  -4.2141300e-01  -1.0422600e-01
   9.1947400e-01  -4.2854600e-01  -2.4517000e-02
   9.1948500e-01  -4.2618700e-01  -2.4492000e-02
   9.1961900e-01  -4.2864800e-01  -1.1077300e-01
   9.1968600e-01  -5.2053100e-01   8.3268000e-02
   9.1987700e-01  -4.2646100e-01  -1.1690000e-01
   9.2007200e-01  -4.5052000e-01  -1.4333100e-01
   9.2014000e-01  -5.1572100e-01   8.3109000e-02
   9.2078600e-01  -4.2004400e-01  -7.3491000e-02
   9.2106200e-01  -4.3920700e-01  -1.3646500e-01
   9.2113400e-01  -4.1793500e-01  -6.7309000e-02
   9.2122000e-01  -4.2034400e-01  -7.9682000e-02
   9.2128100e-01  -4.3696800e-01   0.0000000e+00
   9.2141400e-01  -7.2665300e-01  -1.2862900e-01
   9.2161400e-01  -4.4921800e-01   2.4787000e-02
   9.2162200e-01  -4.2062200e-01  -8.5883000e-02
   9.2163100e-01  -7.3019400e-01  -1.5060000e-01
   9.2163300e-01  -4.2534900e-01  -3.6807000e-02
   9.2167100e-01  -4.7131500e-01   5.0098000e-02
   9.2169800e-01  -4.8127400e-01   5.6630000e-02
   9.2190300e-01  -4.8645500e-01   6.3099000e-02
   9.2195300e-01  -4.4224700e-01   1.2357000e-02
   9.2197000e-01  -4.7648400e-01   5.6520000e-02
   9.2203600e-01  -4.3034700e-01  -1.8444000e-02
   9.2206600e-01  -4.5684500e-01   3.1104000e-02
   9.2208100e-01  -4.3753700e-01   6.1670000e-03
   9.2229800e-01  -4.3053100e-01  -1.1736600e-01
   9.2242100e-01  -4.1882100e-01  -7.3565000e-02
   9.2244600e-01  -4.3540300e-01  -1.2388000e-01
   9.2250500e-01  -4.3067700e-01  -1.2363500e-01
   9.2252300e-01  -4.8441600e-01   6.9400000e-02
   9.2261600e-01  -4.5969700e-01   3.7396000e-02
   9.2262300e-01  -4.2603900e-01  -3.0705000e-02
   9.2281500e-01  -4.6969700e-01   4.3840000e-02
   9.2287000e-01  -4.2855500e-01  -1.8444000e-02
   9.2293100e-01  -4.3097600e-01  -1.2308000e-02
   9.2304700e-01  -7.2840300e-01  -1.5060000e-01
   9.2314900e-01  -4.2167800e-01  -9.8409000e-02
   9.2316100e-01  -4.8742600e-01   6.9535000e-02
   9.2346300e-01  -4.3373400e-01  -1.3016900e-01
   9.2362400e-01  -4.4103700e-01   1.2370000e-02
   9.2363000e-01  -4.2201000e-01  -9.2277000e-02
   9.2366300e-01  -7.2906300e-01  -1.4346500e-01
   9.2366400e-01  -4.3866300e-01   1.2357000e-02
   9.2367600e-01  -4.1968500e-01  -7.9842000e-02
   9.2369000e-01  -4.7529500e-01   5.6575000e-02
   9.2371400e-01  -4.2679900e-01  -1.1110400e-01
   9.2405500e-01  -4.1759300e-01  -7.3638000e-02
   9.2415300e-01  -4.4624000e-01   2.4811000e-02
   9.2421200e-01  -4.4870400e-01  -1.4375300e-01
   9.2423800e-01  -4.9586500e-01   6.9872000e-02
   9.2424800e-01  -7.2969100e-01  -1.3632500e-01
   9.2425700e-01  -4.2717800e-01  -1.0495500e-01
   9.2427300e-01  -4.2245400e-01  -1.0474600e-01
   9.2437300e-01  -4.4639800e-01  -1.6903600e-01
   9.2441300e-01  -4.1783800e-01  -6.7511000e-02
   9.2446000e-01  -7.2661000e-01  -1.5060000e-01
   9.2449400e-01  -4.4165800e-01  -1.6870600e-01
   9.2490500e-01  -5.0403400e-01   7.6581000e-02
   9.2492000e-01  -4.2526800e-01  -3.6918000e-02
   9.2501300e-01  -4.4928300e-01   1.8646000e-02
   9.2507700e-01  -7.2726800e-01  -1.4346500e-01
   9.2566300e-01  -7.2789500e-01  -1.3632500e-01
   9.2578100e-01  -4.7192100e-01   5.0294000e-02
   9.2585600e-01  -4.3782000e-01  -1.3068300e-01
   9.2591200e-01  -4.2595600e-01  -3.0798000e-02
   9.2604300e-01  -4.2842200e-01  -2.4664000e-02
   9.2622400e-01  -4.3090300e-01  -1.2345000e-02
   9.2627000e-01  -4.3093500e-01  -6.1730000e-03
   9.2699900e-01  -4.2433900e-01  -1.1132400e-01
   9.2728600e-01  -4.5822700e-01  -1.6394200e-01
   9.2736100e-01  -4.2222100e-01  -8.6398000e-02
   9.2760600e-01  -4.6832300e-01   5.0294000e-02
   9.2772900e-01  -4.2247400e-01  -9.2644000e-02
   9.2773400e-01  -4.9349400e-01   7.0007000e-02
   9.2774800e-01  -4.8590500e-01   6.3406000e-02
   9.2777800e-01  -4.2014500e-01  -8.0161000e-02
   9.2779200e-01  -4.2964100e-01  -1.8536000e-02
   9.2784000e-01  -4.3922500e-01   0.0000000e+00
   9.2788600e-01  -4.3445800e-01  -6.1910000e-03
   9.2808200e-01  -4.5881000e-01  -1.5768700e-01
   9.2834900e-01  -4.9652000e-01   7.0142000e-02
   9.2837600e-01  -4.4685300e-01   1.8683000e-02
   9.2871500e-01  -5.1742700e-01   9.0259000e-02
   9.2884700e-01  -4.5937000e-01  -1.5142600e-01
   9.2888400e-01  -4.2327000e-01  -9.8997000e-02
   9.2897100e-01  -4.5700800e-01  -1.6410000e-01
   9.2924500e-01  -4.4747700e-01  -1.6986100e-01
   9.2938600e-01  -4.7712500e-01   5.6906000e-02
   9.2965400e-01  -4.2380000e-01  -4.3239000e-02
   9.2967600e-01  -5.2081500e-01   8.3985000e-02
   9.2977000e-01  -4.5759000e-01  -1.5783900e-01
   9.2989600e-01  -4.7251400e-01   5.0491000e-02
   9.2992900e-01  -4.5283800e-01  -1.6394200e-01
   9.3025600e-01  -4.2897100e-01  -1.1187600e-01
   9.3035200e-01  -4.6788300e-01   4.4098000e-02
   9.3053700e-01  -4.5814900e-01  -1.5157300e-01
   9.3064400e-01  -4.2210900e-01  -8.6655000e-02
   9.3072900e-01  -4.5341700e-01  -1.5768700e-01
   9.3075400e-01  -4.6323100e-01   3.7727000e-02
   9.3080700e-01  -4.5103200e-01  -1.6394200e-01
   9.3106500e-01  -4.2239800e-01  -4.9460000e-02
   9.3114200e-01  -4.3915200e-01   0.0000000e+00
   9.3118100e-01  -4.5616500e-01   3.1350000e-02
   9.3138600e-01  -4.5389200e-01   2.5057000e-02
   9.3149700e-01  -4.5397200e-01  -1.5142600e-01
   9.3149900e-01  -4.2744900e-01  -3.7175000e-02
   9.3150900e-01  -4.5153700e-01  -1.4487800e-01
   9.3160700e-01  -4.5160900e-01  -1.5768700e-01
   9.3165100e-01  -4.6142300e-01   3.7727000e-02
   9.3181400e-01  -4.2054200e-01  -6.8051000e-02
   9.3228500e-01  -4.2086300e-01  -8.6741000e-02
   9.3232900e-01  -4.4968900e-01   2.5032000e-02
   9.3237700e-01  -4.5216300e-01  -1.5142600e-01
   9.3246500e-01  -4.2573400e-01  -1.0568300e-01
   9.3249600e-01  -4.4737500e-01   1.8756000e-02
   9.3270800e-01  -4.2115200e-01  -4.9509000e-02
   9.3270900e-01  -4.2115300e-01  -8.0559000e-02
   9.3272000e-01  -4.4268300e-01   6.2400000e-03
   9.3291700e-01  -4.3321300e-01  -1.1864500e-01
   9.3292400e-01  -5.0780900e-01   7.7243000e-02
   9.3310100e-01  -4.2142100e-01  -7.4374000e-02
   9.3321700e-01  -4.4545900e-01  -1.3834900e-01
   9.3331500e-01  -4.2870400e-01  -3.1043000e-02
   9.3345300e-01  -4.8773300e-01   6.3774000e-02
   9.3347500e-01  -4.2405000e-01  -9.3196000e-02
   9.3348900e-01  -4.4322700e-01   1.2492000e-02
   9.3352800e-01  -4.4083600e-01  -1.6362400e-01
   9.3361200e-01  -4.3369800e-01  -1.2443000e-02
   9.3366000e-01  -4.3610600e-01   0.0000000e+00
   9.3367500e-01  -4.5554800e-01   3.1411000e-02
   9.3375600e-01  -4.3140100e-01  -1.1864500e-01
   9.3426400e-01  -4.3175300e-01  -2.4885000e-02
   9.3519000e-01  -4.3959000e-01  -1.6378300e-01
   9.3521200e-01  -4.4202400e-01   6.2520000e-03
   9.3527800e-01  -4.6904200e-01   4.4312000e-02
   9.3545000e-01  -4.2540400e-01  -9.9683000e-02
   9.3547800e-01  -5.0722700e-01   7.7390000e-02
   9.3576500e-01  -4.4971000e-01  -1.6457700e-01
   9.3592300e-01  -4.3050700e-01  -2.4909000e-02
   9.3624800e-01  -4.5984400e-01  -1.6537100e-01
   9.3635000e-01  -4.3798900e-01  -1.2559300e-01
   9.3644300e-01  -4.2847200e-01  -3.7359000e-02
   9.3658300e-01  -4.6255700e-01   3.7911000e-02
   9.3699200e-01  -4.6781700e-01   4.4355000e-02
   9.3705400e-01  -4.6042900e-01  -1.5906200e-01
   9.3718800e-01  -7.5713300e-01  -1.0261400e-01
   9.3721700e-01  -4.2185100e-01  -7.4668000e-02
   9.3750400e-01  -4.4607200e-01  -1.6457700e-01
   9.3758000e-01  -4.2209800e-01  -6.8456000e-02
   9.3761600e-01  -4.4372000e-01   1.2542000e-02
   9.3772000e-01  -4.4136800e-01   0.0000000e+00
   9.3782800e-01  -4.6099100e-01  -1.5274600e-01
   9.3801500e-01  -4.5376700e-01  -1.4586300e-01
   9.3821200e-01  -4.2252700e-01  -5.6023000e-02
   9.3826200e-01  -4.2972500e-01  -3.1196000e-02
   9.3840900e-01  -4.2504400e-01  -9.3655000e-02
   9.3846500e-01  -4.2986400e-01  -1.1275700e-01
   9.3850100e-01  -4.3228800e-01  -1.8738000e-02
   9.3852300e-01  -4.4193200e-01   6.2710000e-03
   9.3858200e-01  -4.3716100e-01  -6.2590000e-03
   9.3870400e-01  -4.6658700e-01   4.4398000e-02
   9.3909700e-01  -4.8191000e-01   5.7513000e-02
   9.3930200e-01  -4.3525000e-01  -1.8775000e-02
   9.3930600e-01  -4.2327100e-01  -4.9853000e-02
   9.3970300e-01  -4.5497800e-01  -1.6553000e-01
   9.3988100e-01  -4.5020000e-01   1.8904000e-02
   9.3996300e-01  -4.9014400e-01   6.4203000e-02
   9.4013500e-01  -7.3998500e-01  -1.5329800e-01
   9.4031100e-01  -4.3354000e-01  -1.1945900e-01
   9.4036400e-01  -4.2877200e-01  -4.3754000e-02
   9.4037000e-01  -4.2638200e-01  -4.3711000e-02
   9.4038500e-01  -4.2639200e-01  -1.0017400e-01
   9.4051300e-01  -4.5555900e-01  -1.5921500e-01
   9.4057000e-01  -4.2891300e-01  -3.7507000e-02
   9.4067300e-01  -4.2898400e-01  -1.0662100e-01
   9.4093000e-01  -4.4362300e-01   1.2578000e-02
   9.4104700e-01  -4.5840700e-01   3.1656000e-02
   9.4126100e-01  -4.3902800e-01  -1.2620500e-01
   9.4129100e-01  -4.5611700e-01  -1.5289300e-01
   9.4134300e-01  -4.4391400e-01  -1.3286700e-01
   9.4136300e-01  -7.4129100e-01  -1.3876800e-01
   9.4152300e-01  -4.6367300e-01   3.8095000e-02
   9.4163100e-01  -4.8128100e-01   5.7624000e-02
   9.4176900e-01  -4.2494500e-01  -8.1356000e-02
   9.4184600e-01  -4.3701500e-01  -1.2554000e-02
   9.4187000e-01  -4.3461700e-01  -1.2542000e-02
   9.4202200e-01  -4.2511700e-01  -4.3754000e-02
   9.4216500e-01  -4.4937500e-01  -1.3969500e-01
   9.4226800e-01  -4.5189800e-01  -1.6568900e-01
   9.4227600e-01  -4.7420700e-01   5.1079000e-02
   9.4243900e-01  -4.4712300e-01   1.8922000e-02
   9.4296200e-01  -4.5485100e-01   2.5327000e-02
   9.4299000e-01  -4.2338400e-01  -7.5109000e-02
   9.4320100e-01  -4.5010800e-01   1.8959000e-02
   9.4335500e-01  -4.2363200e-01  -6.8860000e-02
   9.4368900e-01  -4.2385800e-01  -6.2608000e-02
   9.4384300e-01  -4.5301900e-01   2.5327000e-02
   9.4404200e-01  -4.3129300e-01  -3.1380000e-02
   9.4413700e-01  -4.4343800e-01  -1.5890900e-01
   9.4456300e-01  -4.7841400e-01   5.1276000e-02
   9.4483000e-01  -4.4881000e-01  -1.5936700e-01
   9.4517900e-01  -4.3932900e-01  -6.3020000e-03
   9.4565000e-01  -4.6420700e-01   3.8243000e-02
   9.4581600e-01  -4.3492400e-01  -2.5179000e-02
   9.4589400e-01  -4.2535000e-01  -8.1675000e-02
   9.4628400e-01  -4.2801400e-01  -8.8114000e-02
   9.4657700e-01  -4.4759200e-01   1.8996000e-02
   9.4746800e-01  -4.2881900e-01  -9.4574000e-02
   9.4762200e-01  -4.4346100e-01   0.0000000e+00
   9.4766000e-01  -4.4105000e-01   0.0000000e+00
   9.4770000e-01  -4.5823500e-01   3.1840000e-02
   9.4798400e-01  -4.5349700e-01   2.5425000e-02
   9.4800400e-01  -4.3159300e-01  -3.7801000e-02
   9.4863400e-01  -4.4172700e-01  -1.2718500e-01
   9.4895300e-01  -4.2742100e-01  -5.6686000e-02
   9.4998200e-01  -4.4752800e-01   1.2701000e-02
   9.5003000e-01  -4.4756200e-01   6.3510000e-03
   9.5005700e-01  -4.6240500e-01   3.1963000e-02
   9.5086900e-01  -4.3840200e-01  -1.8996000e-02
   9.5160600e-01  -4.3647800e-01  -2.5327000e-02
   9.5206300e-01  -4.2952700e-01  -8.8629000e-02
   9.5244900e-01  -4.2737600e-01  -6.9535000e-02
   9.5253300e-01  -4.2984500e-01  -5.0589000e-02
   9.5261100e-01  -4.4204100e-01  -6.3510000e-03
   9.5278700e-01  -4.2760400e-01  -6.3222000e-02
   9.5336700e-01  -4.3768500e-01  -1.9033000e-02
   9.5416900e-01  -4.4802400e-01   6.3750000e-03
   9.5439100e-01  -4.5061400e-01  -1.3479500e-01
   9.5456000e-01  -4.2879900e-01  -7.6066000e-02
   9.5478400e-01  -4.3622100e-01  -3.1748000e-02
   9.5506700e-01  -4.4129100e-01  -1.2726000e-02
   9.5511500e-01  -4.4132500e-01  -6.3630000e-03
   9.5531200e-01  -4.5620600e-01  -1.5480100e-01
   9.5546800e-01  -4.3668800e-01  -1.0839100e-01
   9.5557600e-01  -4.2948400e-01  -5.7072000e-02
   9.5558500e-01  -4.4655100e-01  -1.6074300e-01
   9.5585900e-01  -4.4674100e-01   6.3810000e-03
   9.5587800e-01  -4.4185000e-01  -1.2155300e-01
   9.5607200e-01  -4.5674300e-01  -1.4839400e-01
   9.5633700e-01  -4.4953500e-01  -1.6104800e-01
   9.5651300e-01  -4.3984200e-01  -1.1507200e-01
   9.5680000e-01  -4.5725600e-01  -1.4198300e-01
   9.5710500e-01  -4.3537000e-01  -3.8169000e-02
   9.5727500e-01  -4.5263200e-01   1.9217000e-02
   9.5918600e-01  -4.6393400e-01  -1.6242300e-01
   9.5920800e-01  -4.4660100e-01   0.0000000e+00
   9.5931700e-01  -4.3687400e-01  -1.0233000e-01
   9.6022000e-01  -4.3504800e-01  -4.4656000e-02
   9.6024400e-01  -7.8929700e-01  -8.3158000e-02
   9.6066800e-01  -4.3535100e-01  -9.5953000e-02
   9.6074500e-01  -4.6504300e-01  -1.4952000e-01
   9.6147000e-01  -4.4078500e-01  -1.1562300e-01
   9.6159600e-01  -4.3354200e-01  -8.3109000e-02
   9.6232400e-01  -4.5370800e-01   1.2873000e-02
   9.6268000e-01  -4.5890700e-01  -1.6257600e-01
   9.6284300e-01  -4.3194800e-01  -7.6728000e-02
   9.6321800e-01  -4.3219900e-01  -7.0344000e-02
   9.6391200e-01  -4.6981600e-01  -1.6349300e-01
   9.6401100e-01  -4.4252000e-01  -2.5670000e-02
   9.6446200e-01  -4.3547400e-01  -8.9830000e-02
   9.6454000e-01  -4.4042400e-01  -1.0943200e-01
   9.6491900e-01  -4.3334100e-01  -8.3348000e-02
   9.6496100e-01  -4.3581000e-01  -5.1276000e-02
   9.6498300e-01  -4.6052500e-01  -1.4319400e-01
   9.6510900e-01  -4.3835700e-01  -1.0291800e-01
   9.6548000e-01  -4.7093600e-01  -1.5050400e-01
   9.6599200e-01  -4.5873200e-01  -1.5641500e-01
   9.6604600e-01  -4.3409800e-01  -6.4141000e-02
   9.6613300e-01  -4.3415600e-01  -8.9916000e-02
   9.6653600e-01  -4.6664100e-01  -1.6364600e-01
   9.6664400e-01  -4.4678600e-01  -1.2885000e-02
   9.6666400e-01  -4.4927300e-01   0.0000000e+00
   9.6676200e-01  -4.5927100e-01  -1.4994200e-01
   9.6733900e-01  -4.6721000e-01  -1.5714800e-01
   9.6742800e-01  -4.4485200e-01  -1.9327000e-02
   9.6749900e-01  -4.5978700e-01  -1.4346300e-01
   9.6751000e-01  -4.4490800e-01  -1.2885000e-02
   9.6769100e-01  -4.3765100e-01  -4.4999000e-02
   9.6801500e-01  -4.3541900e-01  -5.7845000e-02
   9.6810900e-01  -4.6775600e-01  -1.5064500e-01
   9.6849400e-01  -4.5800700e-01  -1.5670800e-01
   9.6870600e-01  -4.4079300e-01  -3.8648000e-02
   9.6880900e-01  -4.4579500e-01  -1.5597400e-01
   9.6886500e-01  -7.8101700e-01  -1.5191200e-01
   9.6938100e-01  -4.5612600e-01  -1.5670800e-01
   9.6957400e-01  -4.4879400e-01  -1.5626800e-01
   9.6968200e-01  -4.4391900e-01  -3.2270000e-02
   9.7033000e-01  -4.5179700e-01  -1.5656100e-01
   9.7049100e-01  -4.4446900e-01  -1.5612100e-01
   9.7164200e-01  -4.5021100e-01  -6.4790000e-03
   9.7230900e-01  -4.4570500e-01  -2.5891000e-02
   9.7352000e-01  -4.5649300e-01  -1.5729500e-01
   9.7472200e-01  -4.4239100e-01  -9.7423000e-02
   9.7475300e-01  -4.3994200e-01  -9.7332000e-02
   9.7690400e-01  -4.3894400e-01  -9.0945000e-02
   9.7735100e-01  -4.3924400e-01  -8.4463000e-02
   9.7776500e-01  -4.3952100e-01  -7.7978000e-02
   9.7876400e-01  -4.5009200e-01  -1.1782800e-01
   9.7895000e-01  -7.9186800e-01  -1.4598000e-01
   9.7954400e-01  -7.9250700e-01  -1.3832900e-01
   9.8010600e-01  -7.9311200e-01  -1.3067300e-01
   9.8290500e-01  -4.7311800e-01  -1.5964300e-01
   9.8348500e-01  -4.5581200e-01  -1.5191100e-01
   9.8368900e-01  -4.7367000e-01  -1.5303600e-01
   9.8487900e-01  -4.4673900e-01  -5.2404000e-02
   9.8727100e-01  -4.4587500e-01  -7.2232000e-02
   9.8928200e-01  -4.4721900e-01  -6.5797000e-02
   9.8957300e-01  -4.7269800e-01  -1.5373900e-01
   9.9033000e-01  -4.7322600e-01  -1.4709700e-01
   9.9105400e-01  -4.7373000e-01  -1.4044800e-01
   9.9292900e-01  -4.7246900e-01  -1.5416100e-01
   9.9368900e-01  -4.7299700e-01  -1.4750000e-01
   9.9428900e-01  -4.5811000e-01  -1.6023000e-01
   9.9441600e-01  -4.7350100e-01  -1.4083400e-01
   9.9690500e-01  -4.5734400e-01  -3.9862000e-02
   1.0008900e+00  -4.5748700e-01  -4.6674000e-02
   1.0011680e+00  -4.6276600e-01  -3.3405000e-02
   1.0012220e+00  -4.5520100e-01  -5.9997000e-02
   1.0018470e+00  -4.7349100e-01  -1.3489700e-01
   1.0021970e+00  -4.7115500e-01  -1.5528700e-01
   1.0044290e+00  -4.5986300e-01  -4.0157000e-02
   1.0045510e+00  -4.6249800e-01  -3.3497000e-02
   1.0053580e+00  -4.7590700e-01  -1.5599000e-01
   1.0056630e+00  -4.5817000e-01  -5.3582000e-02
   1.0061290e+00  -4.7643800e-01  -1.4925000e-01
   1.0062600e+00  -4.5602300e-01  -6.0273000e-02
   1.0065500e+00  -4.5621600e-01  -5.3582000e-02
   1.0068070e+00  -4.5638700e-01  -4.6889000e-02
   1.0068670e+00  -4.7694600e-01  -1.4250400e-01
   1.0075800e+00  -4.5945200e-01  -4.6974000e-02
   1.0086330e+00  -4.6015600e-01  -4.0304000e-02
   1.0109200e+00  -4.5912500e-01  -6.7330000e-02
   1.0124780e+00  -4.6526600e-01  -1.5627100e-01
   1.0125760e+00  -4.8348800e-01  -1.5739700e-01
   1.0148050e+00  -4.8502800e-01  -1.3697800e-01
   1.0151940e+00  -4.5684500e-01  -6.7514000e-02
   1.0155230e+00  -4.5706200e-01  -6.0770000e-02
   1.0159690e+00  -4.5991900e-01  -6.7637000e-02
   1.0162980e+00  -4.6013600e-01  -6.0880000e-02
   1.0164380e+00  -4.6022900e-01  -7.4458000e-02
   1.0174240e+00  -4.6088300e-01  -5.4171000e-02
   1.0182170e+00  -4.5627800e-01  -7.4458000e-02
   1.0185820e+00  -4.5651800e-01  -6.7698000e-02
   1.0188640e+00  -4.6441300e-01  -7.4728000e-02
   1.0189110e+00  -4.5673500e-01  -6.0936000e-02
   1.0198270e+00  -4.5990400e-01  -7.4660000e-02
   1.0201690e+00  -8.4370500e-01  -1.3733600e-01
   1.0207240e+00  -8.4430600e-01  -1.2928500e-01
   1.0208180e+00  -4.6055800e-01  -5.4318000e-02
   1.0242160e+00  -4.8624900e-01  -1.5207600e-01
   1.0279690e+00  -8.4838000e-01  -1.4648500e-01
   1.0285620e+00  -8.4902100e-01  -1.3837800e-01
   1.0305340e+00  -4.7738700e-01  -1.5234500e-01
   1.0341610e+00  -4.9040400e-01  -1.5355700e-01
   1.0504840e+00  -5.0154600e-01  -1.4905800e-01
   1.0512220e+00  -5.0205000e-01  -1.4199600e-01
   1.0519230e+00  -5.0252900e-01  -1.3493000e-01
   1.0532960e+00  -5.1163200e-01  -1.5719000e-01
   1.0540710e+00  -5.1216800e-01  -1.5008600e-01
   1.0674300e+00  -8.9891900e-01  -1.2775300e-01
   1.0724120e+00  -5.1928500e-01  -1.5265600e-01
   1.0731660e+00  -5.1980200e-01  -1.4542400e-01
   1.0826240e+00  -5.2069200e-01  -1.6879000e-01
   1.0857530e+00  -5.2282000e-01  -1.3958200e-01
   1.0891980e+00  -5.2516100e-01  -1.6243900e-01
   1.0907720e+00  -5.2623100e-01  -1.4775000e-01
   1.1170690e+00  -5.4410700e-01  -1.5933800e-01
   1.1509380e+00  -9.9416500e-01  -1.3006900e-01
   1.1514580e+00  -9.9473300e-01  -1.2079900e-01
   1.2094080e+00  -1.0626690e+00  -1.3779000e-01
   1.2099570e+00  -1.0632720e+00  -1.2797000e-01
   1.2104660e+00  -1.0638300e+00  -1.1814500e-01
   1.2159310e+00  -1.0744750e+00  -1.2892600e-01
   2.7973630e+00  -1.7559310e+00   8.0962000e-02
   2.8045810e+00  -1.7376300e+00   6.0650000e-02
   2.8104140e+00  -1.7338910e+00   6.0705000e-02
   2.8106690e+00  -1.7340680e+00   4.0472000e-02
   2.8182050e+00  -1.7237070e+00   4.0484000e-02
   2.8183590e+00  -1.7238130e+00   2.0242000e-02
   2.8231960e+00  -1.7193620e+00   4.0508000e-02
   2.8233500e+00  -1.7194680e+00   2.0255000e-02
   2.8234010e+00  -1.7195030e+00   0.0000000e+00
   2.8271920e+00  -1.7377040e+00   4.0668000e-02
   2.8273450e+00  -1.7378100e+00   2.0334000e-02
   2.8291790e+00  -1.7079290e+00   2.0248000e-02
   2.8333030e+00  -1.6952520e+00   2.0230000e-02
   2.8358020e+00  -1.7046740e+00   2.0273000e-02
   2.8365540e+00  -1.6821100e+00   0.0000000e+00
   2.8366710e+00  -1.6975230e+00   0.0000000e+00
   2.8407920e+00  -1.6925690e+00   0.0000000e+00
   2.8415500e+00  -1.7241300e+00  -2.0365000e-02
   2.8415500e+00  -1.7241300e+00   2.0365000e-02
   2.8416010e+00  -1.7241650e+00   0.0000000e+00
   2.8420250e+00  -1.6703930e+00  -4.0398000e-02
   2.8421800e+00  -1.6704950e+00  -2.0199000e-02
   2.8431440e+00  -1.6788160e+00   0.0000000e+00
   2.8432310e+00  -1.6942060e+00  -2.0279000e-02
   2.8433070e+00  -1.7097540e+00   0.0000000e+00
   2.8447580e+00  -1.6798900e+00  -2.0242000e-02
   2.8460680e+00  -1.6884700e+00  -1.0141100e-01
   2.8464780e+00  -1.6887450e+00  -2.0279000e-02
   2.8465340e+00  -1.6887810e+00  -8.1133000e-02
   2.8471550e+00  -1.6891960e+00  -4.0570000e-02
   2.8479220e+00  -1.6666260e+00  -2.0218000e-02
   2.8511040e+00  -1.6687270e+00  -4.0484000e-02
   2.8514040e+00  -1.6766100e+00  -8.1084000e-02
   2.8517070e+00  -1.6538090e+00  -4.0398000e-02
   2.8517670e+00  -1.6768500e+00  -6.0816000e-02
   2.8543390e+00  -1.6631880e+00  -4.0484000e-02
   2.8553870e+00  -1.6638770e+00  -8.1011000e-02
   2.8557510e+00  -1.6641160e+00  -6.0761000e-02
   2.8579200e+00  -1.6886520e+00  -4.0680000e-02
   2.8582630e+00  -1.6504530e+00  -4.0447000e-02
   2.8595860e+00  -1.6897610e+00  -1.2216300e-01
   2.8601580e+00  -1.6901410e+00  -1.0181000e-01
   2.8606260e+00  -1.6904530e+00  -8.1452000e-02
   2.8609900e+00  -1.6906950e+00  -6.1092000e-02
   2.8610790e+00  -1.7061870e+00  -1.0208600e-01
   2.8615470e+00  -1.7065010e+00  -8.1673000e-02
   2.8621710e+00  -1.7069200e+00  -4.0840000e-02
   2.8623110e+00  -1.7304500e+00   0.0000000e+00
   2.8635020e+00  -1.6538680e+00  -8.1060000e-02
   2.8638670e+00  -1.6541050e+00  -6.0797000e-02
   2.8640310e+00  -1.7159660e+00  -8.1845000e-02
   2.8648110e+00  -1.7164920e+00  -2.0463000e-02
   2.8651820e+00  -1.7012480e+00  -6.1258000e-02
   2.8655000e+00  -1.6782300e+00  -8.1403000e-02
   2.8658650e+00  -1.6784710e+00  -6.1055000e-02
   2.8661410e+00  -1.6632570e+00  -8.1231000e-02
   2.8665050e+00  -1.6634960e+00  -6.0926000e-02
   2.8699540e+00  -1.6734520e+00  -1.0181000e-01
   2.8707070e+00  -1.6433400e+00  -8.1084000e-02
   2.8710720e+00  -1.6435770e+00  -6.0816000e-02
   2.8710760e+00  -1.6435790e+00  -1.0138000e-01
   2.8725780e+00  -1.6521140e+00  -8.1231000e-02
   2.8726860e+00  -1.7218000e+00  -6.1571000e-02
   2.8727030e+00  -1.7139900e+00  -6.1497000e-02
   2.8729440e+00  -1.6523520e+00  -6.0926000e-02
   2.8729470e+00  -1.7219760e+00  -4.1048000e-02
   2.8747570e+00  -1.6612030e+00  -1.0174800e-01
   2.8762250e+00  -1.6316410e+00  -8.1060000e-02
   2.8771380e+00  -1.6550740e+00  -1.0171800e-01
   2.8782160e+00  -1.6711610e+00  -1.0199400e-01
   2.8809860e+00  -1.6423290e+00  -1.0162600e-01
   2.8814580e+00  -1.6426320e+00  -8.1305000e-02
   2.8833280e+00  -1.6361920e+00  -1.0159500e-01
   2.8856090e+00  -1.6529710e+00  -1.2231000e-01
   2.8869730e+00  -1.6308930e+00  -8.1281000e-02
   2.8896600e+00  -1.6249830e+00  -1.0159500e-01
   2.8909250e+00  -1.6717410e+00  -1.2282600e-01
   2.8916510e+00  -1.6644930e+00  -1.2271500e-01
   2.8920060e+00  -1.6417530e+00  -1.2231000e-01
   2.8921630e+00  -1.6418540e+00  -1.4272700e-01
   2.8935040e+00  -1.6350600e+00  -1.2223700e-01
   2.8940830e+00  -1.6354300e+00  -1.0187100e-01
   2.8958290e+00  -1.6289020e+00  -1.2220000e-01
   2.8980570e+00  -1.6533140e+00  -1.2271500e-01
   2.8987230e+00  -1.6231100e+00  -1.0181000e-01
   2.9002030e+00  -1.6316810e+00  -1.4281300e-01
   2.9012410e+00  -1.6399970e+00  -1.4302700e-01
   2.9018820e+00  -1.6098830e+00  -1.2205300e-01
   2.9021360e+00  -1.7024130e+00  -1.4440100e-01
   2.9023650e+00  -1.6254140e+00  -1.2234700e-01
   2.9025220e+00  -1.6255130e+00  -1.4277000e-01
   2.9028220e+00  -1.7028660e+00  -1.2378300e-01
   2.9031360e+00  -1.6182770e+00  -1.4264100e-01
   2.9034040e+00  -1.7032500e+00  -1.0315900e-01
   2.9038240e+00  -1.6187100e+00  -1.2227400e-01
   2.9082930e+00  -1.6599010e+00  -1.4371400e-01
   2.9085520e+00  -1.6064610e+00  -1.4259800e-01
   2.9086840e+00  -1.6370700e+00  -1.6373900e-01
   2.9101700e+00  -1.6303510e+00  -1.6364100e-01
   2.9109380e+00  -1.6693410e+00  -1.4401500e-01
   2.9115560e+00  -1.6542800e+00  -1.6427900e-01
   2.9124790e+00  -1.6014020e+00  -1.4264100e-01
   2.9135940e+00  -1.6943170e+00  -1.2396700e-01
   2.9142270e+00  -1.6024890e+00  -1.6315000e-01
   2.9145340e+00  -1.6101970e+00  -1.6334600e-01
   2.9147370e+00  -1.6179450e+00  -1.4307000e-01
   2.9150200e+00  -1.6257620e+00  -1.6373900e-01
   2.9156350e+00  -1.5957760e+00  -1.6305200e-01
   2.9177060e+00  -1.6351180e+00  -1.8462800e-01
   2.9181710e+00  -1.6200990e+00  -1.6373900e-01
   2.9194610e+00  -1.6825410e+00  -1.4461600e-01
   2.9212680e+00  -1.6450640e+00  -1.8507000e-01
   2.9242970e+00  -1.6702000e+00  -1.6521100e-01
   2.9248800e+00  -1.6243060e+00  -1.8468300e-01
   2.9253200e+00  -1.6169330e+00  -2.0505700e-01
   2.9257670e+00  -1.6020490e+00  -1.8413100e-01
   2.9263340e+00  -1.6175660e+00  -1.8457300e-01
   2.9264030e+00  -1.6252620e+00  -2.0536300e-01
   2.9268910e+00  -1.6103630e+00  -1.8440700e-01
   2.9278180e+00  -1.6261490e+00  -2.2607200e-01
   2.9297200e+00  -1.6350210e+00  -2.2647700e-01
   2.9298520e+00  -1.6582520e+00  -1.8584200e-01
   2.9299190e+00  -1.6582940e+00  -1.6516200e-01
   2.9300860e+00  -1.6506660e+00  -2.2701600e-01
   2.9303660e+00  -1.6508440e+00  -2.0634400e-01
   2.9308430e+00  -1.6357280e+00  -2.0591500e-01
   2.9310140e+00  -1.6358360e+00  -1.8529000e-01
   2.9310810e+00  -1.6590360e+00  -2.2735300e-01
   2.9317330e+00  -1.6057430e+00  -2.4622100e-01
   2.9318100e+00  -1.6134220e+00  -2.0530200e-01
   2.9318790e+00  -1.6440840e+00  -2.0622200e-01
   2.9322040e+00  -1.6597520e+00  -2.0671200e-01
   2.9326270e+00  -1.6755610e+00  -1.8645000e-01
   2.9326620e+00  -1.6215180e+00  -2.2620700e-01
   2.9328170e+00  -1.5911980e+00  -1.8418700e-01
   2.9329640e+00  -1.6065050e+00  -2.2573500e-01
   2.9338000e+00  -1.7312290e+00  -1.4620500e-01
   2.9340880e+00  -1.6072010e+00  -2.0524100e-01
   2.9343980e+00  -1.6379680e+00  -2.4754500e-01
   2.9344940e+00  -1.7316890e+00  -1.2532900e-01
   2.9347490e+00  -1.6536290e+00  -2.4813300e-01
   2.9348960e+00  -1.6614700e+00  -2.4842800e-01
   2.9350810e+00  -1.7320790e+00  -1.0444800e-01
   2.9369050e+00  -1.5937060e+00  -2.0499500e-01
   2.9378250e+00  -1.6867180e+00  -1.6619200e-01
   2.9400780e+00  -1.6725570e+00  -1.8672600e-01
   2.9412950e+00  -1.6733370e+00  -2.2843300e-01
   2.9412980e+00  -1.7045720e+00  -1.4590400e-01
   2.9424210e+00  -1.6740590e+00  -2.0769300e-01
   2.9455390e+00  -1.7231350e+00  -1.6741900e-01
   2.9463440e+00  -1.7236650e+00  -1.4650500e-01
   2.9470420e+00  -1.7241230e+00  -1.2558600e-01
   2.9513380e+00  -1.7032300e+00  -1.6717400e-01
   2.9699230e+00  -1.6995620e+00  -2.3099500e-01
   2.9710600e+00  -1.7002940e+00  -2.1002400e-01
   2.9838760e+00  -1.7164800e+00  -1.9003700e-01
