   8.0333800e-01  -6.1055400e-01  -1.5356100e-01
   8.0921400e-01  -6.1407600e-01  -1.5463100e-01
   8.1510800e-01  -6.1757700e-01  -1.5570000e-01
   8.1930400e-01  -6.0214500e-01  -4.3024000e-02
   8.1994500e-01  -6.0564500e-01  -6.7849000e-02
   8.2090600e-01  -6.0665800e-01  -6.1750000e-02
   8.2115400e-01  -6.0691900e-01  -5.5582000e-02
   8.2137500e-01  -6.0715300e-01  -4.9411000e-02
   8.2189400e-01  -6.1054400e-01  -7.4374000e-02
   8.2219400e-01  -6.1086200e-01  -6.8186000e-02
   8.2326800e-01  -6.1199800e-01  -8.6998000e-02
   8.2348800e-01  -6.3540500e-01  -1.5201300e-01
   8.2357200e-01  -6.1232000e-01  -9.3288000e-02
   8.2373000e-01  -6.0679300e-01  -1.0547500e-01
   8.2384000e-01  -6.1260300e-01  -6.2118000e-02
   8.2384900e-01  -6.1261300e-01  -9.9585000e-02
   8.2464100e-01  -6.0775000e-01  -1.1187600e-01
   8.2471800e-01  -6.0217000e-01  -3.0859000e-02
   8.2478300e-01  -6.1360100e-01  -1.0599600e-01
   8.2478400e-01  -6.0506400e-01  -3.7102000e-02
   8.2498600e-01  -6.0811200e-01  -3.7175000e-02
   8.2562300e-01  -5.9472200e-01  -1.8444000e-02
   8.2585700e-01  -5.9776100e-01  -1.8480000e-02
   8.2613000e-01  -6.1216400e-01  -9.3471000e-02
   8.2634200e-01  -5.6534600e-01  -1.7096200e-01
   8.2640700e-01  -6.1245600e-01  -9.9781000e-02
   8.2669700e-01  -6.0141000e-01  -2.4713000e-02
   8.2683200e-01  -6.1576900e-01  -5.6134000e-02
   8.2716100e-01  -6.1899500e-01  -6.8793000e-02
   8.2734200e-01  -6.1344100e-01  -1.0620400e-01
   8.2743800e-01  -6.1928900e-01  -6.2547000e-02
   8.2776300e-01  -5.0969900e-01  -1.7187100e-01
   8.2780100e-01  -6.0538200e-01  -1.6887100e-01
   8.2822600e-01  -6.2012700e-01  -7.5183000e-02
   8.2827800e-01  -6.2597900e-01  -1.6457700e-01
   8.2837200e-01  -6.2028100e-01  -5.6354000e-02
   8.2842700e-01  -6.1745700e-01  -5.0000000e-02
   8.2844700e-01  -6.1460700e-01  -4.3668000e-02
   8.2859600e-01  -6.2051900e-01  -5.0098000e-02
   8.2862500e-01  -6.1766600e-01  -4.3754000e-02
   8.2887100e-01  -6.0366500e-01  -1.8591000e-02
   8.2930600e-01  -6.1551200e-01  -3.7470000e-02
   8.2944700e-01  -6.0147200e-01  -1.6870600e-01
   8.2963500e-01  -6.1299200e-01  -1.1899400e-01
   8.2970600e-01  -5.8777400e-01  -1.6738700e-01
   8.3013900e-01  -5.1689200e-01  -1.7293300e-01
   8.3014200e-01  -5.7180300e-01  -1.7215900e-01
   8.3016900e-01  -6.1930000e-01  -3.7580000e-02
   8.3037600e-01  -5.4540000e-01  -1.6959400e-01
   8.3084400e-01  -6.2290700e-01  -1.0076200e-01
   8.3092100e-01  -6.4650100e-01  -1.5392000e-01
   8.3105600e-01  -5.4081800e-01  -1.6925200e-01
   8.3110600e-01  -5.5133200e-01  -1.7027800e-01
   8.3114500e-01  -6.1171700e-01  -3.1196000e-02
   8.3125400e-01  -6.2334300e-01  -9.4482000e-02
   8.3146300e-01  -5.4903700e-01  -1.7010700e-01
   8.3154000e-01  -5.8686200e-01  -1.6755200e-01
   8.3163900e-01  -6.2375200e-01  -8.8200000e-02
   8.3166800e-01  -6.1800200e-01  -1.1319800e-01
   8.3175800e-01  -6.0950500e-01  -2.4934000e-02
   8.3218500e-01  -5.0618200e-01  -1.7222500e-01
   8.3239700e-01  -6.0732500e-01  -1.6969600e-01
   8.3240500e-01  -5.1138800e-01  -1.7275600e-01
   8.3264600e-01  -6.1328700e-01  -2.5008000e-02
   8.3286000e-01  -5.5569900e-01  -1.7096200e-01
   8.3305900e-01  -5.6926500e-01  -1.7233000e-01
   8.3314700e-01  -5.6396200e-01  -1.7181700e-01
   8.3339600e-01  -5.0977100e-01  -1.7275600e-01
   8.3341000e-01  -6.2563300e-01  -1.6521200e-01
   8.3356900e-01  -6.1425200e-01  -1.1945900e-01
   8.3368200e-01  -5.7531000e-01  -1.6672700e-01
   8.3382200e-01  -6.0034500e-01  -1.2419000e-02
   8.3388000e-01  -6.2322800e-01  -1.1374900e-01
   8.3391000e-01  -5.1274600e-01  -1.6703000e-01
   8.3391500e-01  -5.5935200e-01  -1.7147500e-01
   8.3392800e-01  -6.1176600e-01  -1.8756000e-02
   8.3414800e-01  -6.2933400e-01  -6.9602000e-02
   8.3422000e-01  -6.2941100e-01  -1.6568900e-01
   8.3424100e-01  -5.6234300e-01  -1.7181700e-01
   8.3426700e-01  -6.2074100e-01  -3.1442000e-02
   8.3427200e-01  -6.2654900e-01  -4.4183000e-02
   8.3442600e-01  -6.2963100e-01  -6.3283000e-02
   8.3449700e-01  -6.2678800e-01  -1.0766200e-01
   8.3452400e-01  -6.2973600e-01  -7.5992000e-02
   8.3467900e-01  -6.2990100e-01  -5.6961000e-02
   8.3474500e-01  -6.0411500e-01  -1.2456000e-02
   8.3487400e-01  -6.3010900e-01  -8.2392000e-02
   8.3547600e-01  -5.9641900e-01  -1.6903600e-01
   8.3563200e-01  -5.3731300e-01  -1.6959400e-01
   8.3564200e-01  -5.8270600e-01  -1.6771700e-01
   8.3568600e-01  -5.9104900e-01   6.1850000e-03
   8.3572600e-01  -5.9948100e-01  -6.2160000e-03
   8.3591000e-01  -5.7206800e-01  -1.6672700e-01
   8.3591700e-01  -6.4002900e-01  -1.5392000e-01
   8.3594100e-01  -5.9409500e-01   6.1970000e-03
   8.3627100e-01  -6.3159800e-01  -5.0736000e-02
   8.3627500e-01  -5.6971500e-01  -1.7284200e-01
   8.3643600e-01  -5.4853500e-01  -1.7079100e-01
   8.3690400e-01  -5.7576800e-01  -1.6722200e-01
   8.3705100e-01  -6.3537100e-01  -8.2790000e-02
   8.3705300e-01  -5.9243000e-01   1.2394000e-02
   8.3712500e-01  -5.4393200e-01  -1.7044900e-01
   8.3715400e-01  -6.3254000e-01  -4.4441000e-02
   8.3724100e-01  -6.3263300e-01  -8.9058000e-02
   8.3729600e-01  -5.8712000e-01  -1.6837600e-01
   8.3738500e-01  -6.3572800e-01  -7.6434000e-02
   8.3749200e-01  -4.9355000e-01  -1.7187100e-01
   8.3753500e-01  -6.3294600e-01  -9.5493000e-02
   8.3756200e-01  -5.0851400e-01  -1.7328700e-01
   8.3769100e-01  -6.3605600e-01  -7.0074000e-02
   8.3774100e-01  -6.1004700e-01  -1.2529000e-02
   8.3776500e-01  -6.0156500e-01  -1.6986100e-01
   8.3778800e-01  -4.9874700e-01  -1.7240200e-01
   8.3784800e-01  -6.3914500e-01  -1.6059000e-01
   8.3786900e-01  -6.3037000e-01  -3.8059000e-02
   8.3797000e-01  -5.3171800e-01  -1.7558800e-01
   8.3811600e-01  -5.3703200e-01  -1.6993600e-01
   8.3817100e-01  -5.8247300e-01  -1.6804600e-01
   8.3818000e-01  -5.4230500e-01  -1.7044900e-01
   8.3822800e-01  -6.2201500e-01  -3.1564000e-02
   8.3826800e-01  -6.0774300e-01  -6.2590000e-03
   8.3830300e-01  -5.9929700e-01   0.0000000e+00
   8.3848200e-01  -6.3395700e-01  -1.0203600e-01
   8.3853600e-01  -6.1944700e-01  -1.2669500e-01
   8.3854800e-01  -5.0688700e-01  -1.7328700e-01
   8.3856800e-01  -5.1441900e-01  -1.6788500e-01
   8.3857200e-01  -5.6120600e-01  -1.6606800e-01
   8.3870100e-01  -6.2251100e-01  -1.2694000e-01
   8.3878200e-01  -6.4909500e-01  -1.5509400e-01
   8.3880000e-01  -6.3135900e-01  -1.1474100e-01
   8.3885900e-01  -6.0835200e-01  -1.7068500e-01
   8.3890600e-01  -5.9151300e-01   1.2407000e-02
   8.3914500e-01  -5.3542200e-01  -1.6993600e-01
   8.3933400e-01  -6.3781500e-01  -6.3835000e-02
   8.3935000e-01  -6.0601600e-01  -1.7052000e-01
   8.3937000e-01  -6.4673800e-01  -1.5494700e-01
   8.3938000e-01  -6.2613100e-01  -1.2085500e-01
   8.3942700e-01  -4.8058900e-01  -1.7098600e-01
   8.3944600e-01  -6.0611500e-01  -6.2590000e-03
   8.3947100e-01  -5.3310500e-01  -1.6976500e-01
   8.3954100e-01  -5.0523900e-01  -1.7328700e-01
   8.3961900e-01  -5.6487200e-01  -1.6656200e-01
   8.3964000e-01  -5.2556700e-01  -1.6908100e-01
   8.3977100e-01  -5.0297600e-01  -1.7311000e-01
   8.3987800e-01  -5.2322500e-01  -1.7505700e-01
   8.4002700e-01  -5.4666500e-01  -1.6491300e-01
   8.4021500e-01  -5.2097900e-01  -1.6873900e-01
   8.4022600e-01  -6.1832700e-01  -1.2615000e-02
   8.4032600e-01  -5.9294200e-01  -1.6936600e-01
   8.4039200e-01  -6.0142300e-01   6.2460000e-03
   8.4054800e-01  -5.1117700e-01  -1.6788500e-01
   8.4057900e-01  -6.2739400e-01  -2.5376000e-02
   8.4058600e-01  -5.9599900e-01  -1.6330600e-01
   8.4072700e-01  -6.2173800e-01  -1.3351000e-01
   8.4073200e-01  -6.1597500e-01  -1.2603000e-02
   8.4076200e-01  -6.3638800e-01  -1.0880700e-01
   8.4087600e-01  -5.7968800e-01   2.4688000e-02
   8.4095000e-01  -5.7157200e-01  -1.6738700e-01
   8.4098900e-01  -5.8527500e-01  -1.6235300e-01
   8.4109500e-01  -5.6092400e-01  -1.6639700e-01
   8.4110600e-01  -6.2503700e-01  -2.5351000e-02
   8.4116900e-01  -5.8272700e-01   2.4738000e-02
   8.4120100e-01  -6.4274900e-01  -1.5480100e-01
   8.4124800e-01  -5.7458400e-01  -1.6771700e-01
   8.4126900e-01  -6.2812200e-01  -1.6648300e-01
   8.4127700e-01  -5.9669700e-01  -1.5707600e-01
   8.4133400e-01  -6.0521200e-01   0.0000000e+00
   8.4140400e-01  -6.3118900e-01  -1.6680100e-01
   8.4142200e-01  -4.9450300e-01  -1.7257900e-01
   8.4147500e-01  -5.5331800e-01  -1.6573800e-01
   8.4152400e-01  -5.2985900e-01  -1.6976500e-01
   8.4157000e-01  -6.2552400e-01  -1.3389500e-01
   8.4168200e-01  -5.8596400e-01  -1.5615900e-01
   8.4183700e-01  -5.8889000e-01   1.8628000e-02
   8.4186000e-01  -4.8023100e-01  -1.7134000e-01
   8.4194200e-01  -5.9736800e-01  -1.5083900e-01
   8.4213400e-01  -6.0887200e-01  -1.6473600e-01
   8.4225600e-01  -6.3209100e-01  -1.2155300e-01
   8.4236300e-01  -5.9499100e-01   1.8701000e-02
   8.4238900e-01  -6.3517100e-01  -1.2178600e-01
   8.4239600e-01  -5.3580700e-01  -1.6425300e-01
   8.4241200e-01  -6.3225600e-01  -1.2804200e-01
   8.4243800e-01  -5.9506600e-01  -1.6346500e-01
   8.4247500e-01  -5.4109000e-01  -1.6474800e-01
   8.4266800e-01  -5.3349400e-01  -1.7027800e-01
   8.4267100e-01  -6.3253000e-01  -3.1871000e-02
   8.4272000e-01  -6.0662800e-01   6.2770000e-03
   8.4276500e-01  -5.7062500e-01  -1.6755200e-01
   8.4281200e-01  -6.4153800e-01  -8.9916000e-02
   8.4289500e-01  -5.5997200e-01  -1.6656200e-01
   8.4296300e-01  -5.7900100e-01  -1.6203500e-01
   8.4297100e-01  -5.6544600e-01   3.6807000e-02
   8.4299900e-01  -5.7629900e-01   3.0859000e-02
   8.4310000e-01  -5.9573300e-01  -1.5083900e-01
   8.4313100e-01  -5.9576300e-01  -1.5722800e-01
   8.4315500e-01  -6.0423600e-01   1.2542000e-02
   8.4317800e-01  -5.6831700e-01  -1.6108200e-01
   8.4324300e-01  -5.8202300e-01  -1.6235300e-01
   8.4324500e-01  -5.4705700e-01  -1.6540800e-01
   8.4334300e-01  -6.1583900e-01  -6.3140000e-03
   8.4338000e-01  -5.7667200e-01  -1.6187600e-01
   8.4357500e-01  -5.2658700e-01  -1.6976500e-01
   8.4359100e-01  -5.9342900e-01  -1.6346500e-01
   8.4363800e-01  -6.3061900e-01  -1.2804200e-01
   8.4365900e-01  -5.7968400e-01  -1.5585300e-01
   8.4376600e-01  -6.3075400e-01  -1.3453800e-01
   8.4385400e-01  -6.1349600e-01   0.0000000e+00
   8.4387500e-01  -5.6899100e-01  -1.5493600e-01
   8.4393800e-01  -5.8271000e-01  -1.5615900e-01
   8.4400500e-01  -6.0794100e-01  -1.6489500e-01
   8.4407600e-01  -5.7735400e-01  -1.5570000e-01
   8.4423000e-01  -6.2249900e-01  -1.6632400e-01
   8.4424100e-01  -6.1961700e-01  -6.3320000e-03
   8.4428600e-01  -5.9412500e-01  -1.5722800e-01
   8.4428900e-01  -4.8959400e-01  -1.7257900e-01
   8.4435900e-01  -6.4319500e-01  -5.7845000e-02
   8.4438400e-01  -6.2556400e-01  -1.6664200e-01
   8.4448500e-01  -6.2566900e-01  -1.9069000e-02
   8.4456800e-01  -6.1710500e-01  -1.6584800e-01
   8.4468200e-01  -5.0230300e-01  -1.7381800e-01
   8.4468300e-01  -5.5903300e-01  -1.6672700e-01
   8.4474200e-01  -5.9179000e-01  -1.6346500e-01
   8.4475200e-01  -6.2014700e-01  -1.6616600e-01
   8.4495400e-01  -5.9479500e-01  -1.5098600e-01
   8.4497300e-01  -6.0325300e-01  -1.6457700e-01
   8.4502600e-01  -5.4609200e-01  -1.6557300e-01
   8.4502900e-01  -6.0330900e-01   1.2554000e-02
   8.4506200e-01  -5.5140700e-01  -1.5981100e-01
   8.4507700e-01  -6.1475600e-01  -1.6568900e-01
   8.4536900e-01  -5.4378500e-01  -1.5917600e-01
   8.4541000e-01  -5.5972600e-01  -1.6060600e-01
   8.4543800e-01  -5.9248500e-01  -1.5722800e-01
   8.4558600e-01  -6.1241300e-01  -1.5906200e-01
   8.4566900e-01  -6.0395800e-01  -1.5829800e-01
   8.4574200e-01  -6.1257300e-01   0.0000000e+00
   8.4576300e-01  -5.5206700e-01  -1.5371400e-01
   8.4577900e-01  -5.5740400e-01  -1.6044700e-01
   8.4586000e-01  -5.5481500e-01   4.8920000e-02
   8.4589200e-01  -6.3006200e-01  -1.6727800e-01
   8.4591200e-01  -5.7641200e-01  -1.6219400e-01
   8.4595800e-01  -5.1347100e-01  -1.6891000e-01
   8.4607100e-01  -5.4443700e-01  -1.5310300e-01
   8.4611000e-01  -5.6039300e-01  -1.5447800e-01
   8.4625400e-01  -6.1309700e-01  -1.5274600e-01
   8.4632000e-01  -5.8782800e-01  -1.6330600e-01
   8.4632000e-01  -4.9380100e-01  -1.7328700e-01
   8.4633700e-01  -6.0463600e-01  -1.5201300e-01
   8.4634200e-01  -5.9618500e-01   1.8775000e-02
   8.4640000e-01  -5.6875200e-01  -1.6155900e-01
   8.4647900e-01  -5.5806900e-01  -1.5432500e-01
   8.4656800e-01  -6.0771000e-01  -1.6521200e-01
   8.4661100e-01  -5.7709400e-01  -1.5600600e-01
   8.4663300e-01  -6.4562900e-01  -5.1570000e-02
   8.4671400e-01  -5.0658400e-01  -1.6839700e-01
   8.4673400e-01  -4.8923200e-01  -1.7293300e-01
   8.4687600e-01  -6.1087400e-01   1.2627000e-02
   8.4695300e-01  -5.9679800e-01   2.5057000e-02
   8.4701800e-01  -5.8852000e-01  -1.5707600e-01
   8.4710000e-01  -5.6942700e-01  -1.5539500e-01
   8.4712500e-01  -6.1399100e-01   6.3260000e-03
   8.4719100e-01  -6.2558300e-01  -6.3690000e-03
   8.4726500e-01  -6.0841900e-01  -1.5890900e-01
   8.4732400e-01  -6.1707000e-01   6.3380000e-03
   8.4740600e-01  -6.3165200e-01  -1.9180000e-02
   8.4745700e-01  -5.1480200e-01  -1.6309900e-01
   8.4747500e-01  -5.4049800e-01  -1.5917600e-01
   8.4756400e-01  -5.5642600e-01  -1.6689200e-01
   8.4758100e-01  -5.8354000e-01   3.1104000e-02
   8.4793500e-01  -6.0910100e-01  -1.5260000e-01
   8.4794600e-01  -5.1018200e-01  -1.6891000e-01
   8.4805500e-01  -4.8304000e-01  -1.7257900e-01
   8.4819100e-01  -5.1545400e-01  -1.5711100e-01
   8.4829400e-01  -5.5711700e-01  -1.6076400e-01
   8.4831700e-01  -6.4146800e-01  -1.6211800e-01
   8.4833800e-01  -4.9801800e-01  -1.7399500e-01
   8.4837300e-01  -5.2067700e-01  -1.6993600e-01
   8.4852600e-01  -6.1830700e-01  -1.5997900e-01
   8.4858100e-01  -5.8729100e-01   3.1196000e-02
   8.4859000e-01  -4.6421900e-01  -1.7098600e-01
   8.4861400e-01  -5.6544300e-01  -1.6155900e-01
   8.4864000e-01  -5.4947000e-01  -1.6012900e-01
   8.4869800e-01  -6.2137400e-01  -1.6028400e-01
   8.4882200e-01  -5.3654800e-01  -1.6524300e-01
   8.4890600e-01  -5.0099700e-01  -1.6822600e-01
   8.4891900e-01  -6.2160300e-01   0.0000000e+00
   8.4899800e-01  -5.5778200e-01  -1.5463100e-01
   8.4912500e-01  -5.7954600e-01   3.1074000e-02
   8.4919600e-01  -6.1899700e-01  -1.5362700e-01
   8.4931700e-01  -5.6611500e-01  -1.5539500e-01
   8.4934400e-01  -5.5012800e-01  -1.5402000e-01
   8.4936800e-01  -6.2206700e-01  -1.5392000e-01
   8.4941700e-01  -5.0393900e-01  -1.6856800e-01
   8.4944000e-01  -5.3192100e-01  -1.6491300e-01
   8.4955600e-01  -5.3722100e-01  -1.5917600e-01
   8.4956100e-01  -6.2513700e-01  -1.6074300e-01
   8.4973200e-01  -5.5314300e-01  -1.6060600e-01
   8.4974000e-01  -5.2960800e-01  -1.6474800e-01
   8.4986200e-01  -5.7752000e-01  -1.6283000e-01
   8.4986200e-01  -5.3489900e-01  -1.6524300e-01
   8.5003400e-01  -5.2729700e-01  -1.6458300e-01
   8.5009800e-01  -5.7775000e-01   3.7286000e-02
   8.5017500e-01  -5.3258900e-01  -1.5885800e-01
   8.5022900e-01  -6.1430100e-01  -1.5982600e-01
   8.5023100e-01  -6.2583400e-01  -1.5436000e-01
   8.5032300e-01  -5.2498600e-01  -1.6441800e-01
   8.5035100e-01  -6.0586200e-01   1.8941000e-02
   8.5043600e-01  -5.5380400e-01  -1.5447800e-01
   8.5047500e-01  -5.3027500e-01  -1.5869900e-01
   8.5054100e-01  -6.3200300e-01  -1.6150700e-01
   8.5056500e-01  -5.8924900e-01   3.7543000e-02
   8.5056500e-01  -5.7820300e-01  -1.5661700e-01
   8.5060600e-01  -5.2267600e-01  -1.6425300e-01
   8.5064100e-01  -5.4869200e-01   5.5085000e-02
   8.5067900e-01  -4.8037500e-01  -1.7275600e-01
   8.5077000e-01  -5.2796100e-01  -1.5854000e-01
   8.5084500e-01  -4.9769700e-01  -1.6822600e-01
   8.5090200e-01  -6.1498800e-01  -1.5348000e-01
   8.5106000e-01  -5.2564800e-01  -1.5838200e-01
   8.5106200e-01  -4.9540300e-01  -1.6805600e-01
   8.5107500e-01  -5.7050900e-01  -1.6235300e-01
   8.5117000e-01  -6.4748700e-01  -1.1694600e-01
   8.5121300e-01  -6.3270500e-01  -1.5509400e-01
   8.5134300e-01  -5.2333600e-01  -1.5822300e-01
   8.5139500e-01  -6.4176100e-01  -1.3620800e-01
   8.5143100e-01  -6.0411300e-01   2.5253000e-02
   8.5169900e-01  -5.9315800e-01   3.1380000e-02
   8.5176700e-01  -6.3035100e-01  -1.6150700e-01
   8.5178000e-01  -5.7118600e-01  -1.5615900e-01
   8.5185700e-01  -6.3337900e-01  -1.4867600e-01
   8.5189100e-01  -6.5125800e-01  -1.6349300e-01
   8.5194700e-01  -4.7415700e-01  -1.7240200e-01
   8.5200500e-01  -4.8392600e-01  -1.7328700e-01
   8.5202400e-01  -6.4839800e-01  -1.2364700e-01
   8.5203900e-01  -6.3651600e-01  -1.6211800e-01
   8.5205500e-01  -5.3690200e-01  -1.5949400e-01
   8.5206700e-01  -6.4545300e-01  -1.3000000e-01
   8.5210000e-01  -5.9632400e-01   2.5155000e-02
   8.5211300e-01  -5.0128100e-01  -1.6873900e-01
   8.5216200e-01  -6.3960300e-01  -1.6242300e-01
   8.5219100e-01  -5.4752000e-01  -1.6672700e-01
   8.5235500e-01  -5.9939000e-01   2.5204000e-02
   8.5237500e-01  -6.4578000e-01  -1.5641500e-01
   8.5243900e-01  -6.3105100e-01  -1.5509400e-01
   8.5255200e-01  -5.8288800e-01   3.7470000e-02
   8.5261500e-01  -4.8689000e-01  -1.6754300e-01
   8.5266400e-01  -5.1180900e-01  -1.6359400e-01
   8.5271100e-01  -6.3722200e-01  -1.5568100e-01
   8.5284700e-01  -5.8594100e-01   3.7543000e-02
   8.5285900e-01  -5.4287100e-01  -1.6639700e-01
   8.5288700e-01  -5.0948000e-01  -1.6959400e-01
   8.5292700e-01  -5.4820300e-01  -1.6060600e-01
   8.5301900e-01  -6.4646400e-01  -1.4994200e-01
   8.5308000e-01  -5.2235500e-01  -1.6458300e-01
   8.5312200e-01  -4.7998400e-01  -1.7311000e-01
   8.5329100e-01  -6.3783100e-01  -1.4265600e-01
   8.5330400e-01  -4.6567900e-01  -1.7187100e-01
   8.5335600e-01  -6.3789900e-01  -1.4923800e-01
   8.5338600e-01  -6.1178300e-01   1.9051000e-02
   8.5339400e-01  -5.9761100e-01   3.1503000e-02
   8.5340500e-01  -5.1245900e-01  -1.5758700e-01
   8.5352800e-01  -6.5000200e-01  -1.3049000e-01
   8.5356700e-01  -6.7131900e-01  -1.5219200e-01
   8.5359700e-01  -5.4354900e-01  -1.6028800e-01
   8.5363300e-01  -6.4413000e-01  -1.6303500e-01
   8.5363600e-01  -6.4711900e-01  -1.4346300e-01
   8.5364700e-01  -6.0067900e-01   3.1564000e-02
   8.5382000e-01  -5.2301500e-01  -1.5854000e-01
   8.5397700e-01  -6.5349100e-01  -9.7883000e-02
   8.5407700e-01  -4.9798800e-01  -1.6260400e-01
   8.5409100e-01  -5.7887800e-01   3.7433000e-02
   8.5420700e-01  -5.6002000e-01   4.9411000e-02
   8.5422600e-01  -6.4774600e-01  -1.3697900e-01
   8.5433500e-01  -5.6282800e-01   5.5692000e-02
   8.5434300e-01  -5.1833800e-01  -1.7062000e-01
   8.5437500e-01  -5.0323600e-01  -1.6309900e-01
   8.5450500e-01  -6.5104400e-01  -1.6379900e-01
   8.5455800e-01  -5.9039800e-01   3.7691000e-02
   8.5475200e-01  -5.6862800e-01   4.3454000e-02
   8.5480900e-01  -4.7895500e-01  -1.7328700e-01
   8.5482700e-01  -6.6654100e-01  -1.5191100e-01
   8.5511800e-01  -5.0387900e-01  -1.5711100e-01
   8.5514100e-01  -5.1145100e-01  -1.6392400e-01
   8.5529200e-01  -5.5836000e-01   4.9411000e-02
   8.5530300e-01  -4.7209400e-01  -1.7275600e-01
   8.5536800e-01  -5.1672500e-01  -1.6441800e-01
   8.5538900e-01  -5.0914200e-01  -1.6375900e-01
   8.5557000e-01  -4.9926900e-01  -1.5679300e-01
   8.5582100e-01  -4.8713600e-01  -1.6805600e-01
   8.5585600e-01  -6.5248400e-01  -1.5744200e-01
   8.5587200e-01  -4.6298100e-01  -1.7204800e-01
   8.5588500e-01  -5.1210100e-01  -1.5790500e-01
   8.5601000e-01  -4.8484000e-01  -1.6788500e-01
   8.5615300e-01  -5.7538500e-01   4.3668000e-02
   8.5617700e-01  -4.9236700e-01  -1.6856800e-01
   8.5622500e-01  -5.5389000e-01   6.1689000e-02
   8.5635800e-01  -6.5302000e-01  -1.3762100e-01
   8.5637200e-01  -5.6745900e-01   4.9706000e-02
   8.5644500e-01  -6.5311300e-01  -1.4427100e-01
   8.5650300e-01  -6.5317400e-01  -1.5092600e-01
   8.5651700e-01  -4.9758900e-01  -1.6908100e-01
   8.5665200e-01  -4.7565100e-01  -1.7328700e-01
   8.5676900e-01  -4.6131800e-01  -1.7204800e-01
   8.5715400e-01  -4.9072300e-01  -1.6243900e-01
   8.5716600e-01  -5.4945000e-01   5.5416000e-02
   8.5726900e-01  -5.7372100e-01   4.3668000e-02
   8.5732900e-01  -5.2098000e-01  -1.6507800e-01
   8.5735100e-01  -4.8842200e-01  -1.6227500e-01
   8.5759300e-01  -5.1868500e-01  -1.5869900e-01
   8.5770500e-01  -4.9366100e-01  -1.6276900e-01
   8.5788600e-01  -4.8151300e-01  -1.6788500e-01
   8.5789900e-01  -5.7983900e-01   4.3840000e-02
   8.5790200e-01  -6.6069800e-01  -7.8788000e-02
   8.5807400e-01  -5.2163900e-01  -1.5901700e-01
   8.5809900e-01  -4.8905200e-01  -1.5631600e-01
   8.5816100e-01  -5.7187700e-01   4.9902000e-02
   8.5821300e-01  -6.7331000e-01  -1.5289600e-01
   8.5821800e-01  -6.6103700e-01  -7.2232000e-02
   8.5842100e-01  -6.7044900e-01  -8.5898000e-02
   8.5850600e-01  -6.6134700e-01  -6.5675000e-02
   8.5876400e-01  -6.7082300e-01  -7.9303000e-02
   8.5879200e-01  -4.6774300e-01  -1.7293300e-01
   8.5881900e-01  -4.7984600e-01  -1.6788500e-01
   8.5882800e-01  -5.7795300e-01   5.0098000e-02
   8.5891500e-01  -5.4053900e-01   6.1382000e-02
   8.5908000e-01  -6.7116600e-01  -7.2705000e-02
   8.5908800e-01  -5.0479400e-01  -1.6392400e-01
   8.5960200e-01  -4.6840000e-01  -1.6703000e-01
   8.5964200e-01  -6.4748800e-01  -1.5744200e-01
   8.5974600e-01  -5.5452600e-01   5.5692000e-02
   8.5983600e-01  -5.0543800e-01  -1.5790500e-01
   8.5998900e-01  -6.5992800e-01  -1.5861600e-01
   8.6010100e-01  -6.6612100e-01  -1.5247400e-01
   8.6029300e-01  -6.4817400e-01  -1.5092600e-01
   8.6042100e-01  -6.5131300e-01  -1.5788200e-01
   8.6059900e-01  -5.1368100e-01  -1.5869900e-01
   8.6064000e-01  -6.6062400e-01  -1.5205200e-01
   8.6067600e-01  -4.7650700e-01  -1.6788500e-01
   8.6071200e-01  -4.9621000e-01  -1.5727000e-01
   8.6084600e-01  -5.1135900e-01  -1.6474800e-01
   8.6091700e-01  -6.4883200e-01  -1.4440500e-01
   8.6107300e-01  -6.5200200e-01  -1.5134800e-01
   8.6111800e-01  -4.8174900e-01  -1.6227500e-01
   8.6126300e-01  -6.6129200e-01  -1.4548200e-01
   8.6148900e-01  -4.8696500e-01  -1.6891000e-01
   8.6159500e-01  -5.1200900e-01  -1.5869900e-01
   8.6169700e-01  -6.5266300e-01  -1.4480900e-01
   8.6175000e-01  -6.7097900e-01  -8.6137000e-02
   8.6186900e-01  -4.5587200e-01  -1.7240200e-01
   8.6187100e-01  -4.8237200e-01  -1.5631600e-01
   8.6202000e-01  -4.8007700e-01  -1.6839700e-01
   8.6207800e-01  -4.8992400e-01  -1.6309900e-01
   8.6209500e-01  -6.7135200e-01  -7.9523000e-02
   8.6211400e-01  -5.7835600e-01   5.0245000e-02
   8.6227000e-01  -4.6334800e-01  -1.7311000e-01
   8.6241200e-01  -6.7169600e-01  -7.2907000e-02
   8.6254100e-01  -5.0273500e-01  -1.6425300e-01
   8.6272300e-01  -5.0041300e-01  -1.7027800e-01
   8.6283100e-01  -4.9055400e-01  -1.5711100e-01
   8.6302800e-01  -4.8824900e-01  -1.6309900e-01
   8.6305100e-01  -6.6930400e-01  -8.6137000e-02
   8.6324500e-01  -5.8773800e-01   4.4226000e-02
   8.6329400e-01  -5.0337800e-01  -1.5822300e-01
   8.6339700e-01  -6.6967700e-01  -7.9523000e-02
   8.6350500e-01  -5.0107900e-01  -1.6425300e-01
   8.6352500e-01  -4.5480800e-01  -1.7257900e-01
   8.6353600e-01  -5.9080500e-01   4.4312000e-02
   8.6367000e-01  -6.6689700e-01  -8.6057000e-02
   8.6371500e-01  -6.7002000e-01  -7.2907000e-02
   8.6378900e-01  -5.4497100e-01   6.7983000e-02
   8.6393700e-01  -4.9644900e-01  -1.5774600e-01
   8.6425900e-01  -5.0172000e-01  -1.5822300e-01
   8.6464000e-01  -4.7734900e-01  -1.6856800e-01
   8.6470600e-01  -4.6290200e-01  -1.7346400e-01
   8.6485100e-01  -6.7433700e-01  -1.5373900e-01
   8.6556500e-01  -4.7567000e-01  -1.6856800e-01
   8.6560200e-01  -5.7075300e-01   5.6465000e-02
   8.6562300e-01  -5.6534200e-01   5.6299000e-02
   8.6563900e-01  -5.5196300e-01   6.2118000e-02
   8.6678600e-01  -4.6938400e-01  -1.6822600e-01
   8.6679400e-01  -4.8153100e-01  -1.6309900e-01
   8.6757200e-01  -4.9204100e-01  -1.5790500e-01
   8.6813700e-01  -6.7169800e-01  -1.5388000e-01
   8.6823800e-01  -5.5702200e-01   6.2425000e-02
   8.6852500e-01  -4.9035500e-01  -1.6408900e-01
   8.6893800e-01  -4.7354300e-01  -1.6891000e-01
   8.6928600e-01  -4.9098600e-01  -1.5806400e-01
   8.6930500e-01  -6.6990100e-01  -1.4032000e-01
   8.6957900e-01  -5.4758100e-01   6.2179000e-02
   8.6972800e-01  -5.6378300e-01   6.2731000e-02
   8.6984200e-01  -4.8403400e-01  -1.5758700e-01
   8.7000700e-01  -4.8174000e-01  -1.6359400e-01
   8.7039500e-01  -5.5364600e-01   6.2425000e-02
   8.7052900e-01  -4.6033600e-01  -1.6805600e-01
   8.7077000e-01  -4.8236400e-01  -1.5758700e-01
   8.7094100e-01  -4.8005000e-01  -1.6359400e-01
   8.7125800e-01  -6.8755000e-01  -8.7571000e-02
   8.7126400e-01  -4.7542400e-01  -1.6326400e-01
   8.7136000e-01  -4.5862400e-01  -1.7417200e-01
   8.7160700e-01  -6.8793100e-01  -8.0847000e-02
   8.7168200e-01  -4.6847400e-01  -1.6891000e-01
   8.7170500e-01  -4.8067200e-01  -1.5758700e-01
   8.7192800e-01  -6.8828200e-01  -7.4121000e-02
   8.7193700e-01  -6.9145000e-01  -8.7810000e-02
   8.7224900e-01  -4.5693100e-01  -1.7417200e-01
   8.7228600e-01  -6.9183200e-01  -8.1068000e-02
   8.7230000e-01  -5.6342900e-01   6.2854000e-02
   8.7235800e-01  -4.5463100e-01  -1.7399500e-01
   8.7253400e-01  -5.7453600e-01   5.6906000e-02
   8.7253500e-01  -4.6673700e-01  -1.7505700e-01
   8.7260800e-01  -6.9218500e-01  -7.4323000e-02
   8.7284100e-01  -5.2952600e-01   7.4153000e-02
   8.7319900e-01  -5.4290500e-01   6.8456000e-02
   8.7327500e-01  -6.9609200e-01  -8.8129000e-02
   8.7345600e-01  -4.8950700e-01  -1.6474800e-01
   8.7349200e-01  -6.7745300e-01  -1.4817300e-01
   8.7349500e-01  -5.4056400e-01   6.8388000e-02
   8.7349500e-01  -4.6508500e-01  -1.6891000e-01
   8.7356500e-01  -4.7728300e-01  -1.5758700e-01
   8.7362500e-01  -6.9647700e-01  -8.1362000e-02
   8.7362700e-01  -5.4593300e-01   6.8590000e-02
   8.7394700e-01  -6.9683100e-01  -7.4593000e-02
   8.7401900e-01  -4.7034000e-01  -1.6326400e-01
   8.7421500e-01  -5.3857500e-01   7.4594000e-02
   8.7422200e-01  -4.9013800e-01  -1.5869900e-01
   8.7435800e-01  -5.4394300e-01   7.4815000e-02
   8.7461400e-01  -4.7324800e-01  -1.6976500e-01
   8.7525900e-01  -4.7620500e-01  -1.6392400e-01
   8.7528400e-01  -4.6170900e-01  -1.6891000e-01
   8.7602800e-01  -4.7682400e-01  -1.5790500e-01
   8.7629400e-01  -4.5770000e-01  -1.6873900e-01
   8.7644500e-01  -4.6984800e-01  -1.6976500e-01
   8.7646600e-01  -4.8208700e-01  -1.6458300e-01
   8.7695100e-01  -4.7512200e-01  -1.6408900e-01
   8.7695500e-01  -4.6061600e-01  -1.6908100e-01
   8.7710100e-01  -4.7280300e-01  -1.5774600e-01
   8.7723600e-01  -4.8271100e-01  -1.5854000e-01
   8.7724600e-01  -4.7048500e-01  -1.6375900e-01
   8.7772200e-01  -4.7574000e-01  -1.5806400e-01
   8.7794300e-01  -7.0443700e-01  -8.8846000e-02
   8.7829500e-01  -7.0482500e-01  -8.2024000e-02
   8.7861900e-01  -7.0518300e-01  -7.5200000e-02
   8.7879000e-01  -4.7171400e-01  -1.5790500e-01
   8.7900000e-01  -5.0662800e-01   7.9842000e-02
   8.7923200e-01  -5.5364400e-01   6.9197000e-02
   8.8017700e-01  -6.8463700e-01  -1.4263300e-01
   8.8061500e-01  -4.6829700e-01  -1.6408900e-01
   8.8073700e-01  -4.6599600e-01  -1.6392400e-01
   8.8096100e-01  -5.0321100e-01   7.9842000e-02
   8.8115000e-01  -5.6346600e-01   6.9670000e-02
   8.8117400e-01  -5.6078200e-01   7.5919000e-02
   8.8139000e-01  -4.6890900e-01  -1.5806400e-01
   8.8151300e-01  -4.6660600e-01  -1.5790500e-01
   8.8202300e-01  -4.7184300e-01  -1.6458300e-01
   8.8228500e-01  -5.4045200e-01   7.5183000e-02
   8.8241100e-01  -5.3268300e-01   7.4889000e-02
   8.8252900e-01  -7.1599800e-01  -8.9722000e-02
   8.8258200e-01  -7.1280200e-01  -8.9563000e-02
   8.8270400e-01  -4.3420300e-01  -1.7399500e-01
   8.8280000e-01  -4.7245900e-01  -1.5854000e-01
   8.8288300e-01  -7.1639100e-01  -8.2834000e-02
   8.8293600e-01  -7.1319500e-01  -8.2687000e-02
   8.8297200e-01  -5.3842100e-01   8.1435000e-02
   8.8320800e-01  -7.1675400e-01  -7.5942000e-02
   8.8326200e-01  -7.1355600e-01  -7.5807000e-02
   8.8409500e-01  -4.6378500e-01  -1.6425300e-01
   8.8418400e-01  -4.6143800e-01  -1.7027800e-01
   8.8487500e-01  -4.6439300e-01  -1.5822300e-01
   8.8495800e-01  -6.9930400e-01  -1.5126900e-01
   8.8576900e-01  -5.0468500e-01   8.0240000e-02
   8.8585700e-01  -4.6032300e-01  -1.7044900e-01
   8.8596800e-01  -4.3194000e-01  -1.7434900e-01
   8.8596900e-01  -4.5800100e-01  -1.7027800e-01
   8.8598000e-01  -5.0232900e-01   8.0161000e-02
   8.8608200e-01  -4.2503400e-01  -1.7381800e-01
   8.8628900e-01  -5.6271900e-01   6.9939000e-02
   8.8662900e-01  -5.3899100e-01   7.5404000e-02
   8.8684400e-01  -4.2791500e-01  -1.7417200e-01
   8.8685600e-01  -4.5628000e-01  -1.7027800e-01
   8.8792900e-01  -4.4991500e-01  -1.6993600e-01
   8.8805300e-01  -5.5354800e-01   7.6066000e-02
   8.8823000e-01  -4.6215900e-01  -1.6474800e-01
   8.8869200e-01  -5.2507500e-01   8.1276000e-02
   8.8869400e-01  -4.9951700e-01   8.0240000e-02
   8.8895900e-01  -4.4121300e-01  -1.7558800e-01
   8.8901500e-01  -4.6276600e-01  -1.5869900e-01
   8.8908300e-01  -4.3658700e-01  -1.7523400e-01
   8.8918500e-01  -4.3196600e-01  -1.7488000e-01
   8.8930600e-01  -4.5575400e-01  -1.7062000e-01
   8.8940500e-01  -4.7036500e-01  -1.6557300e-01
   8.8940600e-01  -4.5342900e-01  -1.7044900e-01
   8.8958700e-01  -4.4878400e-01  -1.7010700e-01
   8.8967500e-01  -7.0122500e-01  -1.5194200e-01
   8.8968800e-01  -6.9804300e-01  -1.5167200e-01
   8.8977000e-01  -4.6335100e-01  -1.5264400e-01
   8.9001900e-01  -5.0316400e-01   8.0479000e-02
   8.9019100e-01  -4.7098000e-01  -1.5949400e-01
   8.9020800e-01  -5.5007600e-01   7.6066000e-02
   8.9042300e-01  -4.9844100e-01   8.0320000e-02
   8.9045800e-01  -5.2401400e-01   8.1356000e-02
   8.9051500e-01  -5.1118300e-01   8.7084000e-02
   8.9081100e-01  -5.1656100e-01   8.7342000e-02
   8.9099900e-01  -5.5348600e-01   8.2631000e-02
   8.9145400e-01  -5.3004500e-01   8.1675000e-02
   8.9235200e-01  -4.9498000e-01   8.0320000e-02
   8.9257700e-01  -4.5584400e-01  -1.6491300e-01
   8.9286900e-01  -5.3914800e-01   8.2153000e-02
   8.9291900e-01  -5.0298700e-01   8.6913000e-02
   8.9293500e-01  -4.9797100e-01   8.0479000e-02
   8.9356200e-01  -4.6872300e-01  -1.6606800e-01
   8.9391400e-01  -5.3741400e-01   8.2153000e-02
   8.9435200e-01  -4.6933700e-01  -1.5997000e-01
   8.9451500e-01  -5.2486200e-01   8.1675000e-02
   8.9456100e-01  -5.4859600e-01   8.9058000e-02
   8.9457100e-01  -5.1200000e-01   8.7427000e-02
   8.9459400e-01  -4.6464800e-01  -1.6590300e-01
   8.9477100e-01  -5.2248200e-01   8.1595000e-02
   8.9518100e-01  -4.5061000e-01  -1.7113300e-01
   8.9526600e-01  -4.4828000e-01  -1.7096200e-01
   8.9538600e-01  -4.6525800e-01  -1.5981100e-01
   8.9556300e-01  -5.1026200e-01   8.7427000e-02
   8.9614800e-01  -4.6584500e-01  -1.5371400e-01
   8.9627700e-01  -4.6351000e-01  -1.6606800e-01
   8.9636800e-01  -4.9069400e-01   7.4227000e-02
   8.9651000e-01  -4.5883800e-01  -1.5949400e-01
   8.9656300e-01  -5.5569900e-01   8.3109000e-02
   8.9707100e-01  -4.6411900e-01  -1.5997000e-01
   8.9727300e-01  -4.5941900e-01  -1.5340800e-01
   8.9731000e-01  -5.0917600e-01   8.7513000e-02
   8.9764800e-01  -4.8422500e-01   7.4080000e-02
   8.9783500e-01  -4.6470500e-01  -1.5386700e-01
   8.9797800e-01  -5.3827900e-01   8.2471000e-02
   8.9809800e-01  -4.8957500e-01   7.4300000e-02
   8.9851000e-01  -5.0505600e-01   8.7427000e-02
   8.9904700e-01  -4.8783000e-01   7.4300000e-02
   8.9929700e-01  -4.9556000e-01   7.4594000e-02
   8.9970200e-01  -4.9588700e-01   8.0878000e-02
   9.0007300e-01  -4.4950600e-01  -1.7181700e-01
   9.0008800e-01  -5.4808400e-01   8.3029000e-02
   9.0022000e-01  -5.5626200e-01   8.9830000e-02
   9.0061400e-01  -5.2220300e-01   8.1993000e-02
   9.0061900e-01  -5.5661300e-01   8.3428000e-02
   9.0105600e-01  -5.2517600e-01   9.4850000e-02
   9.0106300e-01  -4.9951300e-01   8.1117000e-02
   9.0215000e-01  -4.6557200e-01   5.5250000e-02
   9.0242400e-01  -4.7068100e-01   6.1566000e-02
   9.0289200e-01  -4.6126100e-01  -1.6689200e-01
   9.0310000e-01  -4.5656600e-01  -1.6656200e-01
   9.0327500e-01  -4.5189500e-01  -1.6623200e-01
   9.0369300e-01  -4.6186900e-01  -1.6076400e-01
   9.0377400e-01  -4.9663300e-01   8.1196000e-02
   9.0379600e-01  -5.1452300e-01   9.4574000e-02
   9.0381600e-01  -4.2852300e-01  -1.7079100e-01
   9.0409900e-01  -5.1991900e-01   9.4850000e-02
   9.0410800e-01  -4.5010900e-01  -1.7250100e-01
   9.0422800e-01  -4.6716000e-01  -1.6755200e-01
   9.0446400e-01  -4.6245300e-01  -1.5463100e-01
   9.0503000e-01  -4.6777300e-01  -1.6140000e-01
   9.0505600e-01  -4.4601000e-01  -1.7233000e-01
   9.0510700e-01  -7.0823100e-01  -1.4003800e-01
   9.0510700e-01  -5.1816200e-01   9.4850000e-02
   9.0513700e-01  -7.1471100e-01  -1.4764400e-01
   9.0543600e-01  -4.6563400e-01   5.5416000e-02
   9.0544800e-01  -4.2734000e-01  -1.7096200e-01
   9.0551500e-01  -4.9550000e-01   8.1276000e-02
   9.0567900e-01  -7.0884300e-01  -1.3306900e-01
   9.0571200e-01  -4.7075100e-01   6.1750000e-02
   9.0573400e-01  -4.5131700e-01  -1.6656200e-01
   9.0578700e-01  -5.1101000e-01   9.4574000e-02
   9.0580100e-01  -4.6836300e-01  -1.5524200e-01
   9.0614700e-01  -4.6129000e-01  -1.6738700e-01
   9.0622200e-01  -7.0942400e-01  -1.2609400e-01
   9.0632100e-01  -4.1859700e-01  -1.7044900e-01
   9.0635200e-01  -4.5658500e-01  -1.6705700e-01
   9.0643500e-01  -4.8120800e-01   6.8321000e-02
   9.0647600e-01  -4.9374100e-01   8.1276000e-02
   9.0656400e-01  -4.4952500e-01  -1.7284200e-01
   9.0673500e-01  -7.0997400e-01  -1.1911500e-01
   9.0695100e-01  -4.6189800e-01  -1.6124100e-01
   9.0698100e-01  -4.3315400e-01  -1.7164600e-01
   9.0705700e-01  -4.5954300e-01  -1.6108200e-01
   9.0715800e-01  -4.5718900e-01  -1.6092300e-01
   9.0721200e-01  -5.0960400e-01   8.8285000e-02
   9.0722000e-01  -7.1049200e-01  -1.1213200e-01
   9.0767600e-01  -5.2550100e-01   9.5401000e-02
   9.0772600e-01  -4.6248300e-01  -1.5508900e-01
   9.0783200e-01  -4.6012600e-01  -1.5493600e-01
   9.0792200e-01  -4.2205800e-01  -1.7096200e-01
   9.0793300e-01  -4.5776900e-01  -1.5478400e-01
   9.0802600e-01  -5.5770500e-01   8.3985000e-02
   9.0839000e-01  -4.6054500e-01   4.9264000e-02
   9.0861500e-01  -5.2890500e-01   8.9229000e-02
   9.0865200e-01  -5.1590800e-01   9.5034000e-02
   9.0890100e-01  -4.5367100e-01  -1.5463100e-01
   9.0891900e-01  -4.8815200e-01   7.4962000e-02
   9.0908000e-01  -4.8577100e-01   7.4889000e-02
   9.0916700e-01  -4.4423600e-01  -1.7284200e-01
   9.0951400e-01  -4.2552800e-01  -1.7147500e-01
   9.0952100e-01  -4.6628800e-01   5.5637000e-02
   9.1000800e-01  -4.4485100e-01  -1.6672700e-01
   9.1001300e-01  -4.7652900e-01   6.8388000e-02
   9.1007800e-01  -4.4014400e-01  -1.7267200e-01
   9.1050100e-01  -4.5486000e-01  -1.6124100e-01
   9.1068500e-01  -4.4775000e-01  -1.7335500e-01
   9.1082400e-01  -4.4305000e-01  -1.7301300e-01
   9.1092100e-01  -4.4075500e-01  -1.6656200e-01
   9.1119900e-01  -4.5780800e-01  -1.6155900e-01
   9.1136500e-01  -4.5307800e-01  -1.6755200e-01
   9.1144900e-01  -4.5072300e-01  -1.6738700e-01
   9.1155100e-01  -4.5321600e-01   3.6918000e-02
   9.1166700e-01  -4.4366400e-01  -1.6689200e-01
   9.1173900e-01  -4.3893300e-01  -1.7284200e-01
   9.1182500e-01  -4.3663800e-01  -1.6639700e-01
   9.1189400e-01  -4.9298500e-01   7.5330000e-02
   9.1197800e-01  -4.5839000e-01  -1.5539500e-01
   9.1209500e-01  -4.8312000e-01   6.8725000e-02
   9.1224200e-01  -4.8073700e-01   6.8658000e-02
   9.1238000e-01  -4.8584500e-01   7.5109000e-02
   9.1258400e-01  -4.3954300e-01  -1.6672700e-01
   9.1296800e-01  -4.7384100e-01   6.2241000e-02
   9.1327900e-01  -4.6177400e-01   4.9509000e-02
   9.1344200e-01  -4.7420300e-01   6.8523000e-02
   9.1361500e-01  -5.1223700e-01   8.8886000e-02
   9.1376400e-01  -4.5485300e-01  -1.6171800e-01
   9.1391300e-01  -4.5011900e-01  -1.6771700e-01
   9.1430800e-01  -4.3128800e-01  -1.7267200e-01
   9.1446400e-01  -4.9755200e-01   8.1993000e-02
   9.1451600e-01  -4.6515300e-01   5.5858000e-02
   9.1461900e-01  -4.6277800e-01   5.5802000e-02
   9.1480100e-01  -4.7029200e-01   6.2241000e-02
   9.1487400e-01  -4.4599900e-01  -1.6124100e-01
   9.1499900e-01  -4.4128700e-01  -1.6092300e-01
   9.1504300e-01  -4.3895300e-01  -1.6076400e-01
   9.1519300e-01  -4.6078800e-01   4.3368000e-02
   9.1546400e-01  -4.6832700e-01   4.9755000e-02
   9.1568500e-01  -4.7840600e-01   6.8793000e-02
   9.1572900e-01  -4.4424200e-01  -1.6124100e-01
   9.1578400e-01  -4.4185400e-01  -1.5478400e-01
   9.1639800e-01  -4.4952300e-01  -1.6171800e-01
   9.1645800e-01  -4.4715200e-01  -1.5524200e-01
   9.1651500e-01  -4.4481200e-01  -1.5508900e-01
   9.1682700e-01  -4.4742200e-01   3.0828000e-02
   9.1696500e-01  -4.4752200e-01   2.4664000e-02
   9.1713600e-01  -4.4764600e-01  -1.4276800e-01
   9.1721200e-01  -4.4770200e-01  -1.4907800e-01
   9.1727000e-01  -4.4535900e-01  -1.4893100e-01
   9.1734000e-01  -4.4297800e-01  -1.4878500e-01
   9.1743300e-01  -4.4067200e-01  -1.5493600e-01
   9.1757100e-01  -4.5038100e-01   3.0890000e-02
   9.1782400e-01  -4.5542200e-01  -1.6235300e-01
   9.1791100e-01  -4.5305400e-01  -1.6219400e-01
   9.1799400e-01  -4.4588500e-01  -1.4276800e-01
   9.1804800e-01  -4.8774300e-01   7.5551000e-02
   9.1806500e-01  -4.4350200e-01  -1.4262700e-01
   9.1816600e-01  -4.6300700e-01   4.9755000e-02
   9.1820900e-01  -4.5084800e-01   3.7102000e-02
   9.1832200e-01  -4.2938700e-01   0.0000000e+00
   9.1848200e-01  -5.1359400e-01   8.9315000e-02
   9.1863200e-01  -4.4634700e-01   2.4688000e-02
   9.1877900e-01  -4.5126400e-01  -1.5585300e-01
   9.1924500e-01  -4.2530300e-01  -1.7301300e-01
   9.1931500e-01  -4.2063800e-01  -1.6639700e-01
   9.1953500e-01  -4.5181700e-01  -1.4966500e-01
   9.1961000e-01  -4.4223800e-01  -1.3646500e-01
   9.1966900e-01  -4.5678200e-01   3.7249000e-02
   9.1991700e-01  -4.5452800e-01   3.1012000e-02
   9.1997200e-01  -4.2817800e-01   0.0000000e+00
   9.1998600e-01  -4.7174200e-01   5.6299000e-02
   9.2009500e-01  -4.6199000e-01   4.3582000e-02
   9.2011200e-01  -4.4742100e-01   3.0920000e-02
   9.2023900e-01  -4.7690400e-01   6.2731000e-02
   9.2070800e-01  -4.3583500e-01   6.1540000e-03
   9.2099000e-01  -4.6020200e-01   4.3582000e-02
   9.2108000e-01  -4.9771300e-01   8.2471000e-02
   9.2121600e-01  -4.4098900e-01   2.4688000e-02
   9.2140600e-01  -4.7033600e-01   6.2608000e-02
   9.2147700e-01  -4.3638100e-01   1.2321000e-02
   9.2149000e-01  -4.4118500e-01  -1.6821100e-01
   9.2149000e-01  -4.2214500e-01  -1.8370000e-02
   9.2168800e-01  -5.0071600e-01   8.2631000e-02
   9.2175400e-01  -4.1997300e-01  -1.6672700e-01
   9.2210400e-01  -4.6102700e-01   5.6134000e-02
   9.2231400e-01  -4.4177500e-01  -1.6203500e-01
   9.2236600e-01  -4.6122000e-01   4.9902000e-02
   9.2252500e-01  -4.2759500e-01  -1.6738700e-01
   9.2274800e-01  -4.4688400e-01   2.4787000e-02
   9.2279300e-01  -4.4452800e-01   2.4762000e-02
   9.2307000e-01  -4.3991200e-01   1.2357000e-02
   9.2309300e-01  -4.7907700e-01   6.9265000e-02
   9.2339300e-01  -4.2110400e-01  -1.6076400e-01
   9.2349100e-01  -4.5959900e-01   4.3668000e-02
   9.2372600e-01  -4.8962200e-01   7.5992000e-02
   9.2377600e-01  -4.5736100e-01   3.7396000e-02
   9.2380600e-01  -4.4043800e-01   1.8554000e-02
   9.2391000e-01  -4.4291900e-01  -1.5600600e-01
   9.2393000e-01  -4.5259300e-01   3.7323000e-02
   9.2400100e-01  -4.3577900e-01   6.1730000e-03
   9.2406500e-01  -4.2867100e-01  -6.1540000e-03
   9.2470400e-01  -7.3249100e-01  -1.4383300e-01
   9.2477100e-01  -4.3632400e-01   1.2357000e-02
   9.2484900e-01  -4.2684400e-01  -1.2308000e-02
   9.2488900e-01  -4.3401500e-01  -1.6821100e-01
   9.2504000e-01  -4.4854000e-01   3.1074000e-02
   9.2518700e-01  -4.5839600e-01   4.3711000e-02
   9.2546400e-01  -4.8843600e-01   7.6066000e-02
   9.2549100e-01  -4.2255200e-01  -2.4590000e-02
   9.2562000e-01  -4.8603100e-01   7.5992000e-02
   9.2571600e-01  -4.2744700e-01  -6.1600000e-03
   9.2574300e-01  -4.7609000e-01   6.9332000e-02
   9.2596900e-01  -4.9899600e-01   8.2870000e-02
   9.2606700e-01  -4.7633500e-01   6.3038000e-02
   9.2614000e-01  -4.4210200e-01   2.4811000e-02
   9.2615000e-01  -4.9658500e-01   8.2790000e-02
   9.2642200e-01  -4.2319500e-01  -1.8462000e-02
   9.2649800e-01  -4.2561700e-01  -1.2321000e-02
   9.2653900e-01  -4.3040000e-01   0.0000000e+00
   9.2655300e-01  -4.2802900e-01   0.0000000e+00
   9.2659200e-01  -4.2805700e-01  -1.6804600e-01
   9.2660200e-01  -4.1862400e-01  -4.3024000e-02
   9.2702200e-01  -4.4757000e-01  -1.5039900e-01
   9.2710500e-01  -4.4038000e-01   1.8609000e-02
   9.2722400e-01  -4.5257900e-01   3.7433000e-02
   9.2729800e-01  -4.3571200e-01   6.1910000e-03
   9.2730100e-01  -4.5017200e-01   3.7396000e-02
   9.2775600e-01  -4.4809800e-01  -1.4417500e-01
   9.2788200e-01  -4.6777600e-01   5.0294000e-02
   9.2796600e-01  -4.4340500e-01  -1.6936600e-01
   9.2814200e-01  -4.3391100e-01   6.1910000e-03
   9.2833400e-01  -4.4851400e-01   3.1166000e-02
   9.2842000e-01  -4.6817600e-01   5.6630000e-02
   9.2852200e-01  -4.4622300e-01  -1.3781100e-01
   9.2879100e-01  -4.8090100e-01   6.9670000e-02
   9.2906400e-01  -4.1794900e-01  -4.3110000e-02
   9.2926700e-01  -4.1808800e-01  -3.6954000e-02
   9.2959100e-01  -4.3973400e-01   1.8646000e-02
   9.2968000e-01  -7.7191500e-01  -9.5539000e-02
   9.2980300e-01  -4.3268100e-01   6.1970000e-03
   9.3001600e-01  -4.4729300e-01   3.1196000e-02
   9.3005600e-01  -7.7233500e-01  -8.8204000e-02
   9.3010300e-01  -4.2102000e-01  -3.7028000e-02
   9.3027400e-01  -4.2113800e-01  -3.0859000e-02
   9.3040400e-01  -4.4514400e-01  -1.6346500e-01
   9.3041500e-01  -4.2123400e-01  -2.4688000e-02
   9.3043300e-01  -4.4274500e-01  -1.6969600e-01
   9.3057400e-01  -4.3561800e-01  -1.6920100e-01
   9.3061400e-01  -4.2608900e-01  -1.2370000e-02
   9.3074200e-01  -4.1909300e-01  -6.1750000e-02
   9.3088600e-01  -4.1919200e-01  -8.6569000e-02
   9.3123800e-01  -4.1943100e-01  -6.7983000e-02
   9.3129100e-01  -4.4093700e-01  -1.6969600e-01
   9.3130600e-01  -4.1947800e-01  -4.9411000e-02
   9.3130900e-01  -4.1948000e-01  -8.0400000e-02
   9.3133500e-01  -4.2896900e-01  -1.1198600e-01
   9.3136900e-01  -4.3617600e-01   1.2431000e-02
   9.3144000e-01  -4.6793600e-01   6.3099000e-02
   9.3146800e-01  -4.8545300e-01   7.6360000e-02
   9.3170100e-01  -4.1974700e-01  -7.4227000e-02
   9.3172100e-01  -4.6072600e-01   4.4012000e-02
   9.3200900e-01  -4.4629000e-01  -1.5738100e-01
   9.3210800e-01  -4.8847200e-01   7.6507000e-02
   9.3212500e-01  -4.4152800e-01  -1.6346500e-01
   9.3231100e-01  -4.2964600e-01  -1.6267100e-01
   9.3268900e-01  -4.2042100e-01  -5.5692000e-02
   9.3271400e-01  -4.4922600e-01  -1.5127900e-01
   9.3275000e-01  -4.2520800e-01  -3.0982000e-02
   9.3287600e-01  -4.4448100e-01  -1.6378300e-01
   9.3289100e-01  -4.2530500e-01  -2.4787000e-02
   9.3311100e-01  -4.7415800e-01   5.7017000e-02
   9.3311900e-01  -4.3020600e-01  -6.2100000e-03
   9.3345300e-01  -4.4975500e-01  -1.4501900e-01
   9.3350100e-01  -4.7692400e-01   6.3467000e-02
   9.3356800e-01  -4.2102000e-01  -3.0951000e-02
   9.3370900e-01  -4.2111600e-01  -2.4762000e-02
   9.3395300e-01  -4.2839400e-01  -6.2100000e-03
   9.3433100e-01  -4.4551500e-01   2.5032000e-02
   9.3453500e-01  -4.7272000e-01   6.3406000e-02
   9.3460800e-01  -4.4086400e-01   1.2492000e-02
   9.3464500e-01  -4.2175400e-01  -1.8591000e-02
   9.3471600e-01  -4.3371100e-01  -1.6330600e-01
   9.3477900e-01  -4.3135700e-01   0.0000000e+00
   9.3485700e-01  -4.1952800e-01  -6.1995000e-02
   9.3493800e-01  -4.8303400e-01   7.6507000e-02
   9.3515600e-01  -4.1973100e-01  -5.5802000e-02
   9.3534300e-01  -4.8334000e-01   8.2949000e-02
   9.3540200e-01  -4.4142300e-01  -1.6394200e-01
   9.3542400e-01  -4.1991300e-01  -4.9607000e-02
   9.3546400e-01  -4.5364300e-01   3.7727000e-02
   9.3629600e-01  -4.2764600e-01  -1.8664000e-02
   9.3630000e-01  -4.3722200e-01  -1.6378300e-01
   9.3637500e-01  -4.2770000e-01  -1.2443000e-02
   9.3640300e-01  -4.2772000e-01  -1.6314700e-01
   9.3648600e-01  -4.2063400e-01  -4.3454000e-02
   9.3664000e-01  -4.2073800e-01  -7.4594000e-02
   9.3669100e-01  -4.2077300e-01  -3.7249000e-02
   9.3676800e-01  -4.4481300e-01  -1.3875300e-01
   9.3690200e-01  -4.4734100e-01  -1.5814500e-01
   9.3692700e-01  -4.6950300e-01   5.0736000e-02
   9.3700300e-01  -4.2098500e-01  -6.8388000e-02
   9.3706500e-01  -4.4017300e-01  -1.6410000e-01
   9.3707000e-01  -4.2103100e-01  -8.0878000e-02
   9.3712500e-01  -4.2582800e-01  -1.8664000e-02
   9.3720700e-01  -4.3544500e-01   6.2460000e-03
   9.3746800e-01  -4.2130100e-01  -8.7170000e-02
   9.3761100e-01  -4.5028600e-01  -1.5201300e-01
   9.3783700e-01  -4.6768300e-01   5.0736000e-02
   9.3808400e-01  -4.3124500e-01   0.0000000e+00
   9.3826800e-01  -4.7049200e-01   5.7182000e-02
   9.3835400e-01  -4.5081700e-01  -1.4572200e-01
   9.3857500e-01  -4.4609200e-01  -1.5829800e-01
   9.3862500e-01  -4.8328800e-01   7.0344000e-02
   9.3864500e-01  -4.1972300e-01  -6.8456000e-02
   9.3871200e-01  -4.1976900e-01  -8.0957000e-02
   9.3897800e-01  -4.1994800e-01  -6.2241000e-02
   9.3899100e-01  -4.2471700e-01  -9.9977000e-02
   9.3906700e-01  -4.5132500e-01  -1.3942600e-01
   9.3910800e-01  -4.2003600e-01  -7.4742000e-02
   9.3915400e-01  -4.6123100e-01   4.4312000e-02
   9.3924800e-01  -4.5880100e-01   4.4269000e-02
   9.3927200e-01  -4.2969200e-01  -1.0651600e-01
   9.3927800e-01  -4.2015100e-01  -5.6023000e-02
   9.3929000e-01  -4.4903800e-01  -1.5215900e-01
   9.3944000e-01  -4.4426900e-01  -1.5829800e-01
   9.3948200e-01  -4.2505200e-01  -9.3747000e-02
   9.3954700e-01  -4.2033300e-01  -4.9804000e-02
   9.3959100e-01  -4.3952200e-01   1.2542000e-02
   9.3973400e-01  -4.3479100e-01  -1.1945900e-01
   9.3988200e-01  -4.6420900e-01   4.4398000e-02
   9.3993600e-01  -4.2059600e-01  -8.7342000e-02
   9.4001500e-01  -4.7930900e-01   6.3896000e-02
   9.4003500e-01  -4.4956800e-01  -1.4586300e-01
   9.4062800e-01  -4.2822600e-01  -1.0027200e-01
   9.4074900e-01  -4.5007500e-01  -1.3956000e-01
   9.4096700e-01  -4.4778500e-01  -1.5230600e-01
   9.4099900e-01  -4.2369800e-01  -3.1196000e-02
   9.4116200e-01  -4.6763000e-01   5.0883000e-02
   9.4116400e-01  -4.3337100e-01  -1.1319800e-01
   9.4132900e-01  -4.2870600e-01  -1.2505000e-02
   9.4171400e-01  -4.4831300e-01  -1.4600300e-01
   9.4174600e-01  -4.2899100e-01  -1.0672500e-01
   9.4174900e-01  -4.1944200e-01  -5.6134000e-02
   9.4215200e-01  -4.6340600e-01   5.0834000e-02
   9.4227400e-01  -4.5361300e-01   3.1626000e-02
   9.4230300e-01  -4.4141700e-01  -1.2645000e-01
   9.4270200e-01  -4.4656800e-01   1.8922000e-02
   9.4273900e-01  -4.9147700e-01   7.7316000e-02
   9.4277700e-01  -4.2490500e-01  -9.4023000e-02
   9.4362300e-01  -4.2547900e-01  -2.5032000e-02
   9.4383800e-01  -4.3283100e-01  -6.2770000e-03
   9.4392300e-01  -4.2329100e-01  -4.3797000e-02
   9.4413000e-01  -4.2343100e-01  -3.7543000e-02
   9.4417100e-01  -4.5005200e-01   2.5302000e-02
   9.4430400e-01  -4.2354900e-01  -3.1288000e-02
   9.4439800e-01  -4.4288200e-01  -1.5890900e-01
   9.4475400e-01  -4.2624700e-01  -1.0056600e-01
   9.4475900e-01  -4.2146900e-01  -6.2608000e-02
   9.4527600e-01  -4.2420600e-01  -2.5057000e-02
   9.4528000e-01  -4.5822800e-01   3.8132000e-02
   9.4533300e-01  -4.2185500e-01  -5.0098000e-02
   9.4550200e-01  -4.3156300e-01  -6.2830000e-03
   9.4561900e-01  -4.7339600e-01   5.7624000e-02
   9.4602300e-01  -4.4646000e-01   1.8977000e-02
   9.4610500e-01  -4.6874100e-01   5.1129000e-02
   9.4626900e-01  -4.3932100e-01   6.3080000e-03
   9.4654000e-01  -4.4927200e-01  -1.4023300e-01
   9.4670800e-01  -4.2039300e-01  -5.6410000e-02
   9.4696200e-01  -4.3737300e-01  -1.5890900e-01
   9.4698000e-01  -4.2057500e-01  -5.0147000e-02
   9.4704300e-01  -4.2780100e-01  -1.8848000e-02
   9.4722700e-01  -4.4975700e-01  -1.3389500e-01
   9.4722900e-01  -4.2313200e-01  -4.3926000e-02
   9.4743700e-01  -4.2327100e-01  -3.7654000e-02
   9.4749500e-01  -4.4994600e-01  -1.5333300e-01
   9.4780000e-01  -4.3555400e-01  -1.5890900e-01
   9.4794300e-01  -4.3082000e-01  -1.2591000e-02
   9.4804100e-01  -4.5525600e-01   3.1810000e-02
   9.4806300e-01  -4.2130100e-01  -6.2792000e-02
   9.4824800e-01  -4.5047600e-01  -1.4698800e-01
   9.4854600e-01  -4.3606800e-01  -1.1408000e-01
   9.4877800e-01  -4.2897800e-01  -1.2591000e-02
   9.4886000e-01  -4.4355600e-01  -1.2730700e-01
   9.4887900e-01  -4.2184800e-01  -4.3969000e-02
   9.4902200e-01  -4.2433800e-01  -7.5551000e-02
   9.4927100e-01  -4.2450600e-01  -3.1442000e-02
   9.4934600e-01  -4.4634000e-01   1.9033000e-02
   9.4939000e-01  -4.2458600e-01  -6.9265000e-02
   9.5079500e-01  -4.3276400e-01  -1.0776600e-01
   9.5102500e-01  -4.2809300e-01  -9.4850000e-02
   9.5162600e-01  -4.5039200e-01  -1.6043700e-01
   9.5190300e-01  -4.2627800e-01  -2.5228000e-02
   9.5192900e-01  -4.2629500e-01  -8.2153000e-02
   9.5193200e-01  -4.4569400e-01   1.2713000e-02
   9.5202000e-01  -4.4086500e-01  -1.2108800e-01
   9.5205800e-01  -4.4089100e-01   6.3450000e-03
   9.5215700e-01  -4.5076500e-01  -1.3453800e-01
   9.5232100e-01  -4.2656000e-01  -8.8543000e-02
   9.5255600e-01  -4.4612800e-01  -1.6028400e-01
   9.5294400e-01  -4.3665800e-01   0.0000000e+00
   9.5349400e-01  -4.4678100e-01   1.9106000e-02
   9.5352800e-01  -4.2496500e-01  -6.9535000e-02
   9.5472600e-01  -4.6749800e-01   4.5042000e-02
   9.5481400e-01  -4.2582700e-01  -7.5992000e-02
   9.5497000e-01  -4.5027100e-01   2.5547000e-02
   9.5502200e-01  -4.4784500e-01   2.5523000e-02
   9.5513200e-01  -4.3815500e-01  -1.1485200e-01
   9.5523800e-01  -4.2611200e-01  -8.2392000e-02
   9.5542700e-01  -4.3592200e-01  -6.3510000e-03
   9.5563000e-01  -4.2637400e-01  -8.8800000e-02
   9.5608300e-01  -4.4612300e-01   1.2762000e-02
   9.5621500e-01  -4.4134000e-01   0.0000000e+00
   9.5654900e-01  -4.5384700e-01   2.5621000e-02
   9.5655700e-01  -4.2699600e-01  -3.8022000e-02
   9.5657000e-01  -4.3426900e-01  -1.0839100e-01
   9.5693200e-01  -4.2483500e-01  -5.0687000e-02
   9.5712200e-01  -4.3221500e-01  -1.0193800e-01
   9.5713400e-01  -4.2980000e-01  -1.0184000e-01
   9.5717400e-01  -4.2499700e-01  -4.4355000e-02
   9.5738500e-01  -4.2513800e-01  -3.8022000e-02
   9.5763600e-01  -4.3013800e-01  -9.5493000e-02
   9.5777500e-01  -4.4241200e-01  -1.2178600e-01
   9.5782100e-01  -4.3026200e-01  -1.9051000e-02
   9.5801000e-01  -4.2555500e-01  -6.3467000e-02
   9.5804100e-01  -4.5489400e-01   3.2086000e-02
   9.5831800e-01  -4.2576100e-01  -5.7127000e-02
   9.5839400e-01  -4.2581100e-01  -3.1718000e-02
   9.5847000e-01  -4.2827800e-01  -9.5493000e-02
   9.5933000e-01  -4.2643600e-01  -6.9939000e-02
   9.5953400e-01  -4.5346000e-01  -1.3556600e-01
   9.5974100e-01  -4.5360600e-01   3.2117000e-02
   9.5999700e-01  -4.6625800e-01   3.8758000e-02
   9.6032300e-01  -4.4906300e-01  -1.2889800e-01
   9.6088600e-01  -4.2989800e-01  -3.1840000e-02
   9.6144500e-01  -4.2784800e-01  -7.6507000e-02
   9.6173000e-01  -4.4021900e-01  -1.1562300e-01
   9.6188500e-01  -4.4767400e-01   1.2836000e-02
   9.6191000e-01  -4.4279600e-01  -1.2225100e-01
   9.6196700e-01  -4.4529400e-01   6.4120000e-03
   9.6205300e-01  -4.4043900e-01   0.0000000e+00
   9.6220400e-01  -4.6031100e-01   2.5817000e-02
   9.6226500e-01  -4.2600200e-01  -7.6507000e-02
   9.6251300e-01  -4.4810800e-01   2.5695000e-02
   9.6262700e-01  -4.4818600e-01   1.9272000e-02
   9.6263900e-01  -4.2625100e-01  -7.0142000e-02
   9.6269600e-01  -4.2868400e-01  -8.3029000e-02
   9.6279400e-01  -4.6323000e-01   3.2331000e-02
   9.6282700e-01  -4.4832500e-01  -1.2914300e-01
   9.6298100e-01  -4.2647800e-01  -6.3774000e-02
   9.6308100e-01  -4.5345400e-01   3.2209000e-02
   9.6308500e-01  -4.2894300e-01  -8.9487000e-02
   9.6329100e-01  -4.2668400e-01  -5.7403000e-02
   9.6422000e-01  -4.5176300e-01   1.9327000e-02
   9.6440000e-01  -4.2742100e-01  -5.1079000e-02
   9.6443800e-01  -4.3716100e-01  -1.9217000e-02
   9.6453700e-01  -4.3478400e-01  -1.2799000e-02
   9.6454500e-01  -4.3968300e-01  -6.4120000e-03
   9.6465600e-01  -4.4958700e-01   3.8648000e-02
   9.6483500e-01  -4.4971100e-01   3.2209000e-02
   9.6517800e-01  -4.2793900e-01  -8.3188000e-02
   9.6518400e-01  -4.3277900e-01  -2.5597000e-02
   9.6534800e-01  -4.3777600e-01  -1.2824000e-02
   9.6539700e-01  -4.3780900e-01  -6.4120000e-03
   9.6552600e-01  -4.5515500e-01  -1.5612100e-01
   9.6595300e-01  -4.2360800e-01  -7.0277000e-02
   9.6623300e-01  -4.3348200e-01  -1.0282000e-01
   9.6629700e-01  -4.2383400e-01  -6.3896000e-02
   9.6657100e-01  -4.5339300e-01   2.5842000e-02
   9.6695900e-01  -4.3396900e-01  -1.9235000e-02
   9.6714000e-01  -4.2924300e-01  -4.4828000e-02
   9.6722500e-01  -4.2930000e-01  -8.9830000e-02
   9.6773200e-01  -4.4678100e-01   1.2897000e-02
   9.6778100e-01  -4.4681400e-01   6.4490000e-03
   9.6818500e-01  -4.2993800e-01  -3.8464000e-02
   9.6894700e-01  -4.4020900e-01  -1.0984800e-01
   9.6923700e-01  -4.3305100e-01  -9.6596000e-02
   9.6998300e-01  -4.4337500e-01  -1.1661500e-01
   9.7006700e-01  -4.3118900e-01  -9.6596000e-02
   9.7015400e-01  -4.4596200e-01  -1.2329800e-01
   9.7047700e-01  -4.5610100e-01  -1.6349300e-01
   9.7099400e-01  -4.2936500e-01  -8.3667000e-02
   9.7101100e-01  -4.3423500e-01  -2.5744000e-02
   9.7112600e-01  -4.6156300e-01  -1.5729500e-01
   9.7135300e-01  -4.5670800e-01   3.2485000e-02
   9.7140600e-01  -4.2963800e-01  -7.7243000e-02
   9.7145000e-01  -4.3943800e-01  -1.1005700e-01
   9.7190100e-01  -4.6210400e-01  -1.5078600e-01
   9.7203900e-01  -4.3492100e-01  -1.0340800e-01
   9.7209800e-01  -4.5722400e-01  -1.5714800e-01
   9.7261600e-01  -4.3043900e-01  -7.0884000e-02
   9.7263100e-01  -4.5262400e-01   1.2983000e-02
   9.7264300e-01  -4.6262300e-01  -1.4427100e-01
   9.7304200e-01  -4.3072100e-01  -9.0345000e-02
   9.7307100e-01  -4.2830000e-01  -7.7316000e-02
   9.7369700e-01  -4.4342100e-01   0.0000000e+00
   9.7379500e-01  -4.3122000e-01  -6.4509000e-02
   9.7410800e-01  -4.3142700e-01  -5.8065000e-02
   9.7411100e-01  -4.2898500e-01  -5.8010000e-02
   9.7427700e-01  -4.6628800e-01  -1.5802900e-01
   9.7438900e-01  -4.3161300e-01  -5.1619000e-02
   9.7468000e-01  -7.8620200e-01  -1.4516600e-01
   9.7478000e-01  -4.3921200e-01  -1.1036900e-01
   9.7495900e-01  -4.4427400e-01  -1.1716600e-01
   9.7505400e-01  -4.6683400e-01  -1.5148900e-01
   9.7579800e-01  -4.6735600e-01  -1.4494300e-01
   9.7630300e-01  -4.3288000e-01  -4.5257000e-02
   9.7985100e-01  -4.3522900e-01  -3.8942000e-02
   9.8044900e-01  -4.5548700e-01  -1.5817500e-01
   9.8193900e-01  -4.6151700e-01  -1.5876200e-01
   9.8663100e-01  -4.5467700e-01  -1.2550800e-01
   9.8705300e-01  -4.5748300e-01  -1.5920300e-01
   9.8711600e-01  -8.0676500e-01  -1.4784100e-01
   9.8800600e-01  -8.0411800e-01  -1.4772500e-01
   9.8914800e-01  -4.6904200e-01  -1.5345800e-01
   9.8990600e-01  -4.6956700e-01  -1.4682800e-01
   9.9062900e-01  -4.7006900e-01  -1.4019100e-01
   9.9473700e-01  -4.7548700e-01  -1.5458300e-01
   9.9549800e-01  -4.7601700e-01  -1.4790400e-01
   9.9622600e-01  -4.7652400e-01  -1.4121900e-01
   9.9632000e-01  -8.0945800e-01  -1.0947700e-01
   9.9838900e-01  -4.6776900e-01  -1.5458300e-01
   9.9865600e-01  -4.6029400e-01  -1.6096300e-01
   1.0041030e+00  -8.3256300e-01  -1.5133100e-01
   1.0050610e+00  -8.1885300e-01  -1.4240700e-01
   1.0056400e+00  -8.1947500e-01  -1.3452500e-01
   1.0064630e+00  -4.7588200e-01  -1.6301800e-01
   1.0142800e+00  -8.3246600e-01  -1.4417100e-01
   1.0146060e+00  -4.5823800e-01  -1.5613100e-01
   1.0193310e+00  -4.6908000e-01  -1.5739700e-01
   1.0210200e+00  -4.8849300e-01  -1.5880300e-01
   1.0211000e+00  -8.3609000e-01  -1.2879500e-01
   1.0216220e+00  -8.3665000e-01  -1.2076800e-01
   1.0218040e+00  -4.8903500e-01  -1.5194200e-01
   1.0225540e+00  -4.8955200e-01  -1.4507400e-01
   1.0241230e+00  -8.4684800e-01  -1.4604400e-01
   1.0245430e+00  -8.5108100e-01  -1.5458700e-01
   1.0350090e+00  -4.9550600e-01  -1.6105400e-01
   1.0355970e+00  -8.6694200e-01  -1.4846900e-01
   1.0365680e+00  -4.9657700e-01  -1.4713000e-01
   1.0394980e+00  -4.9056800e-01  -1.6844700e-01
   1.0426350e+00  -4.9269800e-01  -1.4052700e-01
   1.0449220e+00  -4.8357900e-01  -1.6874000e-01
   1.0479920e+00  -8.6883900e-01  -1.4129300e-01
   1.0490190e+00  -8.9734100e-01  -1.1788600e-01
   1.0496050e+00  -8.7057900e-01  -1.1642700e-01
   1.0498500e+00  -5.0299800e-01  -1.5624800e-01
   1.0500890e+00  -4.8173000e-01  -1.5503700e-01
   1.0506230e+00  -5.0352700e-01  -1.4918600e-01
   1.0516100e+00  -8.9228600e-01  -1.5166600e-01
   1.0526710e+00  -8.8950800e-01  -1.5155600e-01
   1.0532870e+00  -5.0263700e-01  -1.6386700e-01
   1.0556170e+00  -5.0422600e-01  -1.4260800e-01
   1.0561250e+00  -9.0522000e-01  -1.5298800e-01
   1.0600650e+00  -8.8186400e-01  -1.3467600e-01
   1.0606090e+00  -8.8245100e-01  -1.2628300e-01
   1.0611460e+00  -8.8694900e-01  -1.4358400e-01
   1.0660190e+00  -5.1682300e-01  -1.5907400e-01
   1.0679170e+00  -4.8274900e-01  -1.5732500e-01
   1.0769740e+00  -9.0809200e-01  -1.5497200e-01
   1.0812080e+00  -9.1673000e-01  -1.4722800e-01
   1.0819370e+00  -5.2216900e-01  -1.6136200e-01
   1.0827360e+00  -5.2271400e-01  -1.5406900e-01
   1.0902300e+00  -5.1382700e-01  -1.6935300e-01
   1.0968310e+00  -9.2559900e-01  -1.4026300e-01
   1.0976980e+00  -5.3008000e-01  -1.5625400e-01
   1.0977080e+00  -9.4300100e-01  -1.5035200e-01
   1.0979060e+00  -9.4737400e-01  -1.5960200e-01
   1.0979260e+00  -9.2678500e-01  -1.2277600e-01
   1.0985460e+00  -9.4807900e-01  -1.5076800e-01
   1.1004900e+00  -9.3366200e-01  -1.4993500e-01
   1.1010940e+00  -9.3432000e-01  -1.4114500e-01
   1.1021940e+00  -9.3551500e-01  -1.2354800e-01
   1.1026980e+00  -9.5685800e-01  -1.5170500e-01
   1.1033030e+00  -9.5752900e-01  -1.4281100e-01
   1.1038710e+00  -9.5815900e-01  -1.3391100e-01
   1.1072790e+00  -5.1677700e-01  -1.6418800e-01
   1.1114180e+00  -9.7077400e-01  -1.4428100e-01
   1.1119910e+00  -9.7141200e-01  -1.3529000e-01
   1.1169020e+00  -9.8111900e-01  -1.5451700e-01
   1.1201180e+00  -9.5920400e-01  -1.4418300e-01
   1.1206970e+00  -9.5983600e-01  -1.3519800e-01
   1.1212380e+00  -9.6042800e-01  -1.2620800e-01
   1.1327060e+00  -5.2492200e-01  -1.6010900e-01
   1.1327450e+00  -9.9451300e-01  -1.6599500e-01
   1.1334070e+00  -9.9524900e-01  -1.5680700e-01
   1.1351980e+00  -5.1230800e-01  -1.5203400e-01
   1.1405610e+00  -9.9448400e-01  -1.4800600e-01
   1.1411520e+00  -9.9513600e-01  -1.3878300e-01
   1.1532010e+00  -1.0040500e+00  -1.4957400e-01
   1.1677690e+00  -5.6559300e-01  -1.5852200e-01
   2.8409480e+00  -1.7058040e+00   2.0304000e-02
   2.8413640e+00  -1.7060850e+00   6.0926000e-02
   2.8415820e+00  -1.6907570e+00   4.0521000e-02
   2.8449350e+00  -1.7084990e+00   4.0668000e-02
   2.8465880e+00  -1.7018550e+00   4.0643000e-02
   2.8482450e+00  -1.6798750e+00   2.0261000e-02
   2.8508730e+00  -1.6969860e+00   2.0328000e-02
   2.8549950e+00  -1.6920030e+00   2.0334000e-02
   2.8556340e+00  -1.6693860e+00   0.0000000e+00
   2.8597060e+00  -1.6643870e+00   0.0000000e+00
   2.8598910e+00  -1.6798960e+00   0.0000000e+00
   2.8602290e+00  -1.6494160e+00  -2.0230000e-02
   2.8607880e+00  -1.6882140e+00   0.0000000e+00
   2.8625040e+00  -1.7125700e+00  -2.0439000e-02
   2.8625040e+00  -1.7125700e+00   2.0439000e-02
   2.8625560e+00  -1.7126050e+00   0.0000000e+00
   2.8629980e+00  -1.6665480e+00  -2.0298000e-02
   2.8633630e+00  -1.6975900e+00   0.0000000e+00
   2.8637170e+00  -1.6593440e+00  -2.0279000e-02
   2.8664350e+00  -1.6765070e+00  -2.0347000e-02
   2.8703070e+00  -1.7335000e+00   6.1644000e-02
   2.8703640e+00  -1.6713840e+00  -4.0705000e-02
   2.8705680e+00  -1.7336780e+00   4.1097000e-02
   2.8707240e+00  -1.7337840e+00   2.0549000e-02
   2.8707760e+00  -1.7338190e+00   0.0000000e+00
   2.8734960e+00  -1.6503860e+00  -2.0304000e-02
   2.8756980e+00  -1.6441600e+00  -4.0594000e-02
   2.8758560e+00  -1.6519160e+00  -4.0643000e-02
   2.8772020e+00  -1.6374920e+00  -4.0570000e-02
   2.8774150e+00  -1.6376290e+00  -8.1158000e-02
   2.8777450e+00  -1.6531410e+00  -8.1354000e-02
   2.8777820e+00  -1.6378650e+00  -6.0871000e-02
   2.8781120e+00  -1.6533780e+00  -6.1018000e-02
   2.8793480e+00  -1.6618610e+00  -4.0742000e-02
   2.8807160e+00  -1.6245930e+00  -1.0135000e-01
   2.8811880e+00  -1.6248940e+00  -8.1084000e-02
   2.8815550e+00  -1.6251280e+00  -6.0816000e-02
   2.8828300e+00  -1.6411090e+00  -1.0165600e-01
   2.8837460e+00  -1.6647240e+00  -8.1624000e-02
   2.8839840e+00  -1.6571840e+00  -1.0193200e-01
   2.8841130e+00  -1.6649630e+00  -6.1221000e-02
   2.8853220e+00  -1.6734670e+00  -4.0876000e-02
   2.8863660e+00  -1.6741490e+00  -8.1796000e-02
   2.8867330e+00  -1.6743900e+00  -6.1350000e-02
   2.8871960e+00  -1.6515810e+00  -1.0193200e-01
   2.8873260e+00  -1.6363500e+00  -8.1354000e-02
   2.8874580e+00  -1.6517500e+00  -1.2234700e-01
   2.8876690e+00  -1.6518870e+00  -8.1551000e-02
   2.8876940e+00  -1.6365850e+00  -6.1018000e-02
   2.8880370e+00  -1.6521240e+00  -6.1166000e-02
   2.8892770e+00  -1.6606150e+00  -1.2256800e-01
   2.8902520e+00  -1.6306700e+00  -1.2205300e-01
   2.8904830e+00  -1.6383700e+00  -1.2220000e-01
   2.8910620e+00  -1.6387410e+00  -1.0184000e-01
   2.8916510e+00  -1.6698700e+00  -1.0233100e-01
   2.8931820e+00  -1.6477610e+00  -1.2245800e-01
   2.8931920e+00  -1.7019420e+00  -2.0567000e-02
   2.8937630e+00  -1.6176650e+00  -1.0159500e-01
   2.8939930e+00  -1.6254230e+00  -1.0171800e-01
   2.8942380e+00  -1.6179650e+00  -8.1281000e-02
   2.8944670e+00  -1.6257240e+00  -8.1379000e-02
   2.8946070e+00  -1.6181980e+00  -6.0963000e-02
   2.8948360e+00  -1.6259580e+00  -6.1037000e-02
   2.8950180e+00  -1.6489420e+00  -1.4298400e-01
   2.8954980e+00  -1.6956660e+00  -4.1122000e-02
   2.8960140e+00  -1.6882220e+00  -6.1626000e-02
   2.8963090e+00  -1.6345290e+00  -1.4272700e-01
   2.8973730e+00  -1.6427790e+00  -1.4294100e-01
   2.8974230e+00  -1.6428110e+00  -1.6339500e-01
   2.8980440e+00  -1.6356350e+00  -1.6324800e-01
   2.8984760e+00  -1.6282670e+00  -1.2227400e-01
   2.8985260e+00  -1.6588940e+00  -1.4332800e-01
   2.9002850e+00  -1.6754900e+00  -1.2319400e-01
   2.9003300e+00  -1.6677790e+00  -1.4358600e-01
   2.9009490e+00  -1.6527540e+00  -1.6378800e-01
   2.9011590e+00  -1.6299700e+00  -1.8369000e-01
   2.9016320e+00  -1.6226360e+00  -1.2227400e-01
   2.9020580e+00  -1.6305400e+00  -1.6329700e-01
   2.9024130e+00  -1.6460040e+00  -1.8418700e-01
   2.9027700e+00  -1.6616330e+00  -1.6408200e-01
   2.9028510e+00  -1.6310430e+00  -1.4289900e-01
   2.9030410e+00  -1.6388190e+00  -1.8402100e-01
   2.9034790e+00  -1.6238030e+00  -1.4277000e-01
   2.9035820e+00  -1.7009960e+00  -6.1865000e-02
   2.9036670e+00  -1.6163010e+00  -1.0184000e-01
   2.9041430e+00  -1.6166000e+00  -8.1477000e-02
   2.9045140e+00  -1.6168330e+00  -6.1110000e-02
   2.9052270e+00  -1.6632190e+00  -1.8479400e-01
   2.9054050e+00  -1.6710690e+00  -1.6442600e-01
   2.9056230e+00  -1.6175310e+00  -1.2231000e-01
   2.9057810e+00  -1.6176300e+00  -1.4272700e-01
   2.9062180e+00  -1.6102950e+00  -1.2220000e-01
   2.9067710e+00  -1.6564950e+00  -1.8468300e-01
   2.9068000e+00  -1.6106600e+00  -1.0184000e-01
   2.9068970e+00  -1.6336100e+00  -2.0456600e-01
   2.9072770e+00  -1.6109580e+00  -8.1477000e-02
   2.9075660e+00  -1.5959650e+00  -8.1305000e-02
   2.9076480e+00  -1.6111910e+00  -6.1110000e-02
   2.9077520e+00  -1.6265020e+00  -1.6344400e-01
   2.9100590e+00  -1.6203220e+00  -1.6339500e-01
   2.9104540e+00  -1.6435420e+00  -2.0505700e-01
   2.9106560e+00  -1.6512790e+00  -2.0530200e-01
   2.9109920e+00  -1.6902480e+00  -1.0315900e-01
   2.9111430e+00  -1.7692080e+00   2.0874000e-02
   2.9112470e+00  -1.6058390e+00  -8.1501000e-02
   2.9114560e+00  -1.6135760e+00  -1.4285600e-01
   2.9116190e+00  -1.6060710e+00  -6.1129000e-02
   2.9116930e+00  -1.6213490e+00  -1.8396600e-01
   2.9118830e+00  -1.6062350e+00  -1.2231000e-01
   2.9123530e+00  -1.6141380e+00  -1.6334600e-01
   2.9124670e+00  -1.6065990e+00  -1.0193200e-01
   2.9138780e+00  -1.7156370e+00  -4.1441000e-02
   2.9145840e+00  -1.6079200e+00  -1.4285600e-01
   2.9147310e+00  -1.6004140e+00  -1.0190200e-01
   2.9148350e+00  -1.6156930e+00  -1.8396600e-01
   2.9148540e+00  -1.6309890e+00  -2.2546500e-01
   2.9152920e+00  -1.6312660e+00  -1.8440700e-01
   2.9158940e+00  -1.6393190e+00  -2.2580200e-01
   2.9159700e+00  -1.6316950e+00  -2.0499500e-01
   2.9160920e+00  -1.6164800e+00  -2.2506000e-01
   2.9163980e+00  -1.5938640e+00  -1.2223700e-01
   2.9166940e+00  -1.6016330e+00  -1.2238400e-01
   2.9169350e+00  -1.5866270e+00  -1.2212600e-01
   2.9169830e+00  -1.5942260e+00  -1.0187100e-01
   2.9171770e+00  -1.6095370e+00  -1.6344400e-01
   2.9172090e+00  -1.6171800e+00  -2.0462700e-01
   2.9175200e+00  -1.5869870e+00  -1.0177900e-01
   2.9177000e+00  -1.6022580e+00  -1.4285600e-01
   2.9179670e+00  -1.6100300e+00  -1.8396600e-01
   2.9179980e+00  -1.5872820e+00  -8.1428000e-02
   2.9186000e+00  -1.6028160e+00  -1.6334600e-01
   2.9191060e+00  -1.5955390e+00  -1.4277000e-01
   2.9191330e+00  -1.6260300e+00  -2.0499500e-01
   2.9195330e+00  -1.6339450e+00  -2.4644100e-01
   2.9198810e+00  -1.7038900e+00  -8.2876000e-02
   2.9208630e+00  -1.5966250e+00  -8.1600000e-02
   2.9225560e+00  -1.5976710e+00  -1.6339500e-01
   2.9229750e+00  -1.7453250e+00  -4.1723000e-02
   2.9230540e+00  -1.6284970e+00  -2.6709600e-01
   2.9230820e+00  -1.6285140e+00  -2.2587000e-01
   2.9231350e+00  -1.7454320e+00  -2.0862000e-02
   2.9231880e+00  -1.7454670e+00   0.0000000e+00
   2.9243880e+00  -1.6293360e+00  -2.4658800e-01
   2.9246290e+00  -1.6991620e+00  -1.2440800e-01
   2.9271190e+00  -1.6157380e+00  -2.0511800e-01
   2.9284440e+00  -1.6013120e+00  -1.8424200e-01
   2.9291270e+00  -1.6017340e+00  -2.0481100e-01
   2.9293820e+00  -1.5867050e+00  -1.2253100e-01
   2.9299700e+00  -1.5870650e+00  -1.0211600e-01
   2.9300820e+00  -1.6252430e+00  -2.4680900e-01
   2.9313990e+00  -1.6031390e+00  -2.2553200e-01
   2.9320950e+00  -1.5883670e+00  -1.4311300e-01
   2.9321440e+00  -1.5883980e+00  -1.6359200e-01
   2.9329630e+00  -1.6117350e+00  -1.8473800e-01
   2.9332480e+00  -1.5966700e+00  -1.8435200e-01
   2.9341100e+00  -1.5972000e+00  -1.4337100e-01
   2.9341580e+00  -1.5972300e+00  -1.6388600e-01
   2.9368790e+00  -1.5837120e+00  -1.4319900e-01
   2.9378780e+00  -1.5919120e+00  -2.0499500e-01
   2.9381650e+00  -1.5844970e+00  -1.0230000e-01
   2.9388970e+00  -1.5925360e+00  -1.8451800e-01
   2.9394860e+00  -1.5853030e+00  -1.6383700e-01
   2.9409880e+00  -1.5862200e+00  -1.2289900e-01
   2.9416110e+00  -1.5791020e+00  -1.8429700e-01
   2.9419830e+00  -1.5868270e+00  -1.8451800e-01
   2.9449460e+00  -1.5886350e+00  -2.2587000e-01
   2.9449810e+00  -1.6038920e+00  -2.0573100e-01
   2.9460750e+00  -1.5893240e+00  -2.0536300e-01
   2.9556270e+00  -1.5951530e+00  -2.4739800e-01
   2.9595100e+00  -1.7299050e+00  -1.0506100e-01
