   3.9032500e-01  -1.2995600e-01  -9.1050000e-03
   3.9036000e-01  -1.2999000e-01  -6.8290000e-03
   3.9038500e-01  -1.3001400e-01  -4.5530000e-03
   6.0041000e-01  -3.3320500e-01  -3.2581000e-02
   6.2393900e-01  -3.5596800e-01  -3.8471000e-02
   6.2654900e-01  -3.6419100e-01  -1.5775300e-01
   6.2804300e-01  -3.5804600e-01   4.3047000e-02
   6.3093300e-01  -3.6273500e-01  -4.3354000e-02
   6.3207000e-01  -3.5063100e-01  -1.6183500e-01
   6.3413900e-01  -3.4883900e-01  -1.6206000e-01
   6.3488800e-01  -3.7429700e-01  -1.6060100e-01
   6.3548900e-01  -3.4637300e-01  -1.6206000e-01
   6.3620300e-01  -3.7950600e-01  -1.5684900e-01
   6.3637700e-01  -3.6224900e-01  -1.6408600e-01
   6.3707900e-01  -3.6483400e-01  -1.6453600e-01
   6.3790300e-01  -3.6947800e-01  -4.8357000e-02
   6.4045500e-01  -3.4910500e-01  -1.6341100e-01
   6.4052100e-01  -3.5291700e-01  -1.6386100e-01
   6.4060100e-01  -3.6054400e-01  -1.6476100e-01
   6.4131300e-01  -3.6504500e-01  -1.6543700e-01
   6.4192500e-01  -3.7727800e-01  -1.6235400e-01
   6.4273700e-01  -3.6833100e-01  -1.6147800e-01
   6.4407900e-01  -3.5433700e-01  -1.6016300e-01
   6.4412100e-01  -3.6006700e-01  -1.6543700e-01
   6.4414100e-01  -3.6581100e-01  -1.6611200e-01
   6.4471700e-01  -3.5115900e-01  -1.6453600e-01
   6.4483600e-01  -3.7228100e-01  -1.6235400e-01
   6.4486400e-01  -3.6842800e-01  -1.6191600e-01
   6.4487100e-01  -3.6458000e-01  -1.6147800e-01
   6.4538500e-01  -3.8262800e-01  -1.5898000e-01
   6.4539800e-01  -3.4990600e-01  -1.6453600e-01
   6.4548300e-01  -3.5374800e-01  -1.6038200e-01
   6.4556200e-01  -3.7103200e-01  -1.5770200e-01
   6.4556500e-01  -3.7689000e-01  -5.3555000e-02
   6.4566700e-01  -3.5770600e-01   6.1688000e-02
   6.4591800e-01  -3.4293900e-01  -1.6386100e-01
   6.4597300e-01  -3.4484700e-01  -1.6408600e-01
   6.4598900e-01  -3.8717500e-01  -1.5962000e-01
   6.4603400e-01  -3.8525000e-01  -1.5940700e-01
   6.4607600e-01  -3.4865200e-01  -1.6453600e-01
   6.4628600e-01  -3.6784700e-01  -1.6213500e-01
   6.4651400e-01  -3.7000000e-01  -6.2289000e-02
   6.4674400e-01  -3.4741100e-01  -1.6453600e-01
   6.4678100e-01  -3.7025400e-01  -5.7849000e-02
   6.4692800e-01  -3.7039400e-01   4.0017000e-02
   6.4697600e-01  -3.6083200e-01  -1.6147800e-01
   6.4706000e-01  -3.7052000e-01  -1.0740700e-01
   6.4725000e-01  -3.7459900e-01  -4.9099000e-02
   6.4725800e-01  -3.7070800e-01  -9.8378000e-02
   6.4762500e-01  -3.7691700e-01  -1.6345000e-01
   6.4763500e-01  -3.7692800e-01   4.0237000e-02
   6.4768500e-01  -3.7111500e-01  -9.3932000e-02
   6.4769000e-01  -3.6149900e-01  -1.5706200e-01
   6.4775000e-01  -3.7117700e-01  -5.3481000e-02
   6.4781400e-01  -3.6929700e-01   3.5574000e-02
   6.4797100e-01  -3.4107800e-01  -1.6408600e-01
   6.4797700e-01  -3.7334100e-01  -4.9099000e-02
   6.4797800e-01  -3.7139400e-01  -4.9032000e-02
   6.4803200e-01  -3.4298700e-01  -1.6431100e-01
   6.4809200e-01  -3.7150300e-01  -8.9482000e-02
   6.4818400e-01  -3.7354000e-01  -4.4641000e-02
   6.4820200e-01  -3.7355600e-01  -1.1692000e-01
   6.4828900e-01  -3.6974800e-01   1.7792000e-02
   6.4837300e-01  -3.7372000e-01  -4.0182000e-02
   6.4838500e-01  -3.6214800e-01  -1.5264100e-01
   6.4838600e-01  -3.7373300e-01  -1.2154100e-01
   6.4843800e-01  -3.6988900e-01   4.4490000e-03
   6.4854100e-01  -3.7388100e-01  -3.5721000e-02
   6.4862600e-01  -3.9382500e-01  -1.5616200e-01
   6.4869800e-01  -3.7013500e-01   4.9032000e-02
   6.4870000e-01  -3.7208200e-01   4.9099000e-02
   6.4890600e-01  -3.7033300e-01   4.4580000e-02
   6.4890900e-01  -3.7228100e-01   4.4641000e-02
   6.4892900e-01  -3.7230000e-01  -2.2301000e-02
   6.4899500e-01  -3.8020900e-01  -1.6410700e-01
   6.4904000e-01  -3.7828200e-01  -1.5919300e-01
   6.4908400e-01  -3.7050200e-01   1.3363000e-02
   6.4908700e-01  -3.7245100e-01  -1.3382000e-02
   6.4909500e-01  -3.7051200e-01   4.0127000e-02
   6.4911100e-01  -3.7247400e-01  -6.7094000e-02
   6.4913400e-01  -3.7054900e-01   8.9090000e-03
   6.4913700e-01  -3.7249800e-01  -8.9210000e-03
   6.4919300e-01  -3.7060500e-01   5.3555000e-02
   6.4919900e-01  -3.7255700e-01  -8.5145000e-02
   6.4926600e-01  -3.7262100e-01   3.5721000e-02
   6.4935900e-01  -3.4046800e-01  -1.6431100e-01
   6.4940300e-01  -3.7470500e-01  -1.3098300e-01
   6.4942500e-01  -3.7472600e-01  -1.1261200e-01
   6.4954100e-01  -3.7093600e-01   2.6759000e-02
   6.4956700e-01  -3.7290800e-01  -8.0683000e-02
   6.4960400e-01  -3.7882500e-01  -4.4887000e-02
   6.4961800e-01  -3.7687100e-01  -4.4825000e-02
   6.4963100e-01  -3.7296900e-01  -4.4703000e-02
   6.4964400e-01  -3.6717800e-01   5.7929000e-02
   6.4965000e-01  -3.7103900e-01   2.2301000e-02
   6.4966800e-01  -3.7105600e-01   5.8088000e-02
   6.4973000e-01  -3.7697900e-01  -1.7915000e-02
   6.4978700e-01  -3.3348600e-01  -1.6363600e-01
   6.4979200e-01  -3.7900600e-01  -4.0403000e-02
   6.4980000e-01  -3.7704600e-01  -1.3437000e-02
   6.4980700e-01  -3.7705200e-01  -4.0348000e-02
   6.4982000e-01  -3.7314900e-01  -4.0237000e-02
   6.4991100e-01  -3.7519100e-01  -5.3776000e-02
   6.4991100e-01  -3.7519100e-01   5.3776000e-02
   6.4991600e-01  -3.7324100e-01   5.3702000e-02
   6.4991600e-01  -3.7324000e-01  -7.6217000e-02
   6.4996100e-01  -3.7916900e-01  -3.5918000e-02
   6.4997400e-01  -3.7525100e-01  -1.2651200e-01
   6.4997500e-01  -3.7721400e-01  -3.5868000e-02
   6.5010200e-01  -3.7733600e-01  -9.9186000e-02
   6.5012400e-01  -3.7735700e-01  -3.1388000e-02
   6.5013400e-01  -3.7540400e-01  -3.1345000e-02
   6.5014000e-01  -3.7541000e-01   4.9302000e-02
   6.5015100e-01  -3.7346400e-01  -1.1261200e-01
   6.5021200e-01  -3.7744100e-01  -1.3599900e-01
   6.5024500e-01  -3.7355300e-01  -7.1749000e-02
   6.5025300e-01  -3.7748100e-01  -2.6906000e-02
   6.5026300e-01  -3.7552700e-01  -2.6869000e-02
   6.5026700e-01  -3.7357500e-01  -2.6832000e-02
   6.5032400e-01  -3.7754900e-01  -1.1755500e-01
   6.5034900e-01  -3.7560900e-01   4.4825000e-02
   6.5038400e-01  -3.7564300e-01  -1.0366500e-01
   6.5039500e-01  -3.7369600e-01  -1.0352400e-01
   6.5048100e-01  -3.7967000e-01  -1.2236600e-01
   6.5050500e-01  -3.7772300e-01  -1.2220100e-01
   6.5052100e-01  -3.7773800e-01   1.3455000e-02
   6.5057100e-01  -3.7778600e-01  -8.9700000e-03
   6.5060100e-01  -3.7781500e-01  -4.4850000e-03
   6.5061000e-01  -3.7782400e-01   0.0000000e+00
   6.5061500e-01  -3.7390600e-01  -4.4730000e-03
   6.5066500e-01  -3.7787700e-01  -1.2685400e-01
   6.5066900e-01  -3.3795800e-01  -1.6431100e-01
   6.5071200e-01  -3.7399800e-01  -3.5819000e-02
   6.5077700e-01  -3.7995600e-01  -1.3169100e-01
   6.5080400e-01  -3.7801000e-01  -1.3151400e-01
   6.5082200e-01  -3.7802700e-01  -6.2975000e-02
   6.5083500e-01  -3.7803900e-01  -1.1307000e-01
   6.5094000e-01  -3.7814100e-01  -9.0217000e-02
   6.5096100e-01  -3.7423500e-01  -1.3581600e-01
   6.5101200e-01  -3.8018100e-01  -1.1787300e-01
   6.5107000e-01  -3.3097400e-01  -1.6363600e-01
   6.5108300e-01  -3.6659700e-01   5.8009000e-02
   6.5109100e-01  -3.7828500e-01  -5.8487000e-02
   6.5109100e-01  -3.5136300e-01  -1.6125900e-01
   6.5110400e-01  -3.7633200e-01   5.8407000e-02
   6.5111200e-01  -3.7437900e-01   5.8328000e-02
   6.5113600e-01  -3.5327000e-01  -1.6147800e-01
   6.5116800e-01  -3.5519300e-01  -1.6169700e-01
   6.5124700e-01  -3.7843500e-01  -9.4832000e-02
   6.5132500e-01  -3.7851000e-01  -1.0858100e-01
   6.5133000e-01  -3.7851500e-01  -8.5727000e-02
   6.5134000e-01  -3.7852400e-01  -5.3996000e-02
   6.5134600e-01  -3.7656300e-01  -8.5611000e-02
   6.5134900e-01  -3.8050700e-01  -1.2719600e-01
   6.5140600e-01  -3.5731100e-01   6.2117000e-02
   6.5147600e-01  -3.4050000e-01  -1.6476100e-01
   6.5155400e-01  -3.7480100e-01  -1.3133700e-01
   6.5163400e-01  -3.8078100e-01  -9.0461000e-02
   6.5167300e-01  -3.7687600e-01  -9.0217000e-02
   6.5169900e-01  -3.7886900e-01  -8.1234000e-02
   6.5170700e-01  -3.7690800e-01   2.6943000e-02
   6.5171400e-01  -3.5950100e-01   5.7770000e-02
   6.5171500e-01  -3.7691600e-01  -8.1124000e-02
   6.5172300e-01  -3.8683000e-01  -1.6068500e-01
   6.5172600e-01  -3.4817900e-01  -1.6103900e-01
   6.5179600e-01  -3.7896200e-01  -1.0408700e-01
   6.5180400e-01  -3.7897000e-01  -2.2485000e-02
   6.5181700e-01  -3.7701300e-01  -2.2454000e-02
   6.5181700e-01  -3.7701300e-01   2.2454000e-02
   6.5182400e-01  -3.7702000e-01  -5.8487000e-02
   6.5189000e-01  -3.5585400e-01  -1.5727500e-01
   6.5190600e-01  -3.7709900e-01  -1.7964000e-02
   6.5190600e-01  -3.7709900e-01   1.7964000e-02
   6.5194000e-01  -3.7516800e-01  -1.5940700e-01
   6.5197600e-01  -3.7716500e-01  -1.3474000e-02
   6.5197600e-01  -3.7716500e-01   1.3474000e-02
   6.5202600e-01  -3.7721300e-01  -8.9830000e-03
   6.5202600e-01  -3.7721300e-01   8.9830000e-03
   6.5205600e-01  -3.7724200e-01  -4.4910000e-03
   6.5205600e-01  -3.7724200e-01   4.4910000e-03
   6.5205900e-01  -3.7724500e-01  -1.0858100e-01
   6.5206500e-01  -3.7725100e-01  -7.6634000e-02
   6.5206600e-01  -3.7725100e-01   0.0000000e+00
   6.5212800e-01  -3.7534700e-01  -1.2685400e-01
   6.5217500e-01  -3.5992700e-01   6.2289000e-02
   6.5227500e-01  -3.7745100e-01  -6.3061000e-02
   6.5230800e-01  -3.7551900e-01  -3.1431000e-02
   6.5237900e-01  -3.7952200e-01  -7.2239000e-02
   6.5239500e-01  -3.7756600e-01  -7.2141000e-02
   6.5247700e-01  -3.6212100e-01   5.7929000e-02
   6.5248500e-01  -3.8160100e-01  -1.0436800e-01
   6.5250000e-01  -3.7570200e-01  -1.1771400e-01
   6.5252500e-01  -3.7966200e-01   2.2515000e-02
   6.5255200e-01  -3.8166500e-01  -1.5554100e-01
   6.5259100e-01  -3.5649700e-01  -1.5284800e-01
   6.5259300e-01  -3.7972700e-01  -1.6004600e-01
   6.5261500e-01  -3.7974900e-01   1.8013000e-02
   6.5263700e-01  -3.7583200e-01  -1.7964000e-02
   6.5267400e-01  -3.7003000e-01  -1.6366900e-01
   6.5268000e-01  -3.6809500e-01  -1.6345000e-01
   6.5268100e-01  -3.7587400e-01  -1.2236600e-01
   6.5268800e-01  -3.7981800e-01   4.0569000e-02
   6.5268900e-01  -3.7981900e-01  -6.7737000e-02
   6.5270500e-01  -3.7786300e-01  -6.7645000e-02
   6.5273500e-01  -3.7986300e-01   9.0070000e-03
   6.5276500e-01  -3.7989200e-01   4.5040000e-03
   6.5276600e-01  -3.7989400e-01  -7.6842000e-02
   6.5285700e-01  -3.7998100e-01   3.6065000e-02
   6.5294600e-01  -3.8204500e-01  -1.1368100e-01
   6.5298200e-01  -3.7812700e-01  -9.9590000e-02
   6.5300700e-01  -3.8012500e-01   3.1560000e-02
   6.5303100e-01  -3.7620800e-01   3.1474000e-02
   6.5307500e-01  -3.7821600e-01  -1.3654800e-01
   6.5308800e-01  -3.2908100e-01  -1.6386100e-01
   6.5313700e-01  -3.8024900e-01   2.7053000e-02
   6.5317400e-01  -3.7438300e-01  -8.1124000e-02
   6.5319200e-01  -3.7636000e-01  -1.4104500e-01
   6.5321900e-01  -3.5140800e-01  -1.6169700e-01
   6.5322900e-01  -3.8231800e-01  -1.5103000e-01
   6.5324200e-01  -3.7837600e-01  -1.4592800e-01
   6.5328500e-01  -3.7253200e-01   5.8407000e-02
   6.5334700e-01  -3.7650800e-01  -1.5512600e-01
   6.5337400e-01  -3.6103400e-01  -1.5812800e-01
   6.5339000e-01  -3.6489300e-01  -1.6323000e-01
   6.5340100e-01  -3.6877100e-01  -1.5898000e-01
   6.5341400e-01  -3.7854000e-01  -9.5089000e-02
   6.5343800e-01  -3.8252000e-01  -1.0916700e-01
   6.5347600e-01  -3.8255600e-01  -5.4291000e-02
   6.5353500e-01  -3.7276900e-01   5.3923000e-02
   6.5365300e-01  -3.4243400e-01  -1.5160600e-01
   6.5370600e-01  -3.8277800e-01  -4.9774000e-02
   6.5372500e-01  -3.2781200e-01  -1.6386100e-01
   6.5381600e-01  -3.8288400e-01  -1.4180100e-01
   6.5387900e-01  -3.7898500e-01  -1.4142300e-01
   6.5388600e-01  -3.8295200e-01  -1.4651300e-01
   6.5392200e-01  -3.8497600e-01  -1.6089800e-01
   6.5394400e-01  -3.8300700e-01  -5.8885000e-02
   6.5394400e-01  -3.5206500e-01  -1.5727500e-01
   6.5396800e-01  -3.4644600e-01   6.1860000e-02
   6.5397500e-01  -3.7710700e-01  -1.4592800e-01
   6.5398200e-01  -3.5399100e-01  -1.5748900e-01
   6.5399500e-01  -3.7712600e-01   2.2515000e-02
   6.5402600e-01  -3.7715500e-01  -1.5062700e-01
   6.5406800e-01  -3.5975900e-01  -1.6279200e-01
   6.5407700e-01  -3.6168300e-01  -1.5367700e-01
   6.5409700e-01  -3.5031700e-01   6.2031000e-02
   6.5410100e-01  -3.3543000e-01  -1.6476100e-01
   6.5410300e-01  -3.6942900e-01  -1.5450500e-01
   6.5411300e-01  -3.6556600e-01  -1.5876700e-01
   6.5415500e-01  -3.7727800e-01   1.3511000e-02
   6.5416900e-01  -3.8322500e-01  -8.6308000e-02
   6.5420500e-01  -3.7732600e-01   9.0070000e-03
   6.5423500e-01  -3.7735400e-01   4.5040000e-03
   6.5424500e-01  -3.7736400e-01   0.0000000e+00
   6.5424700e-01  -3.7540000e-01  -7.6738000e-02
   6.5426100e-01  -3.5612200e-01   6.2289000e-02
   6.5439100e-01  -3.8343800e-01  -6.3490000e-02
   6.5441100e-01  -3.4310600e-01  -1.6103900e-01
   6.5443300e-01  -3.8347900e-01  -1.3728000e-01
   6.5450700e-01  -3.8355000e-01  -7.2631000e-02
   6.5452700e-01  -3.4694700e-01  -1.6147800e-01
   6.5454100e-01  -3.8358300e-01  -8.1785000e-02
   6.5455500e-01  -3.8758700e-01  -1.6607900e-01
   6.5457800e-01  -3.7571500e-01  -7.2239000e-02
   6.5462200e-01  -3.8565300e-01  -1.5636900e-01
   6.5465500e-01  -3.3226300e-01  -1.6453600e-01
   6.5477600e-01  -3.4904700e-01   6.2031000e-02
   6.5479300e-01  -3.6042600e-01  -1.5834100e-01
   6.5479500e-01  -3.8382800e-01  -9.5603000e-02
   6.5481200e-01  -3.7397600e-01  -1.5983300e-01
   6.5481800e-01  -3.8384900e-01  -6.8105000e-02
   6.5486700e-01  -3.7993000e-01   4.0679000e-02
   6.5489000e-01  -3.7601100e-01  -6.7737000e-02
   6.5489200e-01  -3.8392100e-01  -7.7258000e-02
   6.5494300e-01  -3.5486500e-01   6.2289000e-02
   6.5495100e-01  -3.9807100e-01  -1.5781900e-01
   6.5498700e-01  -3.3990000e-01  -1.6543700e-01
   6.5499500e-01  -3.8402000e-01   3.6261000e-02
   6.5503800e-01  -3.8009300e-01   3.6163000e-02
   6.5513900e-01  -3.4375400e-01  -1.5663600e-01
   6.5516800e-01  -3.8219900e-01   4.9841000e-02
   6.5518800e-01  -3.8023700e-01   3.1645000e-02
   6.5525600e-01  -3.4759800e-01  -1.5706200e-01
   6.5526700e-01  -3.8229400e-01  -1.4199100e-01
   6.5527500e-01  -3.8429000e-01  -2.7201000e-02
   6.5530100e-01  -3.8631000e-01  -1.5183400e-01
   6.5533200e-01  -3.7839900e-01   2.7090000e-02
   6.5537800e-01  -3.8240100e-01   4.5316000e-02
   6.5547600e-01  -3.8448400e-01  -1.8136000e-02
   6.5552900e-01  -3.7271800e-01  -1.5983300e-01
   6.5553300e-01  -3.7859000e-01   1.8062000e-02
   6.5554600e-01  -3.8455100e-01  -1.3603000e-02
   6.5559600e-01  -3.8459900e-01  -9.0690000e-03
   6.5573400e-01  -3.2590300e-01  -1.6408600e-01
   6.5579400e-01  -3.9483900e-01  -1.5761200e-01
   6.5579900e-01  -3.4249600e-01  -1.6125900e-01
   6.5590400e-01  -3.5384000e-01   5.7849000e-02
   6.5607700e-01  -3.5210400e-01  -1.5770200e-01
   6.5618800e-01  -3.5788100e-01  -1.5834100e-01
   6.5622600e-01  -3.7531200e-01  -1.5554100e-01
   6.5623300e-01  -3.7338100e-01  -1.5533400e-01
   6.5650300e-01  -3.8547400e-01  -1.0053200e-01
   6.5651300e-01  -3.8748300e-01  -1.3801200e-01
   6.5653000e-01  -3.4314200e-01  -1.5684900e-01
   6.5658400e-01  -3.8555200e-01  -3.1817000e-02
   6.5666600e-01  -3.8763000e-01  -1.4748800e-01
   6.5682000e-01  -3.8378500e-01  -1.5657600e-01
   6.5682500e-01  -3.8578400e-01  -2.2730000e-02
   6.5685700e-01  -3.8183300e-01  -1.5636900e-01
   6.5692000e-01  -3.7793700e-01  -1.6068500e-01
   6.5698200e-01  -3.8793600e-01  -1.2873400e-01
   6.5709500e-01  -3.8404900e-01   5.4585000e-02
   6.5711200e-01  -3.8806200e-01  -1.3346100e-01
   6.5712400e-01  -3.9815900e-01  -1.5823300e-01
   6.5730600e-01  -3.8825000e-01  -1.4293600e-01
   6.5736800e-01  -3.8831000e-01  -1.1946100e-01
   6.5738500e-01  -3.4762300e-01  -1.6213500e-01
   6.5748100e-01  -3.5147700e-01  -1.6257300e-01
   6.5750300e-01  -3.8444100e-01  -1.5203500e-01
   6.5754000e-01  -3.8847600e-01  -1.2418000e-01
   6.5754100e-01  -3.8248700e-01  -1.5183400e-01
   6.5762500e-01  -3.7860600e-01  -1.5616200e-01
   6.5768800e-01  -3.6695200e-01  -1.5962000e-01
   6.5781800e-01  -3.4613200e-01   5.7690000e-02
   6.5788500e-01  -3.8881000e-01  -1.1490300e-01
   6.5808000e-01  -3.9101000e-01  -1.6239000e-01
   6.5811700e-01  -3.4827600e-01  -1.5770200e-01
   6.5816600e-01  -3.8507700e-01  -1.4748800e-01
   6.5821300e-01  -3.5213500e-01  -1.5812800e-01
   6.5826500e-01  -3.8717100e-01   2.2791000e-02
   6.5831000e-01  -3.7925600e-01  -1.5163300e-01
   6.5835500e-01  -3.8725800e-01   1.8234000e-02
   6.5838100e-01  -3.8929000e-01  -1.1034100e-01
   6.5847600e-01  -3.8737500e-01   9.1180000e-03
   6.5848200e-01  -3.2461400e-01  -1.6453600e-01
   6.5850600e-01  -3.8740400e-01  -4.5590000e-03
   6.5850600e-01  -3.8740400e-01   4.5590000e-03
   6.5851600e-01  -3.8741400e-01   0.0000000e+00
   6.5865700e-01  -3.9561800e-01  -1.5823300e-01
   6.5874200e-01  -3.8763100e-01   3.1946000e-02
   6.5879900e-01  -3.3034700e-01  -1.6521200e-01
   6.5887300e-01  -3.8775800e-01   2.7385000e-02
   6.5897500e-01  -3.7988700e-01  -1.4709800e-01
   6.5900100e-01  -3.8587900e-01   5.9363000e-02
   6.5914600e-01  -3.8802000e-01   1.3695000e-02
   6.5953900e-01  -3.3650000e-01   5.7451000e-02
   6.5990500e-01  -3.4423400e-01   5.7770000e-02
   6.6007700e-01  -3.2778600e-01  -1.6521200e-01
   6.6028100e-01  -3.9112800e-01  -1.0605600e-01
   6.6038800e-01  -3.3908900e-01   5.7610000e-02
   6.6054600e-01  -3.7155200e-01  -1.5595500e-01
   6.6056200e-01  -3.9140000e-01  -8.7472000e-02
   6.6073900e-01  -3.9157100e-01  -1.0147400e-01
   6.6079800e-01  -3.4315000e-01  -1.6235400e-01
   6.6082400e-01  -3.9570500e-01  -1.5864700e-01
   6.6086300e-01  -3.4507800e-01  -1.6257300e-01
   6.6093800e-01  -3.9176400e-01  -8.2887000e-02
   6.6108000e-01  -3.9190100e-01  -5.9762000e-02
   6.6117600e-01  -3.9199400e-01  -9.6888000e-02
   6.6122200e-01  -3.2332300e-01  -1.6498700e-01
   6.6125500e-01  -3.2516500e-01  -5.2746000e-02
   6.6137500e-01  -3.3072000e-01   5.7371000e-02
   6.6149200e-01  -3.2536500e-01  -4.8357000e-02
   6.6159300e-01  -3.9239700e-01  -9.2298000e-02
   6.6160100e-01  -3.4572800e-01  -1.5812800e-01
   6.6175900e-01  -3.2559100e-01  -5.7212000e-02
   6.6189300e-01  -4.0494600e-01  -1.5505200e-01
   6.6272300e-01  -3.9349000e-01  -7.8508000e-02
   6.6277500e-01  -3.3008100e-01   5.7451000e-02
   6.6277800e-01  -3.3931000e-01  -1.6235400e-01
   6.6293000e-01  -3.3758500e-01   6.2203000e-02
   6.6293200e-01  -3.4315100e-01  -1.6279200e-01
   6.6299800e-01  -3.2663600e-01   3.0830000e-02
   6.6320800e-01  -3.3782600e-01   5.7770000e-02
   6.6322100e-01  -3.2137700e-01  -1.6521200e-01
   6.6333900e-01  -3.2692400e-01   1.7621000e-02
   6.6334300e-01  -3.2329000e-01  -1.6543700e-01
   6.6335100e-01  -3.3609700e-01  -1.6213500e-01
   6.6341500e-01  -3.2879400e-01   5.7451000e-02
   6.6348800e-01  -3.4363700e-01   5.8009000e-02
   6.6352000e-01  -3.3995400e-01  -1.5791500e-01
   6.6391600e-01  -3.2558800e-01  -5.7371000e-02
   6.6401400e-01  -3.3113500e-01   6.2031000e-02
   6.6409500e-01  -3.3673700e-01  -1.5770200e-01
   6.6416300e-01  -3.2579500e-01  -1.2005700e-01
   6.6417400e-01  -3.3866000e-01  -1.6257300e-01
   6.6417500e-01  -3.2763000e-01   1.3234000e-02
   6.6417600e-01  -3.2580600e-01  -5.2966000e-02
   6.6422700e-01  -3.2767300e-01   8.8230000e-03
   6.6439900e-01  -3.9714700e-01  -1.5947600e-01
   6.6440900e-01  -3.4444300e-01  -1.5855400e-01
   6.6449000e-01  -3.9519900e-01  -7.4101000e-02
   6.6468700e-01  -3.2806100e-01  -8.8748000e-02
   6.6471600e-01  -3.2626000e-01  -1.1564900e-01
   6.6480600e-01  -3.9550600e-01  -6.9483000e-02
   6.6481800e-01  -3.3735900e-01  -1.5326200e-01
   6.6491900e-01  -3.3930400e-01  -1.5812800e-01
   6.6500400e-01  -3.2650200e-01  -1.0667300e-01
   6.6502200e-01  -3.2834400e-01  -4.4180000e-03
   6.6502200e-01  -3.2834400e-01   4.4180000e-03
   6.6503300e-01  -3.2835300e-01   0.0000000e+00
   6.6508200e-01  -3.2839500e-01  -7.5384000e-02
   6.6509300e-01  -3.2840400e-01  -8.4331000e-02
   6.6510200e-01  -3.9579200e-01  -6.4863000e-02
   6.6520800e-01  -3.4702100e-01  -1.5898000e-01
   6.6526400e-01  -3.2489800e-01   4.4151000e-02
   6.6537000e-01  -3.2863800e-01  -1.2956700e-01
   6.6539400e-01  -3.3415200e-01  -1.6235400e-01
   6.6542500e-01  -3.2868500e-01  -7.0964000e-02
   6.6544200e-01  -3.2504800e-01  -1.3234000e-02
   6.6547800e-01  -3.2872900e-01  -7.9911000e-02
   6.6548400e-01  -3.3607800e-01  -1.6257300e-01
   6.6549400e-01  -3.2509100e-01  -8.8230000e-03
   6.6552500e-01  -3.2511700e-01  -4.4120000e-03
   6.6564200e-01  -3.3992900e-01  -1.5367700e-01
   6.6574700e-01  -3.2895700e-01  -6.6542000e-02
   6.6576900e-01  -3.2714600e-01   3.5378000e-02
   6.6580500e-01  -3.2900500e-01  -1.6656200e-01
   6.6592100e-01  -3.2163100e-01   1.7621000e-02
   6.6594200e-01  -3.3093500e-01  -1.6213500e-01
   6.6596700e-01  -3.2914200e-01  -1.2514400e-01
   6.6602900e-01  -3.3654500e-01   5.7929000e-02
   6.6604100e-01  -3.3285900e-01  -1.6235400e-01
   6.6604900e-01  -3.2921100e-01  -6.2117000e-02
   6.6606000e-01  -3.2739000e-01   2.6538000e-02
   6.6613000e-01  -3.3848800e-01   5.8009000e-02
   6.6623100e-01  -3.3671900e-01  -1.5812800e-01
   6.6640300e-01  -3.2585300e-01   3.5378000e-02
   6.6646600e-01  -3.2773100e-01   5.3187000e-02
   6.6648300e-01  -3.2957700e-01  -3.9906000e-02
   6.6649600e-01  -3.9918400e-01  -1.5525300e-01
   6.6653300e-01  -3.4444100e-01  -1.6366900e-01
   6.6655900e-01  -3.2598300e-01   3.0958000e-02
   6.6666000e-01  -3.2972600e-01  -3.5476000e-02
   6.6668700e-01  -3.2791700e-01  -6.2117000e-02
   6.6669500e-01  -3.2609600e-01   2.6538000e-02
   6.6670500e-01  -3.2793200e-01   4.8762000e-02
   6.6680900e-01  -3.2619200e-01   2.2117000e-02
   6.6684200e-01  -3.2804700e-01  -8.8993000e-02
   6.6688400e-01  -3.3542500e-01  -1.5812800e-01
   6.6690300e-01  -3.2627100e-01   1.7694000e-02
   6.6692400e-01  -3.2811600e-01   4.4335000e-02
   6.6695700e-01  -3.3734100e-01  -1.5367700e-01
   6.6696400e-01  -3.3180100e-01  -9.8244000e-02
   6.6696800e-01  -3.2815400e-01   5.7690000e-02
   6.6700600e-01  -3.3001900e-01  -1.3453400e-01
   6.6706500e-01  -3.3006900e-01  -2.2178000e-02
   6.6709200e-01  -3.3009100e-01   5.7770000e-02
   6.6712200e-01  -3.2828300e-01   3.9906000e-02
   6.6715900e-01  -3.3014800e-01  -1.7743000e-02
   6.6723200e-01  -3.3020900e-01  -1.3308000e-02
   6.6728000e-01  -3.4509100e-01  -1.5919300e-01
   6.6728300e-01  -3.3025300e-01  -8.8720000e-03
   6.6745500e-01  -3.2856300e-01   3.1044000e-02
   6.6746900e-01  -3.2857400e-01  -4.8829000e-02
   6.6761100e-01  -3.3604600e-01  -1.5367700e-01
   6.6768800e-01  -3.2875800e-01  -4.4396000e-02
   6.6770500e-01  -3.2877300e-01   2.2178000e-02
   6.6778300e-01  -3.2700800e-01  -6.6634000e-02
   6.6781100e-01  -3.3069800e-01  -4.4458000e-02
   6.6785100e-01  -3.2706500e-01  -1.6213500e-01
   6.6785400e-01  -3.3073400e-01  -1.1644300e-01
   6.6787100e-01  -3.3257000e-01  -1.3490000e-01
   6.6808600e-01  -3.2726200e-01  -6.2203000e-02
   6.6818100e-01  -3.3283200e-01  -1.5812800e-01
   6.6834300e-01  -3.3114700e-01  -3.1130000e-02
   6.6835500e-01  -3.2932000e-01  -2.6648000e-02
   6.6836900e-01  -3.2749800e-01  -5.7770000e-02
   6.6847000e-01  -3.2941600e-01  -2.2209000e-02
   6.6847800e-01  -3.3126100e-01  -2.6685000e-02
   6.6848500e-01  -3.2576700e-01  -1.6213500e-01
   6.6849200e-01  -3.3309600e-01  -1.3045200e-01
   6.6856400e-01  -3.2949500e-01  -1.7768000e-02
   6.6856400e-01  -3.2949500e-01   1.7768000e-02
   6.6860300e-01  -3.2769500e-01  -1.5770200e-01
   6.6861600e-01  -3.3137800e-01  -1.3953300e-01
   6.6863700e-01  -3.2955600e-01   1.3326000e-02
   6.6868900e-01  -3.2960000e-01   8.8850000e-03
   6.6880500e-01  -3.3153700e-01  -1.2121100e-01
   6.6881200e-01  -3.3336600e-01  -1.4436700e-01
   6.6891100e-01  -3.3345100e-01  -1.5367700e-01
   6.6892000e-01  -3.3345800e-01  -1.2137600e-01
   6.6909300e-01  -3.3360500e-01  -1.2599900e-01
   6.6911400e-01  -3.3179800e-01  -9.8513000e-02
   6.6915800e-01  -3.2999400e-01  -8.0352000e-02
   6.6918100e-01  -3.1297000e-01  -4.3990000e-03
   6.6918100e-01  -3.1297000e-01   4.3990000e-03
   6.6919200e-01  -3.1297800e-01   0.0000000e+00
   6.6927500e-01  -3.2825700e-01   1.3326000e-02
   6.6928900e-01  -3.2826900e-01  -4.0017000e-02
   6.6939800e-01  -3.3203800e-01  -1.0310200e-01
   6.6941400e-01  -3.3021000e-01  -4.0072000e-02
   6.6945000e-01  -3.3208200e-01  -1.4436700e-01
   6.6945400e-01  -3.3024400e-01  -8.8970000e-03
   6.6946700e-01  -3.2841700e-01  -3.5574000e-02
   6.6947700e-01  -3.3393000e-01  -1.3991100e-01
   6.6948600e-01  -3.3027000e-01  -4.4490000e-03
   6.6948600e-01  -3.3027000e-01   4.4490000e-03
   6.6950600e-01  -3.2661900e-01   4.8897000e-02
   6.6956500e-01  -3.3217900e-01  -9.4061000e-02
   6.6959200e-01  -3.3035900e-01  -3.5623000e-02
   6.6962000e-01  -3.3405100e-01  -1.4922000e-01
   6.6962300e-01  -3.2854900e-01  -3.1130000e-02
   6.6974900e-01  -3.3049100e-01  -3.1173000e-02
   6.6987100e-01  -3.3059400e-01  -7.1454000e-02
   6.6996400e-01  -3.2700100e-01  -8.8850000e-03
   6.6998900e-01  -3.2702200e-01  -1.5791500e-01
   6.6999500e-01  -3.2702700e-01  -4.4420000e-03
   6.6999500e-01  -3.2702700e-01   4.4420000e-03
   6.7000600e-01  -3.2703600e-01   0.0000000e+00
   6.7008700e-01  -3.2893700e-01  -1.2121100e-01
   6.7009400e-01  -3.2894300e-01   8.8970000e-03
   6.7011300e-01  -3.2310600e-01   3.1044000e-02
   6.7012600e-01  -3.2896900e-01   4.4490000e-03
   6.7013600e-01  -3.2897800e-01   0.0000000e+00
   6.7016700e-01  -3.3084300e-01  -1.3363000e-02
   6.7019600e-01  -3.3086700e-01  -6.7002000e-02
   6.7020900e-01  -3.3087800e-01  -9.4061000e-02
   6.7026200e-01  -3.3092200e-01   0.0000000e+00
   6.7045900e-01  -3.2339200e-01   1.7743000e-02
   6.7060900e-01  -3.2552400e-01  -1.3326000e-02
   6.7062700e-01  -3.2353100e-01   0.0000000e+00
   6.7064700e-01  -3.2940600e-01  -1.1676100e-01
   6.7065100e-01  -3.2940900e-01  -1.3972200e-01
   6.7065500e-01  -3.3309900e-01  -1.1245900e-01
   6.7065600e-01  -3.3125400e-01  -1.3526600e-01
   6.7067900e-01  -3.2759800e-01  -1.3345000e-02
   6.7069200e-01  -3.2760800e-01  -4.0072000e-02
   6.7072200e-01  -3.2763400e-01  -1.5347000e-01
   6.7073200e-01  -3.2764100e-01   8.8970000e-03
   6.7095800e-01  -3.2581400e-01  -3.1130000e-02
   6.7099100e-01  -3.1984900e-01   5.7690000e-02
   6.7100900e-01  -3.3339700e-01  -1.4942100e-01
   6.7105000e-01  -3.3343200e-01  -1.6345000e-01
   6.7105100e-01  -3.3158600e-01  -8.5145000e-02
   6.7109500e-01  -3.2592800e-01  -2.6685000e-02
   6.7111700e-01  -3.2393600e-01   4.4458000e-02
   6.7113500e-01  -3.2395100e-01   2.2209000e-02
   6.7117200e-01  -3.3353500e-01  -1.0799400e-01
   6.7121000e-01  -3.2602300e-01  -2.2239000e-02
   6.7122300e-01  -3.2201800e-01  -1.3308000e-02
   6.7122600e-01  -3.2603700e-01  -1.1660200e-01
   6.7123300e-01  -3.2604200e-01   5.7929000e-02
   6.7125400e-01  -3.2006500e-01   5.3261000e-02
   6.7125900e-01  -3.2808100e-01  -4.4580000e-02
   6.7125900e-01  -3.2808100e-01   4.4580000e-02
   6.7127900e-01  -3.2809800e-01  -2.2270000e-02
   6.7128100e-01  -3.3177900e-01  -1.3080600e-01
   6.7129200e-01  -3.2994600e-01  -2.6759000e-02
   6.7129800e-01  -3.2995100e-01  -1.3526600e-01
   6.7130300e-01  -3.2409000e-01   1.3326000e-02
   6.7135600e-01  -3.2413300e-01   8.8850000e-03
   6.7137400e-01  -3.2817700e-01   1.7817000e-02
   6.7138700e-01  -3.2415900e-01   4.4420000e-03
   6.7140700e-01  -3.3004300e-01  -2.2301000e-02
   6.7143500e-01  -3.2822800e-01  -1.4901900e-01
   6.7144700e-01  -3.2823800e-01   1.3363000e-02
   6.7148700e-01  -3.3010900e-01  -1.4456200e-01
   6.7149600e-01  -3.2626100e-01   5.3481000e-02
   6.7149600e-01  -3.2424900e-01   3.5574000e-02
   6.7150200e-01  -3.3012200e-01  -1.7841000e-02
   6.7157100e-01  -3.2834100e-01  -8.5029000e-02
   6.7158500e-01  -3.3019100e-01  -1.5388400e-01
   6.7163700e-01  -3.2839600e-01  -3.5672000e-02
   6.7163700e-01  -3.2839600e-01   3.5672000e-02
   6.7168800e-01  -3.3027800e-01  -5.3629000e-02
   6.7170400e-01  -3.3029100e-01  -1.0784700e-01
   6.7173500e-01  -3.2645900e-01  -9.8513000e-02
   6.7173800e-01  -3.2646200e-01   4.9032000e-02
   6.7176600e-01  -3.2648500e-01  -1.1215300e-01
   6.7179000e-01  -3.2449200e-01   2.6685000e-02
   6.7179500e-01  -3.2852800e-01  -3.1216000e-02
   6.7179500e-01  -3.2852800e-01   3.1216000e-02
   6.7180400e-01  -3.2853600e-01  -4.9099000e-02
   6.7180600e-01  -3.3407000e-01  -1.5898000e-01
   6.7180900e-01  -3.3222300e-01  -7.6217000e-02
   6.7188400e-01  -3.3228700e-01  -1.2634100e-01
   6.7192200e-01  -3.2863400e-01  -8.9605000e-02
   6.7192300e-01  -3.3047500e-01  -1.3080600e-01
   6.7193000e-01  -3.3048000e-01  -4.9167000e-02
   6.7193100e-01  -3.2864200e-01  -2.6759000e-02
   6.7193100e-01  -3.2864200e-01   2.6759000e-02
   6.7194400e-01  -3.3049200e-01  -1.1245900e-01
   6.7195900e-01  -3.2664500e-01   4.4580000e-02
   6.7196100e-01  -3.2866700e-01  -8.0572000e-02
   6.7199900e-01  -3.3792700e-01  -1.5940700e-01
   6.7204300e-01  -3.3057500e-01  -8.9727000e-02
   6.7207400e-01  -3.2674100e-01  -1.7817000e-02
   6.7208600e-01  -3.2473700e-01   4.0072000e-02
   6.7209400e-01  -4.0462100e-01  -1.5197500e-01
   6.7212700e-01  -3.2880500e-01  -1.4456200e-01
   6.7212800e-01  -3.2477100e-01  -1.6279200e-01
   6.7215100e-01  -3.3066500e-01  -4.4703000e-02
   6.7215900e-01  -3.2681100e-01   4.0127000e-02
   6.7218900e-01  -3.2683700e-01  -9.4061000e-02
   6.7220000e-01  -3.2684500e-01  -8.9090000e-03
   6.7223100e-01  -3.2687200e-01  -4.4550000e-03
   6.7224200e-01  -3.2688000e-01   0.0000000e+00
   6.7229800e-01  -3.3078900e-01  -1.4942100e-01
   6.7231500e-01  -3.3264900e-01  -1.0352400e-01
   6.7232800e-01  -3.2897300e-01  -5.3629000e-02
   6.7232800e-01  -3.2897300e-01   5.3629000e-02
   6.7233000e-01  -3.2897400e-01  -7.6113000e-02
   6.7233800e-01  -3.2696000e-01   3.5672000e-02
   6.7235100e-01  -3.3083300e-01   4.0237000e-02
   6.7245000e-01  -4.1327700e-01  -1.5786700e-01
   6.7245300e-01  -3.3091800e-01  -7.6217000e-02
   6.7249500e-01  -3.2709100e-01   3.1216000e-02
   6.7252000e-01  -3.2308600e-01  -8.0352000e-02
   6.7252800e-01  -3.3098100e-01  -1.2634100e-01
   6.7254100e-01  -3.3469000e-01  -1.5450500e-01
   6.7254400e-01  -4.1129800e-01  -1.5766600e-01
   6.7259800e-01  -3.2315000e-01  -2.2239000e-02
   6.7262300e-01  -3.2719700e-01  -8.9605000e-02
   6.7263200e-01  -3.2720400e-01   2.6759000e-02
   6.7267600e-01  -3.2522500e-01  -2.2270000e-02
   6.7267800e-01  -3.2926500e-01  -7.1651000e-02
   6.7269200e-01  -3.2927600e-01  -1.3545000e-01
   6.7269300e-01  -3.2322800e-01  -1.7792000e-02
   6.7269500e-01  -3.3112100e-01   4.9234000e-02
   6.7272700e-01  -3.2728300e-01  -4.4641000e-02
   6.7273400e-01  -3.3855200e-01  -1.5491900e-01
   6.7277100e-01  -3.2530300e-01  -1.7817000e-02
   6.7279100e-01  -3.3304800e-01  -9.9051000e-02
   6.7279700e-01  -3.2936400e-01  -1.4010000e-01
   6.7280100e-01  -3.3120900e-01  -7.1749000e-02
   6.7281400e-01  -3.2937800e-01   2.2331000e-02
   6.7281900e-01  -3.2333300e-01  -8.8970000e-03
   6.7284500e-01  -3.3124700e-01  -8.0793000e-02
   6.7284500e-01  -3.2536400e-01  -1.3363000e-02
   6.7285100e-01  -3.2335900e-01  -4.4490000e-03
   6.7289600e-01  -3.2339600e-01  -8.4913000e-02
   6.7289700e-01  -3.2540700e-01  -8.9090000e-03
   6.7290900e-01  -3.2945700e-01  -1.7866000e-02
   6.7292700e-01  -3.2744900e-01  -4.0182000e-02
   6.7292900e-01  -3.2543400e-01  -4.4550000e-03
   6.7295400e-01  -3.3133800e-01   5.8248000e-02
   6.7296000e-01  -3.3134300e-01  -1.0352400e-01
   6.7299200e-01  -3.2952700e-01   4.0237000e-02
   6.7300500e-01  -3.2953800e-01  -6.7185000e-02
   6.7301200e-01  -3.2954300e-01  -9.4318000e-02
   6.7303500e-01  -3.2753900e-01  -8.5145000e-02
   6.7304600e-01  -3.2754800e-01  -1.0784700e-01
   6.7310400e-01  -3.2962000e-01  -1.0799400e-01
   6.7310600e-01  -3.2759800e-01  -3.5721000e-02
   6.7311500e-01  -3.2760500e-01  -1.2617000e-01
   6.7313100e-01  -3.3148600e-01  -9.4446000e-02
   6.7318000e-01  -3.2564100e-01  -6.2546000e-02
   6.7319000e-01  -3.3338400e-01  -1.6388800e-01
   6.7320300e-01  -3.2566000e-01   4.9099000e-02
   6.7321800e-01  -3.3155900e-01   5.3776000e-02
   6.7327300e-01  -3.2773600e-01  -4.9167000e-02
   6.7331100e-01  -3.2979300e-01  -6.2718000e-02
   6.7331800e-01  -3.2979900e-01  -9.8917000e-02
   6.7332000e-01  -3.2980000e-01  -1.3098300e-01
   6.7343600e-01  -3.3174200e-01  -9.9051000e-02
   6.7354400e-01  -3.2796200e-01  -1.0338400e-01
   6.7359100e-01  -3.2396800e-01   8.9090000e-03
   6.7359600e-01  -3.3003100e-01  -5.8248000e-02
   6.7360200e-01  -3.3003500e-01  -1.0352400e-01
   6.7362300e-01  -3.2399400e-01   4.4550000e-03
   6.7363400e-01  -3.2400300e-01   0.0000000e+00
   6.7365800e-01  -3.2402300e-01  -7.6009000e-02
   6.7368400e-01  -3.2807700e-01  -1.6345000e-01
   6.7368600e-01  -3.2807900e-01   1.3400000e-02
   6.7370000e-01  -3.2809100e-01  -1.2170600e-01
   6.7373000e-01  -3.2408200e-01   3.5672000e-02
   6.7373800e-01  -3.2812300e-01   8.9340000e-03
   6.7376800e-01  -3.3387000e-01  -1.4066700e-01
   6.7377000e-01  -3.2814900e-01   4.4670000e-03
   6.7378800e-01  -3.2214300e-01   6.2460000e-02
   6.7388800e-01  -3.2421200e-01   3.1216000e-02
   6.7392600e-01  -3.3030600e-01  -1.2651200e-01
   6.7397800e-01  -3.3219500e-01  -8.5494000e-02
   6.7400800e-01  -3.2431100e-01  -7.1553000e-02
   6.7402500e-01  -3.2432500e-01   2.6759000e-02
   6.7427500e-01  -3.2254200e-01   8.9090000e-03
   6.7428600e-01  -3.2857800e-01   2.2362000e-02
   6.7430700e-01  -3.2256800e-01   4.4550000e-03
   6.7432700e-01  -3.3433900e-01  -1.1307000e-01
   6.7432700e-01  -3.2457400e-01  -1.6323000e-01
   6.7433600e-01  -3.2458100e-01  -6.7094000e-02
   6.7451200e-01  -3.3079400e-01  -1.2203600e-01
   6.7458300e-01  -3.2279400e-01   4.9099000e-02
   6.7474100e-01  -4.1136200e-01  -1.5806800e-01
   6.7474700e-01  -3.2693700e-01  -1.1261200e-01
   6.7478000e-01  -3.2898800e-01  -1.3116000e-01
   6.7478200e-01  -3.2494800e-01  -8.9727000e-02
   6.7479700e-01  -3.2496000e-01  -2.6796000e-02
   6.7480500e-01  -3.2297600e-01   4.4641000e-02
   6.7486100e-01  -3.3108500e-01  -1.1291700e-01
   6.7507600e-01  -3.3126500e-01  -1.1755500e-01
   6.7516000e-01  -3.2727900e-01  -1.2187100e-01
   6.7517600e-01  -3.2729100e-01  -6.7277000e-02
   6.7526900e-01  -3.2736900e-01  -1.0814000e-01
   6.7550300e-01  -3.2756200e-01  -3.1345000e-02
   6.7557000e-01  -4.0799700e-01  -1.4804100e-01
   6.7564100e-01  -3.2767600e-01  -2.6869000e-02
   6.7566100e-01  -3.2567200e-01   4.4764000e-02
   6.7572600e-01  -3.2774600e-01  -1.1739600e-01
   6.7577000e-01  -3.2778300e-01  -1.0366500e-01
   6.7577000e-01  -3.2778200e-01  -5.8328000e-02
   6.7586300e-01  -3.2583800e-01   4.0293000e-02
   6.7603500e-01  -3.2800200e-01  -5.3849000e-02
   6.7603500e-01  -3.2800200e-01   5.3849000e-02
   6.7609900e-01  -3.3008400e-01  -5.3923000e-02
   6.7610000e-01  -3.3583000e-01  -1.4592800e-01
   6.7618200e-01  -3.2610100e-01  -6.2804000e-02
   6.7620900e-01  -3.2612300e-01   4.9302000e-02
   6.7636700e-01  -3.2827600e-01  -1.3599900e-01
   6.7642400e-01  -3.2832400e-01  -8.1013000e-02
   6.7646900e-01  -3.2633700e-01  -5.8328000e-02
   6.7652200e-01  -3.3043400e-01  -1.4085600e-01
   6.7653800e-01  -3.2841800e-01   5.8407000e-02
   6.7659500e-01  -3.2444400e-01  -8.9460000e-03
   6.7663300e-01  -3.2647200e-01  -4.0348000e-02
   6.7663800e-01  -3.2447800e-01   0.0000000e+00
   6.7670800e-01  -3.2855800e-01  -9.4703000e-02
   6.7673500e-01  -3.2655600e-01  -5.3849000e-02
   6.7679700e-01  -3.2863200e-01  -7.6529000e-02
   6.7681400e-01  -3.2662100e-01  -3.5868000e-02
   6.7688400e-01  -3.2870400e-01  -3.5918000e-02
   6.7692000e-01  -3.1923800e-01  -8.9210000e-03
   6.7697300e-01  -3.2675200e-01  -3.1388000e-02
   6.7697900e-01  -3.2675700e-01  -4.9369000e-02
   6.7699900e-01  -3.2879900e-01  -1.3151400e-01
   6.7704800e-01  -3.2883900e-01  -4.9436000e-02
   6.7714500e-01  -3.2892000e-01  -9.0217000e-02
   6.7714800e-01  -3.2892200e-01  -7.2043000e-02
   6.7717600e-01  -3.3097800e-01  -1.3636500e-01
   6.7722700e-01  -3.2898700e-01  -1.4085600e-01
   6.7724100e-01  -3.2497300e-01  -1.7915000e-02
   6.7727100e-01  -3.2902400e-01  -4.4948000e-02
   6.7727600e-01  -3.2500100e-01  -1.6388800e-01
   6.7731600e-01  -3.2503400e-01  -1.3437000e-02
   6.7732300e-01  -3.2504000e-01   4.0348000e-02
   6.7740900e-01  -3.2711100e-01  -9.4703000e-02
   6.7747300e-01  -3.2919100e-01  -4.0458000e-02
   6.7750500e-01  -3.2719000e-01   5.3923000e-02
   6.7761100e-01  -3.2930500e-01  -1.2702500e-01
   6.7766900e-01  -3.2532400e-01  -4.9369000e-02
   6.7789300e-01  -3.2550700e-01  -4.4887000e-02
   6.7800800e-01  -3.2760400e-01   5.8487000e-02
   6.7801400e-01  -3.3167400e-01  -8.1344000e-02
   6.7809500e-01  -3.2567300e-01  -4.0403000e-02
   6.7809600e-01  -3.2767600e-01   1.7964000e-02
   6.7813500e-01  -3.3177400e-01  -5.8646000e-02
   6.7817000e-01  -3.2773700e-01   1.3474000e-02
   6.7827600e-01  -3.2582100e-01   3.5918000e-02
   6.7834400e-01  -4.1278600e-01  -1.5887300e-01
   6.7848000e-01  -3.2799200e-01  -9.9455000e-02
   6.7853300e-01  -3.2236900e-01  -1.6388800e-01
   6.7854100e-01  -3.3007400e-01  -9.9590000e-02
   6.7876200e-01  -3.2822500e-01  -1.0408700e-01
   6.7877200e-01  -3.2823300e-01   2.2485000e-02
   6.7878800e-01  -3.2624000e-01   1.7964000e-02
   6.7886200e-01  -3.2630200e-01   1.3474000e-02
   6.7894700e-01  -3.2637100e-01  -4.4910000e-03
   6.7895400e-01  -3.3245500e-01  -1.6025900e-01
   6.7902200e-01  -3.2843900e-01  -1.0872700e-01
   6.7907400e-01  -3.2848100e-01  -1.2719600e-01
   6.7915300e-01  -3.3261900e-01  -7.6946000e-02
   6.7938000e-01  -3.3280800e-01  -6.3318000e-02
   6.7946500e-01  -3.2679500e-01  -2.2485000e-02
   6.7947100e-01  -3.2680000e-01  -5.8567000e-02
   6.7957300e-01  -3.3092800e-01  -1.4612300e-01
   6.7961500e-01  -3.2892700e-01  -1.6004600e-01
   6.7966600e-01  -3.2896900e-01  -1.2269500e-01
   6.7973800e-01  -3.2701900e-01  -5.4070000e-02
   6.7981500e-01  -3.2524400e-01   6.3061000e-02
   6.7983700e-01  -3.3318700e-01  -6.7921000e-02
   6.7985800e-01  -3.3116300e-01  -8.6076000e-02
   6.8010400e-01  -3.2548000e-01   5.8567000e-02
   6.8017300e-01  -3.2553700e-01  -1.6454500e-01
   6.8023600e-01  -3.2943800e-01  -1.1819000e-01
   6.8028500e-01  -3.2947800e-01  -4.5132000e-02
   6.8037200e-01  -3.2569900e-01   5.4070000e-02
   6.8044300e-01  -4.1273000e-01  -1.4441800e-01
   6.8061800e-01  -3.2590000e-01   4.9571000e-02
   6.8072300e-01  -3.2782700e-01  -6.3233000e-02
   6.8075400e-01  -3.2785200e-01   3.1560000e-02
   6.8078500e-01  -3.2989000e-01  -1.1368100e-01
   6.8084300e-01  -3.2608400e-01   4.5071000e-02
   6.8088900e-01  -3.2796300e-01  -8.1454000e-02
   6.8089300e-01  -3.2796600e-01   2.7053000e-02
   6.8101100e-01  -3.2806300e-01   2.2546000e-02
   6.8112800e-01  -3.3426000e-01  -1.4670800e-01
   6.8120600e-01  -3.3432400e-01  -1.5616200e-01
   6.8125100e-01  -3.3641500e-01   5.9045000e-02
   6.8126500e-01  -3.2827100e-01  -7.6946000e-02
   6.8136600e-01  -3.2835400e-01  -3.6114000e-02
   6.8142700e-01  -3.4030900e-01  -1.6153800e-01
   6.8147500e-01  -3.2476100e-01  -4.5071000e-02
   6.8152700e-01  -3.2848600e-01  -3.1603000e-02
   6.8162000e-01  -3.2856200e-01  -7.2435000e-02
   6.8166600e-01  -3.2860000e-01  -2.7090000e-02
   6.8167900e-01  -3.2492700e-01  -4.0569000e-02
   6.8180200e-01  -3.3482000e-01  -7.2729000e-02
   6.8181800e-01  -3.2688000e-01   1.3529000e-02
   6.8186100e-01  -3.2507500e-01  -3.6065000e-02
   6.8187100e-01  -3.2692400e-01   9.0200000e-03
   6.8190400e-01  -3.2695000e-01  -4.5100000e-03
   6.8190400e-01  -3.2695000e-01   4.5100000e-03
   6.8191400e-01  -3.2695900e-01   0.0000000e+00
   6.8192300e-01  -3.3287000e-01  -1.6089800e-01
   6.8193200e-01  -3.3492700e-01  -1.5163300e-01
   6.8195300e-01  -3.2883500e-01  -6.7921000e-02
   6.8217600e-01  -3.4093800e-01  -1.5699000e-01
   6.8251700e-01  -3.2745100e-01   1.8062000e-02
   6.8265400e-01  -3.2388300e-01   4.9639000e-02
   6.8267300e-01  -3.3349000e-01  -1.5636900e-01
   6.8270100e-01  -3.2944900e-01  -9.5474000e-02
   6.8279700e-01  -3.2583700e-01  -3.1603000e-02
   6.8281500e-01  -3.2954200e-01  -1.2787900e-01
   6.8288000e-01  -3.2406600e-01   4.5132000e-02
   6.8290200e-01  -3.4154900e-01  -1.5243700e-01
   6.8302000e-01  -3.3173000e-01  -1.3275300e-01
   6.8313900e-01  -3.3182800e-01  -1.3746300e-01
   6.8314400e-01  -3.2981100e-01  -9.0951000e-02
   6.8338400e-01  -3.3203000e-01  -1.5636900e-01
   6.8340100e-01  -3.3409300e-01  -1.5183400e-01
   6.8341200e-01  -3.3003100e-01  -1.2335500e-01
   6.8354100e-01  -3.3013700e-01  -1.0946100e-01
   6.8360300e-01  -4.2427800e-01  -1.5607200e-01
   6.8377500e-01  -3.3032900e-01  -1.1413900e-01
   6.8391300e-01  -3.2490200e-01   9.0320000e-03
   6.8397200e-01  -3.2863800e-01  -1.6089800e-01
   6.8398600e-01  -3.3050200e-01  -1.1882600e-01
   6.8419500e-01  -3.2882100e-01  -9.0560000e-03
   6.8473100e-01  -3.2556500e-01   5.4364000e-02
   6.8474300e-01  -3.2926800e-01   2.2669000e-02
   6.8481500e-01  -3.3118100e-01  -1.0507200e-01
   6.8484000e-01  -3.2934700e-01  -1.8136000e-02
   6.8491600e-01  -3.2940900e-01  -1.3603000e-02
   6.8541200e-01  -3.2611700e-01   4.0789000e-02
   6.8551000e-01  -3.3378000e-01  -1.4274700e-01
   6.8559500e-01  -3.2626500e-01   3.6261000e-02
   6.8601000e-01  -3.2660100e-01   5.9045000e-02
   6.8617300e-01  -3.3043600e-01   2.7274000e-02
   6.8638300e-01  -3.3449900e-01  -1.5243700e-01
   6.8663500e-01  -3.2526200e-01  -1.6111100e-01
   6.8680600e-01  -3.3095300e-01  -3.1860000e-02
   6.8694700e-01  -3.3106800e-01  -2.7311000e-02
   6.8706600e-01  -3.3116500e-01  -2.2761000e-02
   6.8709400e-01  -3.3508400e-01  -1.4787800e-01
   6.8721500e-01  -4.2571400e-01  -1.5685300e-01
   6.8723400e-01  -3.3130200e-01   4.1010000e-02
   6.8740500e-01  -3.3330400e-01  -8.7006000e-02
   6.8741800e-01  -3.3145200e-01  -3.6457000e-02
   6.8741800e-01  -3.3145200e-01   3.6457000e-02
   6.8758000e-01  -3.3158500e-01   3.1903000e-02
   6.8758900e-01  -3.2973300e-01  -2.7311000e-02
   6.8760200e-01  -3.3346600e-01  -1.0093600e-01
   6.8780500e-01  -3.2990900e-01  -1.8210000e-02
   6.8788100e-01  -3.2997100e-01  -1.3658000e-02
   6.8800700e-01  -3.3193300e-01  -4.1065000e-02
   6.8821600e-01  -3.3024300e-01  -5.0178000e-02
   6.8862200e-01  -3.3430100e-01  -1.6239000e-01
   6.8874100e-01  -4.2506500e-01  -1.5704800e-01
   6.8904800e-01  -3.3465100e-01  -1.3399200e-01
   6.8916200e-01  -3.3474400e-01  -1.3874400e-01
   6.8938200e-01  -3.3492400e-01  -1.5781900e-01
   6.8961000e-01  -3.3137700e-01   3.6555000e-02
   6.9003400e-01  -3.3172200e-01  -2.2853000e-02
   6.9028800e-01  -3.3192800e-01   5.4953000e-02
   6.9049400e-01  -3.3209600e-01  -6.4176000e-02
   6.9053800e-01  -3.3213200e-01   5.0381000e-02
   6.9053900e-01  -3.3400000e-01  -1.1536200e-01
   6.9055700e-01  -3.3028500e-01  -1.6239000e-01
   6.9076700e-01  -3.3231800e-01   4.5807000e-02
   6.9091400e-01  -3.3430600e-01  -5.9682000e-02
   6.9095200e-01  -4.2293700e-01  -1.4213400e-01
   6.9106100e-01  -3.3255700e-01  -5.5026000e-02
   6.9107500e-01  -3.3443700e-01  -6.8932000e-02
   6.9107700e-01  -3.3443900e-01  -1.1078200e-01
   6.9118700e-01  -3.3452900e-01  -5.5100000e-02
   6.9132300e-01  -3.3277000e-01   3.2075000e-02
   6.9139100e-01  -3.3469600e-01  -6.4348000e-02
   6.9143800e-01  -3.3473400e-01  -5.0515000e-02
   6.9146500e-01  -3.3288600e-01   2.7495000e-02
   6.9151000e-01  -3.3479300e-01  -1.2025600e-01
   6.9158500e-01  -3.3298300e-01   2.2914000e-02
   6.9166700e-01  -3.3492100e-01  -4.5929000e-02
   6.9168300e-01  -3.3306300e-01   1.8332000e-02
   6.9181400e-01  -3.3317000e-01  -9.1670000e-03
   6.9184700e-01  -3.3319600e-01  -4.5840000e-03
   6.9184700e-01  -3.3319600e-01   4.5840000e-03
   6.9185800e-01  -3.3320500e-01   0.0000000e+00
   6.9237400e-01  -4.2646600e-01  -1.5782800e-01
   6.9239200e-01  -3.3739200e-01  -1.5384500e-01
   6.9249500e-01  -3.3372300e-01  -6.9024000e-02
   6.9310900e-01  -3.3422200e-01  -5.9842000e-02
   6.9310900e-01  -3.3422200e-01   5.9842000e-02
   6.9312600e-01  -3.3611200e-01  -1.0647800e-01
   6.9331100e-01  -3.3438700e-01   1.3787000e-02
   6.9336600e-01  -3.3443100e-01   9.1910000e-03
   6.9380900e-01  -3.3855300e-01  -1.4463800e-01
   6.9382000e-01  -3.3667900e-01  -7.3905000e-02
   6.9387000e-01  -3.3860300e-01  -1.4943900e-01
   6.9407300e-01  -3.3500600e-01   4.1452000e-02
   6.9413900e-01  -3.3693900e-01  -1.3027300e-01
   6.9422800e-01  -3.3701200e-01  -7.8612000e-02
   6.9447200e-01  -3.3533100e-01  -7.3905000e-02
   6.9474700e-01  -3.3743600e-01  -1.2566400e-01
   6.9515600e-01  -3.3777000e-01  -1.0214700e-01
   6.9522100e-01  -3.3594000e-01  -1.6388200e-01
   6.9563100e-01  -3.3815700e-01  -9.7530000e-02
   6.9608400e-01  -3.3852700e-01  -9.2910000e-02
   6.9615300e-01  -3.3858400e-01  -8.3548000e-02
   6.9629600e-01  -4.3463700e-01  -1.5428000e-01
   6.9651400e-01  -3.3887900e-01  -8.8286000e-02
   6.9863500e-01  -4.3039900e-01  -1.3899200e-01
   6.9868200e-01  -4.3261600e-01  -1.5446900e-01
   6.9873900e-01  -3.3880100e-01  -7.9132000e-02
   7.0025300e-01  -3.4003200e-01  -8.8751000e-02
   7.0066500e-01  -3.4036700e-01  -8.4100000e-02
   7.0113300e-01  -3.4264900e-01  -1.3664700e-01
   7.0186000e-01  -3.3754600e-01  -1.6051100e-01
   7.0199500e-01  -3.4335400e-01  -1.4167300e-01
   7.0205100e-01  -4.3809300e-01  -1.5560400e-01
   7.0272400e-01  -3.4014000e-01  -1.6092600e-01
   7.0291300e-01  -3.4410300e-01  -1.6134000e-01
   7.0480200e-01  -3.3802100e-01  -1.6113300e-01
   7.0631200e-01  -4.3785400e-01  -1.3572400e-01
   7.0822200e-01  -3.4843700e-01  -1.5786700e-01
   7.0896100e-01  -3.4904100e-01  -1.5314600e-01
   7.0967800e-01  -3.4962600e-01  -1.4841900e-01
   7.1033100e-01  -3.4630100e-01  -1.5806800e-01
   7.1420700e-01  -3.5137900e-01  -1.6423900e-01
   7.1445000e-01  -3.5157700e-01  -9.5725000e-02
   7.1475200e-01  -3.5182300e-01  -1.0061400e-01
   7.1539700e-01  -4.4667800e-01  -1.3264700e-01
   7.1553900e-01  -4.4905200e-01  -1.5375400e-01
   7.1759500e-01  -3.4443800e-01  -1.5927500e-01
   7.2007000e-01  -3.5029000e-01  -1.6028000e-01
   7.2015100e-01  -3.5230200e-01  -1.6048100e-01
   7.2250500e-01  -3.5616200e-01  -1.5626700e-01
   7.2304300e-01  -3.5072700e-01  -1.6088400e-01
   7.2886900e-01  -3.6330300e-01  -1.0793400e-01
   7.3017700e-01  -3.6436700e-01  -1.6349800e-01
   7.3061800e-01  -3.5482000e-01  -1.5763300e-01
   7.3152800e-01  -3.5949800e-01  -1.5821800e-01
   7.3235500e-01  -3.6214900e-01  -1.5860800e-01
   7.3369300e-01  -4.6444700e-01  -1.3140600e-01
   7.3452200e-01  -3.5991500e-01  -1.5880400e-01
   7.3567900e-01  -4.6637600e-01  -1.2648200e-01
   7.4205900e-01  -3.6193900e-01  -1.6036400e-01
   7.4456500e-01  -3.7199900e-01  -1.5654900e-01
   7.4765600e-01  -3.7653500e-01  -1.5749400e-01
   7.4844500e-01  -3.7922300e-01  -1.6309600e-01
   7.4920900e-01  -3.7984400e-01  -1.5806100e-01
   7.5447100e-01  -3.7793400e-01  -1.5881800e-01
   7.5516500e-01  -3.7438900e-01  -1.5862900e-01
   7.5666000e-01  -3.7353300e-01  -1.5881800e-01
   7.5737500e-01  -3.7208000e-01  -1.5881800e-01
   7.5834000e-01  -3.8727000e-01  -1.5503500e-01
   7.5981700e-01  -3.8223000e-01  -1.5485200e-01
   7.6440300e-01  -3.8383200e-01  -1.6108600e-01
   7.6443800e-01  -3.9012800e-01  -1.5631600e-01
   7.6479300e-01  -3.9251700e-01  -1.3003000e-01
   7.6539900e-01  -3.9301000e-01  -1.2486800e-01
   7.6748900e-01  -3.9049500e-01  -1.5686500e-01
   7.6899200e-01  -3.9593200e-01  -1.5222400e-01
   7.6970500e-01  -3.9651200e-01  -1.4702700e-01
   7.7039200e-01  -3.9707100e-01  -1.4182500e-01
   7.7105500e-01  -3.9761000e-01  -1.3661800e-01
   7.7128900e-01  -3.8724300e-01  -1.5723100e-01
   7.7200700e-01  -3.8365200e-01  -1.5704800e-01
   7.7744300e-01  -3.9426900e-01  -1.5887900e-01
   7.7892900e-01  -3.8701900e-01  -1.5851300e-01
   7.7970200e-01  -4.0249200e-01  -1.5452500e-01
   7.7972500e-01  -3.9822800e-01  -1.5417100e-01
   7.8277200e-01  -3.8793400e-01  -1.5924500e-01
   7.8354600e-01  -4.0344900e-01  -1.5523300e-01
   7.8358800e-01  -3.9491500e-01  -1.5997700e-01
   7.8588500e-01  -3.9673900e-01  -1.5505600e-01
   7.8741200e-01  -4.0224800e-01  -1.5576400e-01
   7.9050000e-01  -4.0255900e-01  -1.5629500e-01
   7.9117600e-01  -4.0960500e-01  -1.5147200e-01
   7.9282000e-01  -3.9581700e-01  -1.5611800e-01
   7.9590900e-01  -4.0255700e-01  -1.5718000e-01
   7.9956700e-01  -4.1858200e-01  -1.5352400e-01
   8.0041800e-01  -4.1485700e-01  -1.5335300e-01
   8.0105200e-01  -4.1978600e-01  -1.4825700e-01
   8.0134200e-01  -4.0033800e-01  -1.5788800e-01
   8.0199200e-01  -4.1391800e-01  -1.5352400e-01
   8.0210100e-01  -4.0527400e-01  -1.5841900e-01
   8.0664600e-01  -4.1543100e-01  -1.5437900e-01
   8.0667900e-01  -4.1325100e-01  -1.5420800e-01
   8.0983900e-01  -4.0917100e-01  -1.5437900e-01
   8.0988500e-01  -4.0482600e-01  -1.5965800e-01
   8.1213900e-01  -4.1318100e-01  -1.5506200e-01
   8.1651500e-01  -4.2779200e-01  -1.5122500e-01
   8.1764200e-01  -4.1086500e-01  -1.5574600e-01
   8.1798600e-01  -4.3123500e-01  -1.5172000e-01
   8.2015900e-01  -4.3526200e-01  -1.4662600e-01
   8.2601800e-01  -4.2637100e-01  -1.5831100e-01
   8.2622500e-01  -4.1531300e-01  -1.5745600e-01
   8.2896800e-01  -4.3322600e-01  -1.5353400e-01
   8.2926400e-01  -4.2215900e-01  -1.5848200e-01
   8.2991800e-01  -4.2718700e-01  -1.5320400e-01
   8.3236400e-01  -4.4514800e-01  -1.4332400e-01
   8.3274500e-01  -4.3853300e-01  -1.5452400e-01
   8.3521400e-01  -4.3590900e-01  -1.5468900e-01
   8.3682300e-01  -4.3491700e-01  -1.5485300e-01
   8.3695400e-01  -4.3044600e-01  -1.5452400e-01
   8.3866800e-01  -4.2495900e-01  -1.5435900e-01
   8.3918300e-01  -4.5067100e-01  -1.3880700e-01
   8.4108300e-01  -4.4753500e-01  -1.5059800e-01
   8.4322800e-01  -4.3307100e-01  -1.5567800e-01
   8.4367800e-01  -4.5431200e-01  -1.3376600e-01
   8.4657500e-01  -4.4960300e-01  -1.5155100e-01
   8.4712800e-01  -4.5474700e-01  -1.5202700e-01
   8.4795900e-01  -4.3446200e-01  -1.5650300e-01
   8.5362300e-01  -4.5288200e-01  -1.5282200e-01
   8.5682000e-01  -4.5306500e-01  -1.5329800e-01
   8.5865800e-01  -4.4747600e-01  -1.5313900e-01
   8.6014700e-01  -4.6525000e-01  -1.4867200e-01
   8.6078600e-01  -4.5386900e-01  -1.5393400e-01
   8.6194800e-01  -4.4535100e-01  -1.5345700e-01
   8.6399200e-01  -4.5403000e-01  -1.5441000e-01
   8.6469200e-01  -4.6891700e-01  -1.4350200e-01
   8.6886000e-01  -4.5310300e-01  -1.5504600e-01
   8.7217400e-01  -4.5093500e-01  -1.5536300e-01
   8.7568500e-01  -4.7534100e-01  -1.5157500e-01
   8.7773700e-01  -4.5286100e-01  -1.5631600e-01
   8.7969300e-01  -4.7611000e-01  -1.5218600e-01
   8.8018000e-01  -4.5236000e-01  -1.5663400e-01
   8.8117900e-01  -4.7730000e-01  -1.4629000e-01
   8.8293400e-01  -4.7624900e-01  -1.5264400e-01
   8.8321600e-01  -4.7161000e-01  -1.5233900e-01
   8.8385700e-01  -4.7453300e-01  -1.5264400e-01
   8.9104600e-01  -4.8768400e-01  -1.4834500e-01
   8.9203800e-01  -4.7366700e-01  -1.5371400e-01
   8.9712500e-01  -4.7027900e-01  -1.5417200e-01
   8.9933000e-01  -4.7444800e-01  -1.5478400e-01
   9.0043200e-01  -4.8273600e-01  -1.5554800e-01
   9.0455700e-01  -4.6865100e-01  -1.5508900e-01
   9.0471700e-01  -4.9109700e-01  -1.5039900e-01
   9.0541500e-01  -4.8167000e-01  -1.5615900e-01
   9.0685500e-01  -4.9532000e-01  -1.5098600e-01
   9.0738400e-01  -4.8821200e-01  -1.5054500e-01
   9.0898800e-01  -4.7699200e-01  -1.5631200e-01
   9.1382900e-01  -4.7823800e-01  -1.5707600e-01
   9.1395300e-01  -4.9843200e-01  -1.4572200e-01
   9.1533400e-01  -4.9194500e-01  -1.5186600e-01
   9.1574400e-01  -4.9733700e-01  -1.5230600e-01
   9.1896600e-01  -4.8721100e-01  -1.5201300e-01
   9.2539000e-01  -4.8965800e-01  -1.5304000e-01
   9.2564000e-01  -4.9747600e-01  -1.5362700e-01
   9.2712300e-01  -4.8846300e-01  -1.5318700e-01
   9.3199700e-01  -4.8966900e-01  -1.5392000e-01
   9.3453700e-01  -5.0960300e-01  -1.4909800e-01
   9.3543400e-01  -5.1810300e-01  -1.4980100e-01
   9.3913200e-01  -5.1322300e-01  -1.4332800e-01
   9.3923700e-01  -5.2113500e-01  -1.4386700e-01
   9.3987400e-01  -5.0600700e-01  -1.5612100e-01
   9.4253500e-01  -5.1328800e-01  -1.5036400e-01
   9.4674700e-01  -5.2185700e-01  -1.5148900e-01
   9.5103400e-01  -5.0165800e-01  -1.5729500e-01
   9.5212300e-01  -5.2611000e-01  -1.4575100e-01
   9.5571800e-01  -5.2363200e-01  -1.4602000e-01
   9.6081500e-01  -5.1437400e-01  -1.5275500e-01
   9.6438000e-01  -5.1184000e-01  -1.5303600e-01
   9.6459200e-01  -5.2791700e-01  -1.5416100e-01
   9.6585200e-01  -5.2356100e-01  -1.5402100e-01
   9.7264700e-01  -5.3151600e-01  -1.5542700e-01
   9.7281600e-01  -5.2093600e-01  -1.5472400e-01
   9.7403200e-01  -5.1657600e-01  -1.5458300e-01
   9.7783800e-01  -5.3015500e-01  -1.5599000e-01
   9.7960800e-01  -5.2882700e-01  -1.4925000e-01
   9.8732700e-01  -5.5119000e-01  -1.4468900e-01
   9.9463700e-01  -5.5416900e-01  -1.4571700e-01
   1.0092280e+00  -5.4605400e-01  -1.5396000e-01
   1.0343750e+00  -5.7956400e-01  -1.5920900e-01
   1.0683080e+00  -5.9112700e-01  -1.5651100e-01
   1.0993000e+00  -6.3010000e-01  -1.6255000e-01
   1.1423610e+00  -6.6361700e-01  -1.6146000e-01
   1.1431230e+00  -6.6421000e-01  -1.5342400e-01
   1.1684760e+00  -6.6754500e-01  -1.6452000e-01
   1.1692590e+00  -6.6814200e-01  -1.5633200e-01
   2.6920030e+00  -1.8940830e+00  -4.0337000e-02
   2.6921480e+00  -1.8941970e+00  -2.0169000e-02
   2.6921970e+00  -1.8942360e+00   0.0000000e+00
   2.6929340e+00  -1.8948160e+00   2.0175000e-02
   2.6934610e+00  -1.8871150e+00  -2.0150000e-02
   2.6934610e+00  -1.8871150e+00   2.0150000e-02
   2.6935100e+00  -1.8871530e+00   0.0000000e+00
   2.6940040e+00  -1.9038020e+00   0.0000000e+00
   2.6944560e+00  -1.8717270e+00   2.0101000e-02
   2.6945940e+00  -1.9042680e+00  -4.0435000e-02
   2.6947400e+00  -1.9043840e+00  -2.0218000e-02
   2.6947400e+00  -1.9043840e+00   2.0218000e-02
   2.6948480e+00  -1.9125470e+00  -4.0496000e-02
   2.6949940e+00  -1.9126630e+00  -2.0248000e-02
   2.6949940e+00  -1.9126630e+00   2.0248000e-02
   2.6960830e+00  -1.8729930e+00   0.0000000e+00
   2.6972480e+00  -1.8900870e+00  -4.0361000e-02
   2.6973920e+00  -1.9145670e+00   0.0000000e+00
   2.6986960e+00  -1.8831130e+00  -2.0163000e-02
   2.6986960e+00  -1.8831130e+00   2.0163000e-02
   2.6999800e+00  -1.8760270e+00  -2.0144000e-02
   2.7001250e+00  -1.8842300e+00  -4.0349000e-02
   2.7003200e+00  -1.8843820e+00   0.0000000e+00
   2.7018900e+00  -1.8694420e+00  -4.0263000e-02
   2.7020370e+00  -1.8695550e+00   2.0132000e-02
   2.7020850e+00  -1.8695930e+00   0.0000000e+00
   2.7022010e+00  -1.8777550e+00  -4.0324000e-02
   2.7028270e+00  -1.8701680e+00  -2.0138000e-02
   2.7039320e+00  -1.8629700e+00  -4.0238000e-02
   2.7040790e+00  -1.8630830e+00  -2.0120000e-02
   2.7041280e+00  -1.8631210e+00   0.0000000e+00
   2.7061320e+00  -1.9297360e+00   2.0365000e-02
   2.7061810e+00  -1.9297750e+00   0.0000000e+00
   2.7067670e+00  -1.9302430e+00  -4.0742000e-02
   2.7068980e+00  -1.8572190e+00   2.0113000e-02
   2.7069140e+00  -1.9303590e+00  -2.0371000e-02
   2.7069470e+00  -1.8572570e+00   0.0000000e+00
   2.7072450e+00  -1.8655280e+00   2.0144000e-02
   2.7075440e+00  -1.8577160e+00  -4.0238000e-02
   2.7076910e+00  -1.8578290e+00  -2.0120000e-02
   2.7099680e+00  -1.8435490e+00  -4.0165000e-02
   2.7101150e+00  -1.8436610e+00  -2.0083000e-02
   2.7101640e+00  -1.8436980e+00   0.0000000e+00
   2.7109100e+00  -1.8442670e+00   2.0089000e-02
   2.7112930e+00  -1.8525680e+00   2.0120000e-02
   2.7113420e+00  -1.8526060e+00   0.0000000e+00
   2.7128810e+00  -1.8537840e+00  -2.0132000e-02
   2.7144460e+00  -1.8390590e+00  -2.0089000e-02
   2.7144460e+00  -1.8390590e+00   2.0089000e-02
   2.7144950e+00  -1.8390970e+00   0.0000000e+00
   2.7151160e+00  -1.8554960e+00  -4.0300000e-02
   2.7158910e+00  -1.8401580e+00  -4.0202000e-02
   2.7164170e+00  -1.8325790e+00  -2.0077000e-02
   2.7164170e+00  -1.8325790e+00   2.0077000e-02
   2.7164660e+00  -1.8326160e+00   0.0000000e+00
   2.7190240e+00  -1.8265880e+00  -4.0140000e-02
   2.7191720e+00  -1.8266990e+00  -2.0070000e-02
   2.7191720e+00  -1.8266990e+00   2.0070000e-02
   2.7192210e+00  -1.8267360e+00   0.0000000e+00
   2.7202560e+00  -1.8354840e+00  -4.0214000e-02
   2.7258010e+00  -1.9537330e+00  -2.0549000e-02
   2.7258010e+00  -1.9537330e+00   2.0549000e-02
   2.7258500e+00  -1.9537720e+00   0.0000000e+00
   2.7305620e+00  -1.8273080e+00  -4.0263000e-02
   2.7307100e+00  -1.8274190e+00  -2.0132000e-02
   2.7317030e+00  -1.8202060e+00  -4.0226000e-02
   2.7318510e+00  -1.8203170e+00  -2.0113000e-02
   2.7323100e+00  -1.8286200e+00   2.0144000e-02
   2.7334530e+00  -1.8215150e+00   2.0126000e-02
   2.7335020e+00  -1.8215520e+00   0.0000000e+00
   2.7339590e+00  -1.8298580e+00   0.0000000e+00
   2.7345780e+00  -1.8144120e+00   2.0107000e-02
   2.7365820e+00  -1.9623630e+00  -4.1269000e-02
   2.7372930e+00  -1.8085030e+00   2.0101000e-02
   2.7378360e+00  -1.8168380e+00   0.0000000e+00
   2.7408460e+00  -1.8190790e+00  -4.0312000e-02
   2.7409940e+00  -1.8191900e+00  -2.0156000e-02
   2.7426840e+00  -1.7966750e+00   2.0089000e-02
   2.7427340e+00  -1.7967110e+00   0.0000000e+00
   2.7436190e+00  -1.8052680e+00  -6.0374000e-02
   2.7437480e+00  -1.7895730e+00   2.0070000e-02
   2.7437970e+00  -1.7896090e+00   0.0000000e+00
   2.7438680e+00  -1.8054510e+00  -4.0251000e-02
   2.7440170e+00  -1.8055610e+00  -2.0126000e-02
   2.7440170e+00  -1.8055610e+00   2.0126000e-02
   2.7440660e+00  -1.8055980e+00   0.0000000e+00
   2.7442950e+00  -1.7978600e+00  -2.0101000e-02
   2.7443730e+00  -1.8137540e+00  -4.0312000e-02
   2.7445220e+00  -1.8138640e+00  -2.0156000e-02
   2.7445710e+00  -1.8139010e+00   0.0000000e+00
   2.7479250e+00  -1.8005300e+00  -6.0392000e-02
   2.7481730e+00  -1.8007130e+00  -4.0263000e-02
   2.7485880e+00  -1.7931190e+00  -2.0107000e-02
   2.7488710e+00  -1.7776800e+00  -4.0116000e-02
   2.7490200e+00  -1.7777890e+00  -2.0058000e-02
   2.7490700e+00  -1.7778250e+00   0.0000000e+00
   2.7502600e+00  -1.7865510e+00  -4.0189000e-02
   2.7504090e+00  -1.7866600e+00  -2.0095000e-02
   2.7504590e+00  -1.7866960e+00   0.0000000e+00
   2.7506380e+00  -1.7789640e+00   2.0070000e-02
   2.7528330e+00  -1.7884280e+00   2.0113000e-02
   2.7542830e+00  -1.7816140e+00  -6.0300000e-02
   2.7546420e+00  -1.7975540e+00  -6.0466000e-02
   2.7548570e+00  -1.7899050e+00  -6.0392000e-02
   2.7548910e+00  -1.7977370e+00  -4.0312000e-02
   2.7571690e+00  -1.7837110e+00  -8.0495000e-02
   2.7581370e+00  -1.7765520e+00  -2.0101000e-02
   2.7581370e+00  -1.7765520e+00   2.0101000e-02
   2.7581870e+00  -1.7765880e+00   0.0000000e+00
   2.7590360e+00  -1.7772020e+00  -1.6099100e-01
   2.7606120e+00  -1.7783430e+00  -1.8126100e-01
   2.7622140e+00  -1.7795030e+00  -1.4100900e-01
   2.7628470e+00  -1.7799610e+00  -4.0275000e-02
   2.7628650e+00  -1.7799740e+00  -1.2087500e-01
   2.7630570e+00  -1.7801120e+00  -8.0569000e-02
   2.7634070e+00  -1.7803660e+00  -6.0429000e-02
   2.7634160e+00  -1.7803720e+00  -1.0073600e-01
   2.7637040e+00  -1.7805810e+00  -2.0168400e-01
   2.7640650e+00  -1.7729830e+00   0.0000000e+00
   2.7644110e+00  -1.7889740e+00  -1.4131000e-01
   2.7644670e+00  -1.7890150e+00  -1.6153100e-01
   2.7648050e+00  -1.7892600e+00  -1.0092000e-01
   2.7650620e+00  -1.7894470e+00  -1.2113300e-01
   2.7655050e+00  -1.7740210e+00  -1.2083800e-01
   2.7656370e+00  -1.7741170e+00  -2.0132000e-02
   2.7660390e+00  -1.7901570e+00  -1.8186800e-01
   2.7665080e+00  -1.7747440e+00  -8.0569000e-02
   2.7668590e+00  -1.7749970e+00  -6.0429000e-02
   2.7671090e+00  -1.7751780e+00  -4.0287000e-02
   2.7673210e+00  -1.7674830e+00  -1.2076500e-01
   2.7675080e+00  -1.7912250e+00  -2.0223600e-01
   2.7681530e+00  -1.7759300e+00  -1.6133500e-01
   2.7683240e+00  -1.7682030e+00  -8.0520000e-02
   2.7686760e+00  -1.7684550e+00  -6.0392000e-02
   2.7689060e+00  -1.7764730e+00  -1.4118100e-01
   2.7689260e+00  -1.7686350e+00  -4.0263000e-02
   2.7690770e+00  -1.7687430e+00  -2.0132000e-02
   2.7691040e+00  -1.7687630e+00  -1.4100900e-01
   2.7691200e+00  -1.7687740e+00  -1.8137200e-01
   2.7691270e+00  -1.7687790e+00   0.0000000e+00
   2.7699740e+00  -1.7693870e+00  -1.6123600e-01
   2.7701110e+00  -1.7773410e+00  -1.0085900e-01
   2.7704900e+00  -1.7933920e+00  -2.2276700e-01
   2.7712040e+00  -1.7781300e+00  -2.0199100e-01
   2.7717430e+00  -1.7628180e+00   0.0000000e+00
   2.7719330e+00  -1.7707930e+00  -1.0079700e-01
   2.7721600e+00  -1.7788180e+00  -1.8181300e-01
   2.7735270e+00  -1.7562700e+00  -1.8120600e-01
   2.7741580e+00  -1.7645450e+00  -1.4109500e-01
   2.7741960e+00  -1.7802860e+00  -2.2249700e-01
   2.7743830e+00  -1.7568790e+00  -1.6108900e-01
   2.7744250e+00  -1.7883410e+00  -2.4313100e-01
   2.7748120e+00  -1.7650120e+00  -1.2094900e-01
   2.7750290e+00  -1.7651670e+00  -1.6133500e-01
   2.7751380e+00  -1.7574160e+00  -1.4096600e-01
   2.7753660e+00  -1.7654080e+00  -1.0079700e-01
   2.7755830e+00  -1.7891790e+00  -2.2290200e-01
   2.7757920e+00  -1.7578820e+00  -1.2083800e-01
   2.7757980e+00  -1.7657170e+00  -1.8159200e-01
   2.7762190e+00  -1.7660180e+00  -2.2209300e-01
   2.7764650e+00  -1.7661940e+00  -2.0186800e-01
   2.7766320e+00  -1.7663130e+00  -8.0667000e-02
   2.7774500e+00  -1.7590630e+00  -2.0168400e-01
   2.7777540e+00  -1.7986710e+00  -2.6414700e-01
   2.7790150e+00  -1.7995870e+00  -2.4386700e-01
   2.7794240e+00  -1.7683090e+00  -6.0558000e-02
   2.7795110e+00  -1.7449100e+00  -1.8115100e-01
   2.7796760e+00  -1.7684890e+00  -4.0373000e-02
   2.7798270e+00  -1.7685980e+00  -2.0187000e-02
   2.7803690e+00  -1.7455160e+00  -1.6104000e-01
   2.7804170e+00  -1.7611750e+00  -1.0085900e-01
   2.7805390e+00  -1.7769720e+00  -2.4305700e-01
   2.7808630e+00  -1.7614930e+00   0.0000000e+00
   2.7808890e+00  -1.7772230e+00  -2.2276700e-01
   2.7811250e+00  -1.7460500e+00  -1.4092300e-01
   2.7811380e+00  -1.7774020e+00  -2.0248100e-01
   2.7816850e+00  -1.7620780e+00  -8.0716000e-02
   2.7817810e+00  -1.7465130e+00  -1.2080100e-01
   2.7818300e+00  -1.7543540e+00   0.0000000e+00
   2.7823360e+00  -1.7469050e+00  -1.0067500e-01
   2.7826550e+00  -1.7549390e+00  -8.0642000e-02
   2.7830080e+00  -1.7551890e+00  -6.0485000e-02
   2.7833960e+00  -1.7476530e+00  -4.0275000e-02
   2.7834120e+00  -1.7554760e+00  -2.0163000e-02
   2.7836070e+00  -1.7478020e+00  -8.0569000e-02
   2.7836670e+00  -1.7634890e+00  -6.0577000e-02
   2.7838310e+00  -1.7557730e+00  -1.0085900e-01
   2.7839090e+00  -1.7872880e+00  -2.6406800e-01
   2.7839190e+00  -1.7636690e+00  -4.0386000e-02
   2.7839600e+00  -1.7480520e+00  -6.0429000e-02
   2.7840700e+00  -1.7637770e+00  -2.0193000e-02
   2.7843640e+00  -1.7876160e+00  -2.4371900e-01
   2.7843640e+00  -1.7483370e+00  -2.0144000e-02
   2.7844150e+00  -1.7483730e+00   0.0000000e+00
   2.7848910e+00  -1.7565250e+00  -4.0349000e-02
   2.7858920e+00  -1.7572340e+00  -1.8181300e-01
   2.7866950e+00  -1.7578040e+00  -1.4139600e-01
   2.7867510e+00  -1.7578440e+00  -1.6162900e-01
   2.7873520e+00  -1.7582700e+00  -1.2120600e-01
   2.7876020e+00  -1.7428210e+00  -4.0287000e-02
   2.7877540e+00  -1.7429280e+00  -2.0144000e-02
   2.7878040e+00  -1.7429630e+00   0.0000000e+00
   2.7878380e+00  -1.7429870e+00  -1.6128500e-01
   2.7881880e+00  -1.7588620e+00  -2.0223600e-01
   2.7885830e+00  -1.7669890e+00  -2.2283500e-01
   2.7885960e+00  -1.7435200e+00  -1.4113800e-01
   2.7892540e+00  -1.7439830e+00  -1.2098500e-01
   2.7892820e+00  -1.7440020e+00  -2.0180700e-01
   2.7894480e+00  -1.7441200e+00  -8.0642000e-02
   2.7898030e+00  -1.7443690e+00  -6.0485000e-02
   2.7898110e+00  -1.7443740e+00  -1.0082800e-01
   2.7898550e+00  -1.7678960e+00  -2.4327800e-01
   2.7902440e+00  -1.7446790e+00  -1.8164800e-01
   2.7909600e+00  -1.7374780e+00  -1.2091200e-01
   2.7910500e+00  -1.7297690e+00  -1.2076500e-01
   2.7911790e+00  -1.7376310e+00  -1.6128500e-01
   2.7913480e+00  -1.7532690e+00  -2.2249700e-01
   2.7915170e+00  -1.7378680e+00  -1.0076700e-01
   2.7919390e+00  -1.7381630e+00  -1.4113800e-01
   2.7924130e+00  -1.7540210e+00  -2.0229700e-01
   2.7927710e+00  -1.7387460e+00  -1.8159200e-01
   2.7928220e+00  -1.7621490e+00  -2.2290200e-01
   2.7929080e+00  -1.7779490e+00  -2.4386700e-01
   2.7932830e+00  -1.7624750e+00  -2.4327800e-01
   2.7936110e+00  -1.7393350e+00  -8.0667000e-02
   2.7939310e+00  -1.7472720e+00  -2.2243000e-01
   2.7946620e+00  -1.7871110e+00  -2.6478500e-01
   2.7947850e+00  -1.7401570e+00  -6.0521000e-02
   2.7950380e+00  -1.7403340e+00  -4.0349000e-02
   2.7951900e+00  -1.7404410e+00  -2.0175000e-02
   2.7952410e+00  -1.7404760e+00   0.0000000e+00
   2.7953230e+00  -1.7327490e+00  -1.8153700e-01
   2.7953850e+00  -1.7250280e+00  -1.4096600e-01
   2.7960270e+00  -1.7487460e+00  -2.4291000e-01
   2.7961280e+00  -1.7333110e+00  -1.4118100e-01
   2.7961860e+00  -1.7333510e+00  -1.6138400e-01
   2.7962650e+00  -1.7256390e+00  -1.6118700e-01
   2.7970420e+00  -1.7261790e+00  -1.8142700e-01
   2.7973460e+00  -1.7341600e+00  -1.0085900e-01
   2.7975300e+00  -1.7420800e+00  -2.0217400e-01
   2.7975920e+00  -1.7343320e+00  -4.0337000e-02
   2.7976860e+00  -1.7266270e+00  -1.2091200e-01
   2.7977440e+00  -1.7344380e+00  -2.0169000e-02
   2.7978030e+00  -1.7344790e+00  -8.0692000e-02
   2.7981580e+00  -1.7347270e+00  -6.0521000e-02
   2.7984520e+00  -1.7349320e+00  -2.0199100e-01
   2.7987020e+00  -1.7273320e+00  -8.0618000e-02
   2.7991440e+00  -1.7587740e+00  -2.4349900e-01
   2.7991450e+00  -1.7745100e+00  -2.6454600e-01
   2.7997320e+00  -1.7436220e+00  -2.2263200e-01
   2.7998870e+00  -1.7281550e+00  -1.0082800e-01
   2.8009590e+00  -1.7679180e+00  -2.6438600e-01
   2.8015210e+00  -1.7292900e+00  -6.0521000e-02
   2.8017750e+00  -1.7294670e+00  -4.0349000e-02
   2.8019280e+00  -1.7295730e+00  -2.0175000e-02
   2.8022360e+00  -1.8084700e+00  -2.6621900e-01
   2.8031130e+00  -1.7381830e+00  -2.2263200e-01
   2.8034550e+00  -1.7306330e+00  -2.0211300e-01
   2.8043870e+00  -1.7624770e+00  -2.6438600e-01
   2.8045420e+00  -1.7547340e+00  -2.6406800e-01
   2.8054250e+00  -1.7868990e+00  -2.6550200e-01
   2.8059500e+00  -1.7245920e+00  -4.0361000e-02
   2.8075480e+00  -1.7490960e+00  -2.4364600e-01
   2.8077680e+00  -1.7258500e+00  -1.4143900e-01
   2.8078060e+00  -1.7258760e+00  -8.0790000e-02
   2.8081620e+00  -1.7261230e+00  -6.0595000e-02
   2.8084300e+00  -1.7263080e+00  -1.2124300e-01
   2.8085700e+00  -1.7264050e+00  -2.0199000e-02
   2.8089910e+00  -1.7266960e+00  -1.0104300e-01
   2.8093030e+00  -1.7425010e+00  -2.4349900e-01
   2.8097600e+00  -1.7350130e+00  -2.2290200e-01
   2.8102890e+00  -1.7275930e+00  -1.6182500e-01
   2.8127060e+00  -1.7292650e+00  -1.8225500e-01
   2.8135000e+00  -1.7376120e+00  -2.4357200e-01
   2.8141970e+00  -1.7302970e+00  -2.0266500e-01
   2.8177030e+00  -1.7562090e+00  -2.6502400e-01
   2.8179530e+00  -1.7407040e+00  -2.6438600e-01
   2.8227430e+00  -1.7518750e+00  -2.6518300e-01
   2.8262520e+00  -1.7386360e+00  -2.2398100e-01
   2.8270660e+00  -1.7391990e+00  -2.6494400e-01
   2.8275310e+00  -1.7395210e+00  -2.4452900e-01
   2.8473450e+00  -2.0597460e+00  -4.3073000e-02
   2.8475000e+00  -2.0598700e+00  -2.1537000e-02
