   8.7587200e-01  -6.2345500e-01  -1.4400100e-01
   8.7745800e-01  -6.2796100e-01  -1.4454000e-01
   8.7863800e-01  -5.4197000e-01  -1.7002500e-01
   8.8167200e-01  -5.4998200e-01  -1.7118000e-01
   8.8200200e-01  -5.4761200e-01  -1.7101500e-01
   8.8214600e-01  -5.5845000e-01  -1.6553000e-01
   8.8252100e-01  -5.3749300e-01  -1.7019000e-01
   8.8255300e-01  -6.2431100e-01  -1.5148900e-01
   8.8257900e-01  -6.5398700e-01  -6.6594000e-02
   8.8285000e-01  -6.5426500e-01  -5.9942000e-02
   8.8309200e-01  -6.5451500e-01  -5.3287000e-02
   8.8348100e-01  -6.3992400e-01  -3.9641000e-02
   8.8355900e-01  -6.1949100e-01  -1.5120800e-01
   8.8370000e-01  -6.4312200e-01  -5.9611000e-02
   8.8394200e-01  -6.4336800e-01  -5.2993000e-02
   8.8415600e-01  -6.4358500e-01  -4.6373000e-02
   8.8434100e-01  -6.4079300e-01  -3.3067000e-02
   8.8496700e-01  -5.2398600e-01  -1.6936600e-01
   8.8504200e-01  -5.5568000e-01  -1.6568900e-01
   8.8517700e-01  -5.4246600e-01  -1.7101500e-01
   8.8544900e-01  -6.4191300e-01  -7.9597000e-02
   8.8553000e-01  -6.4498000e-01  -6.6410000e-02
   8.8593000e-01  -6.4538600e-01  -7.3109000e-02
   8.8594800e-01  -6.3944200e-01  -9.2833000e-02
   8.8644600e-01  -6.4590900e-01  -3.9862000e-02
   8.8678400e-01  -6.5832000e-01  -4.6846000e-02
   8.8712100e-01  -6.4062300e-01  -2.6505000e-02
   8.8758900e-01  -6.5007200e-01  -5.3337000e-02
   8.8763800e-01  -6.4114300e-01  -9.9721000e-02
   8.8764800e-01  -5.6611900e-01  -1.6696000e-01
   8.8768600e-01  -5.2892000e-01  -1.7019000e-01
   8.8780400e-01  -6.5029100e-01  -4.6674000e-02
   8.8781600e-01  -5.4745000e-01  -1.7183900e-01
   8.8789600e-01  -6.4438600e-01  -8.6535000e-02
   8.8793000e-01  -5.5289600e-01  -1.6584800e-01
   8.8798500e-01  -6.4447600e-01  -2.6578000e-02
   8.8799000e-01  -6.5048100e-01  -4.0009000e-02
   8.8799100e-01  -5.2657700e-01  -1.6362400e-01
   8.8807600e-01  -5.7803200e-01  -1.6807200e-01
   8.8817300e-01  -5.4510400e-01  -1.6521200e-01
   8.8847200e-01  -6.5097100e-01  -6.6778000e-02
   8.8849800e-01  -5.2182300e-01  -1.6969600e-01
   8.8859200e-01  -5.4813600e-01  -1.6553000e-01
   8.8873500e-01  -5.6983800e-01  -1.6743600e-01
   8.8874400e-01  -6.5124900e-01  -6.0108000e-02
   8.8876200e-01  -5.4032200e-01  -1.7134500e-01
   8.8886900e-01  -6.5137600e-01  -7.3514000e-02
   8.8890900e-01  -6.4541000e-01  -9.3347000e-02
   8.8906600e-01  -5.3794800e-01  -1.7118000e-01
   8.8908300e-01  -5.7289600e-01  -1.6775400e-01
   8.8909400e-01  -5.6202600e-01  -1.6680100e-01
   8.8923700e-01  -6.5175200e-01  -8.0259000e-02
   8.8933500e-01  -6.4285200e-01  -1.9934000e-02
   8.8933800e-01  -5.4879600e-01  -1.5921500e-01
   8.8974100e-01  -5.5182600e-01  -1.6600700e-01
   8.8979800e-01  -5.5725200e-01  -1.6648300e-01
   8.8996000e-01  -5.3087600e-01  -1.6425900e-01
   8.9005500e-01  -5.4943000e-01  -1.5289300e-01
   8.9009700e-01  -5.3624000e-01  -1.7118000e-01
   8.9010300e-01  -6.2885800e-01  -1.5275500e-01
   8.9017900e-01  -6.5877200e-01  -8.0627000e-02
   8.9045700e-01  -5.8328700e-01  -1.6886600e-01
   8.9050100e-01  -6.5002400e-01  -8.0259000e-02
   8.9051000e-01  -6.5911200e-01  -7.3919000e-02
   8.9058800e-01  -5.3927300e-01  -1.6505400e-01
   8.9065400e-01  -6.4119600e-01  -1.3290000e-02
   8.9076300e-01  -5.7746900e-01  -1.6839000e-01
   8.9081200e-01  -6.5942200e-01  -6.7208000e-02
   8.9087600e-01  -5.3691500e-01  -1.6489500e-01
   8.9089800e-01  -6.4742000e-01  -2.0008000e-02
   8.9099000e-01  -6.4153300e-01  -9.9997000e-02
   8.9100000e-01  -5.1366000e-01  -1.6936600e-01
   8.9108500e-01  -6.5970200e-01  -6.0494000e-02
   8.9123400e-01  -5.2674900e-01  -1.7052000e-01
   8.9139300e-01  -6.5697700e-01  -6.7146000e-02
   8.9151400e-01  -6.5105200e-01  -3.3436000e-02
   8.9166700e-01  -6.5725700e-01  -6.0439000e-02
   8.9178800e-01  -6.5738100e-01  -7.3919000e-02
   8.9183200e-01  -6.2470300e-01  -1.5261400e-01
   8.9188300e-01  -5.3515500e-01  -1.7134500e-01
   8.9191200e-01  -6.5750700e-01  -5.3729000e-02
   8.9208300e-01  -5.4057400e-01  -1.5890900e-01
   8.9212800e-01  -6.5772800e-01  -4.7017000e-02
   8.9222600e-01  -6.4576200e-01  -1.3339000e-02
   8.9224000e-01  -6.5178800e-01  -8.7173000e-02
   8.9236500e-01  -5.5684800e-01  -1.6028400e-01
   8.9251300e-01  -5.4360000e-01  -1.6568900e-01
   8.9252000e-01  -5.2264700e-01  -1.7035500e-01
   8.9262700e-01  -5.4902700e-01  -1.5967300e-01
   8.9276600e-01  -5.2805700e-01  -1.6441800e-01
   8.9280300e-01  -6.4634300e-01  -1.0713300e-01
   8.9284300e-01  -5.7938200e-01  -1.4252100e-01
   8.9294000e-01  -5.4663400e-01  -1.6600700e-01
   8.9300900e-01  -5.9713800e-01  -1.6379900e-01
   8.9303800e-01  -5.2568300e-01  -1.6425900e-01
   8.9304900e-01  -6.5563500e-01  -3.3558000e-02
   8.9308400e-01  -5.5748900e-01  -1.5392000e-01
   8.9311900e-01  -5.3886000e-01  -1.5890900e-01
   8.9326400e-01  -5.4425600e-01  -1.5936700e-01
   8.9330300e-01  -5.2331000e-01  -1.6410000e-01
   8.9341100e-01  -5.3647500e-01  -1.6521200e-01
   8.9342100e-01  -6.6210000e-01  -5.3925000e-02
   8.9354800e-01  -6.5918100e-01  -8.0847000e-02
   8.9363700e-01  -6.6232200e-01  -4.7189000e-02
   8.9369100e-01  -5.4729300e-01  -1.5967300e-01
   8.9371200e-01  -6.5934900e-01  -4.0378000e-02
   8.9374900e-01  -6.5331900e-01  -2.6824000e-02
   8.9377400e-01  -6.2368400e-01  -1.5949600e-01
   8.9377500e-01  -5.5810400e-01  -1.4755000e-01
   8.9379100e-01  -5.2632300e-01  -1.5799200e-01
   8.9382500e-01  -6.6251500e-01  -4.0451000e-02
   8.9388400e-01  -6.5952500e-01  -8.7651000e-02
   8.9389800e-01  -6.4146400e-01  -1.0693700e-01
   8.9401100e-01  -6.1235400e-01  -1.3183600e-01
   8.9418300e-01  -5.5577000e-01  -1.6043700e-01
   8.9424300e-01  -5.6666900e-01  -1.6135400e-01
   8.9427000e-01  -5.2934100e-01  -1.5829800e-01
   8.9441300e-01  -5.4792600e-01  -1.5333300e-01
   8.9445600e-01  -5.3474400e-01  -1.5875600e-01
   8.9457000e-01  -6.6022600e-01  -3.3681000e-02
   8.9468100e-01  -6.6339400e-01  -3.3742000e-02
   8.9473000e-01  -5.4553800e-01  -1.5318700e-01
   8.9474200e-01  -5.3236300e-01  -1.5860300e-01
   8.9490500e-01  -5.5641100e-01  -1.5406700e-01
   8.9496400e-01  -5.6731900e-01  -1.5494700e-01
   8.9516300e-01  -6.5778800e-01  -8.7651000e-02
   8.9528700e-01  -5.1983100e-01  -1.7052000e-01
   8.9532000e-01  -5.7584500e-01  -1.6227100e-01
   8.9533600e-01  -5.4078300e-01  -1.5289300e-01
   8.9534200e-01  -5.6493100e-01  -1.6135400e-01
   8.9546100e-01  -6.4601800e-01  -1.0732900e-01
   8.9547000e-01  -6.5810000e-01  -9.4463000e-02
   8.9549500e-01  -6.5206700e-01  -1.0091600e-01
   8.9559700e-01  -5.5702500e-01  -1.4769100e-01
   8.9565600e-01  -5.6794200e-01  -1.4853500e-01
   8.9565900e-01  -5.3841700e-01  -1.5921500e-01
   8.9569300e-01  -6.2263700e-01  -1.5964300e-01
   8.9570100e-01  -5.6253300e-01  -1.6120100e-01
   8.9574700e-01  -5.3060200e-01  -1.5215900e-01
   8.9574900e-01  -5.9125200e-01  -1.6364600e-01
   8.9590600e-01  -6.3458800e-01  -1.2014200e-01
   8.9597000e-01  -5.8532400e-01  -1.4332800e-01
   8.9604100e-01  -5.7650300e-01  -1.5582800e-01
   8.9606400e-01  -5.6558000e-01  -1.5494700e-01
   8.9619600e-01  -6.1157300e-01  -1.6547900e-01
   8.9631700e-01  -5.5227700e-01  -1.5392000e-01
   8.9631900e-01  -5.2586400e-01  -1.5829800e-01
   8.9638400e-01  -5.3904300e-01  -1.5289300e-01
   8.9642300e-01  -5.6317900e-01  -1.5480100e-01
   8.9642800e-01  -6.3215000e-01  -1.2003200e-01
   8.9654100e-01  -5.1571900e-01  -1.7035500e-01
   8.9654900e-01  -5.2345700e-01  -1.7101500e-01
   8.9660100e-01  -5.8283800e-01  -1.6303500e-01
   8.9667900e-01  -5.3665700e-01  -1.5274600e-01
   8.9673300e-01  -5.7713400e-01  -1.4937900e-01
   8.9675700e-01  -5.6620200e-01  -1.4853500e-01
   8.9693700e-01  -6.4450100e-01  -1.1411700e-01
   8.9704600e-01  -5.2648000e-01  -1.5201300e-01
   8.9709000e-01  -6.2399600e-01  -1.5317700e-01
   8.9711700e-01  -5.6380000e-01  -1.4839400e-01
   8.9712600e-01  -6.2695600e-01   1.3253000e-02
   8.9728000e-01  -5.4509800e-01  -1.5348000e-01
   8.9730000e-01  -6.3893200e-01  -1.1380500e-01
   8.9732200e-01  -5.8350200e-01  -1.5656100e-01
   8.9732600e-01  -6.2131000e-01   1.9824000e-02
   8.9733600e-01  -5.2412100e-01  -1.6473600e-01
   8.9752900e-01  -5.2950200e-01  -1.5230600e-01
   8.9762200e-01  -5.8993400e-01  -1.4386700e-01
   8.9771900e-01  -5.3491400e-01  -1.5274600e-01
   8.9783900e-01  -5.1938500e-01  -1.6441800e-01
   8.9784500e-01  -5.8092000e-01  -1.6303500e-01
   8.9801500e-01  -5.8413900e-01  -1.5008200e-01
   8.9814400e-01  -6.5778000e-01  -9.4634000e-02
   8.9819500e-01  -6.6393300e-01  -2.7069000e-02
   8.9848900e-01  -5.9946100e-01  -1.6471500e-01
   8.9853700e-01  -5.1223300e-01  -1.7035500e-01
   8.9856800e-01  -5.8158200e-01  -1.5656100e-01
   8.9876900e-01  -5.0986000e-01  -1.7019000e-01
   8.9878200e-01  -6.6147400e-01  -2.7044000e-02
   8.9884600e-01  -5.1764000e-01  -1.6441800e-01
   8.9909700e-01  -5.2303200e-01  -1.6489500e-01
   8.9921500e-01  -5.0511800e-01  -1.6986100e-01
   8.9926100e-01  -5.8221700e-01  -1.5008200e-01
   8.9936200e-01  -5.7676400e-01  -1.6288200e-01
   8.9941900e-01  -6.2919500e-01  -1.5388000e-01
   8.9958300e-01  -6.4418100e-01  -1.1432600e-01
   8.9970200e-01  -6.2653600e-01   1.9916000e-02
   8.9974200e-01  -6.2365000e-01  -1.6023000e-01
   8.9977500e-01  -6.4437300e-01  -1.2113400e-01
   8.9981700e-01  -5.1586700e-01  -1.7085000e-01
   8.9997600e-01  -6.2096000e-01  -1.3306000e-01
   9.0008700e-01  -5.7742300e-01  -1.5641500e-01
   9.0011200e-01  -6.5673400e-01  -1.3499000e-02
   9.0016600e-01  -6.5983100e-01  -2.0284000e-02
   9.0036000e-01  -5.2667200e-01  -1.5890900e-01
   9.0046700e-01  -6.3021700e-01  -1.2702000e-01
   9.0058700e-01  -5.2428500e-01  -1.5230600e-01
   9.0062100e-01  -5.9271600e-01  -1.6441000e-01
   9.0068900e-01  -6.2164900e-01   1.9879000e-02
   9.0078300e-01  -5.7805500e-01  -1.4994200e-01
   9.0090600e-01  -6.3359600e-01   1.3339000e-02
   9.0095800e-01  -6.1324200e-01  -1.6624300e-01
   9.0109100e-01  -5.2728800e-01  -1.5260000e-01
   9.0112400e-01  -5.1954000e-01  -1.5845100e-01
   9.0128200e-01  -5.0936600e-01  -1.7052000e-01
   9.0130200e-01  -6.5187600e-01  -1.1495000e-01
   9.0134500e-01  -5.9338800e-01  -1.5788200e-01
   9.0185600e-01  -5.2015000e-01  -1.5215900e-01
   9.0204100e-01  -5.9403300e-01  -1.5134800e-01
   9.0204500e-01  -6.5868700e-01  -1.0860300e-01
   9.0225800e-01  -6.1737600e-01   2.6480000e-02
   9.0261500e-01  -6.6231600e-01  -1.0201900e-01
   9.0261500e-01  -6.0905900e-01  -1.6609100e-01
   9.0277700e-01  -6.3247200e-01   2.0027000e-02
   9.0288800e-01  -5.1841700e-01  -1.6505400e-01
   9.0298300e-01  -5.9799200e-01  -1.5846900e-01
   9.0313200e-01  -5.1603400e-01  -1.6489500e-01
   9.0314500e-01  -5.2382600e-01  -1.5906200e-01
   9.0326000e-01  -6.0109100e-01  -1.6547900e-01
   9.0339900e-01  -5.7768900e-01  -1.6349300e-01
   9.0341900e-01  -6.4200800e-01   1.3425000e-02
   9.0358000e-01  -6.1285300e-01  -1.6654900e-01
   9.0360200e-01  -5.1127000e-01  -1.6457700e-01
   9.0363900e-01  -5.2685000e-01  -1.5936700e-01
   9.0365200e-01  -5.1905200e-01  -1.5875600e-01
   9.0367900e-01  -5.9864100e-01  -1.5191100e-01
   9.0387900e-01  -5.2444000e-01  -1.5274600e-01
   9.0412800e-01  -5.7834900e-01  -1.5700200e-01
   9.0420700e-01  -6.3683000e-01  -1.2783400e-01
   9.0434700e-01  -5.9926200e-01  -1.4534700e-01
   9.0436800e-01  -5.1189800e-01  -1.5829800e-01
   9.0455400e-01  -6.4612300e-01  -1.2168500e-01
   9.0463100e-01  -5.1727400e-01  -1.5230600e-01
   9.0466400e-01  -6.4025200e-01   1.3425000e-02
   9.0482700e-01  -5.7898200e-01  -1.5050400e-01
   9.0489400e-01  -5.1490700e-01  -1.6505400e-01
   9.0510400e-01  -5.1250200e-01  -1.5201300e-01
   9.0514700e-01  -5.2029400e-01  -1.5260000e-01
   9.0541600e-01  -4.9997400e-01  -1.7035500e-01
   9.0558900e-01  -6.1476100e-01  -1.3993400e-01
   9.0566100e-01  -5.1553900e-01  -1.5875600e-01
   9.0570900e-01  -6.2359800e-01  -1.6096300e-01
   9.0576600e-01  -5.0535000e-01  -1.7085000e-01
   9.0580100e-01  -6.4137100e-01  -1.2829900e-01
   9.0627500e-01  -6.3292600e-01  -1.4817300e-01
   9.0631300e-01  -5.0835300e-01  -1.7118000e-01
   9.0639800e-01  -5.1614600e-01  -1.5245300e-01
   9.0669100e-01  -6.1580700e-01   3.3190000e-02
   9.0682400e-01  -6.2466900e-01   2.6676000e-02
   9.0691200e-01  -6.3354600e-01  -1.4147600e-01
   9.0691900e-01  -6.2183800e-01  -1.6096300e-01
   9.0726000e-01  -6.3982200e-01   2.0174000e-02
   9.0726500e-01  -6.1925600e-01  -1.4044800e-01
   9.0735800e-01  -6.2808300e-01  -1.6155000e-01
   9.0742800e-01  -6.3109400e-01  -1.4134800e-01
   9.0751900e-01  -6.3413700e-01  -1.3477400e-01
   9.0769300e-01  -5.9615300e-01  -1.6563200e-01
   9.0803600e-01  -6.3168300e-01  -1.3465200e-01
   9.0812200e-01  -6.7408400e-01  -9.6179000e-02
   9.0842500e-01  -5.9682900e-01  -1.5905600e-01
   9.0846600e-01  -5.2044600e-01  -1.5952000e-01
   9.0864400e-01  -5.1025100e-01  -1.6521200e-01
   9.0866200e-01  -6.6845100e-01  -1.3670000e-02
   9.0876900e-01  -6.2944400e-01  -1.5500500e-01
   9.0891800e-01  -6.3549600e-01   2.6873000e-02
   9.0912700e-01  -5.9747800e-01  -1.5247400e-01
   9.0922000e-01  -6.2987900e-01   2.6799000e-02
   9.0939000e-01  -6.7228000e-01  -2.0560000e-02
   9.0943900e-01  -6.3009000e-01  -1.4830800e-01
   9.0963300e-01  -5.0848500e-01  -1.6521200e-01
   9.0981500e-01  -5.0606900e-01  -1.7151000e-01
   9.0982300e-01  -6.0722900e-01   3.9752000e-02
   9.1007900e-01  -6.3070800e-01  -1.4160500e-01
   9.1022300e-01  -5.0131800e-01  -1.7118000e-01
   9.1040500e-01  -5.0911200e-01  -1.5890900e-01
   9.1052600e-01  -6.3113900e-01   3.3558000e-02
   9.1078900e-01  -6.1679400e-01   3.3313000e-02
   9.1119300e-01  -6.2593000e-01  -1.5500500e-01
   9.1128000e-01  -6.2308500e-01   3.3436000e-02
   9.1134600e-01  -6.5285700e-01  -1.5032700e-01
   9.1155600e-01  -6.1173000e-01   3.9899000e-02
   9.1170300e-01  -6.2348900e-01  -1.6169700e-01
   9.1181900e-01  -6.0909500e-01   4.6502000e-02
   9.1186500e-01  -6.2657400e-01  -1.4830800e-01
   9.1196500e-01  -5.0016500e-01  -1.7134500e-01
   9.1211200e-01  -6.6886300e-01  -6.8540000e-03
   9.1211700e-01  -6.2975600e-01  -1.5542700e-01
   9.1223400e-01  -6.2692700e-01   3.3528000e-02
   9.1223800e-01  -5.1576300e-01  -1.6616600e-01
   9.1230400e-01  -6.3581700e-01   2.6946000e-02
   9.1240700e-01  -6.2416000e-01  -1.5500500e-01
   9.1250800e-01  -6.2718900e-01  -1.4160500e-01
   9.1279000e-01  -6.3040300e-01  -1.4871200e-01
   9.1292200e-01  -5.0857900e-01  -1.6568900e-01
   9.1293500e-01  -4.9839400e-01  -1.7134500e-01
   9.1301200e-01  -6.5754700e-01   6.8170000e-03
   9.1301200e-01  -5.1639600e-01  -1.5982600e-01
   9.1308000e-01  -6.2480200e-01  -1.4830800e-01
   9.1333900e-01  -5.0381500e-01  -1.6537100e-01
   9.1337900e-01  -6.1055500e-01  -1.6081700e-01
   9.1343300e-01  -6.3102100e-01  -1.4199000e-01
   9.1345200e-01  -5.1158300e-01  -1.5304000e-01
   9.1375600e-01  -5.1700400e-01  -1.5348000e-01
   9.1402300e-01  -6.5247900e-01  -1.5059600e-01
   9.1408500e-01  -6.1121500e-01  -1.5416100e-01
   9.1411800e-01  -6.1994400e-01  -1.6169700e-01
   9.1434700e-01  -6.2308000e-01  -1.6199000e-01
   9.1447700e-01  -6.0557100e-01   3.9862000e-02
   9.1460000e-01  -6.1749000e-01  -1.6155000e-01
   9.1465600e-01  -6.0886700e-01   3.9936000e-02
   9.1476100e-01  -6.1184700e-01  -1.4750000e-01
   9.1477900e-01  -5.1524600e-01  -1.5997900e-01
   9.1482400e-01  -6.2061200e-01  -1.5500500e-01
   9.1505200e-01  -6.2375100e-01  -1.5528700e-01
   9.1527900e-01  -6.7827900e-01  -1.0385700e-01
   9.1528200e-01  -6.5069700e-01   2.0413000e-02
   9.1530600e-01  -6.1815500e-01  -1.5486500e-01
   9.1545700e-01  -6.1829700e-01   4.0157000e-02
   9.1550000e-01  -6.2125200e-01  -1.4830800e-01
   9.1552500e-01  -5.1585400e-01  -1.5362700e-01
   9.1561900e-01  -5.9436300e-01   4.6287000e-02
   9.1572800e-01  -6.2439300e-01  -1.4857700e-01
   9.1598300e-01  -6.1879300e-01  -1.4817300e-01
   9.1600500e-01  -5.1106900e-01  -1.5982600e-01
   9.1622000e-01  -4.9845700e-01  -1.7183900e-01
   9.1626700e-01  -6.4563900e-01   2.7167000e-02
   9.1637300e-01  -6.5784000e-01   1.3670000e-02
   9.1651800e-01  -6.1639000e-01  -1.6169700e-01
   9.1663500e-01  -7.1796100e-01   2.8247000e-02
   9.1665500e-01  -6.1072900e-01   4.6717000e-02
   9.1667100e-01  -6.2528900e-01   4.0341000e-02
   9.1670000e-01  -6.5209300e-01  -1.5086500e-01
   9.1673800e-01  -7.1807200e-01   2.1186000e-02
   9.1675200e-01  -5.1167300e-01  -1.5348000e-01
   9.1681200e-01  -7.1815100e-01   1.4125000e-02
   9.1687000e-01  -5.9550400e-01   5.2993000e-02
   9.1722700e-01  -6.1705500e-01  -1.5500500e-01
   9.1734500e-01  -6.5272700e-01  -1.4404600e-01
   9.1740200e-01  -5.0450500e-01  -1.6600700e-01
   9.1750100e-01  -6.3493100e-01   3.3804000e-02
   9.1760700e-01  -5.0210800e-01  -1.6584800e-01
   9.1777700e-01  -6.0546800e-01   4.6631000e-02
   9.1780800e-01  -6.4714400e-01  -1.5059600e-01
   9.1790500e-01  -6.1769200e-01  -1.4830800e-01
   9.1796100e-01  -6.5333200e-01  -1.3722200e-01
   9.1797100e-01  -5.0752800e-01  -1.5982600e-01
   9.1800000e-01  -5.6043600e-01   5.2110000e-02
   9.1802700e-01  -7.1618000e-01   2.8247000e-02
   9.1813100e-01  -7.1629000e-01   2.1186000e-02
   9.1814700e-01  -5.9951400e-01   4.6502000e-02
   9.1818300e-01  -5.0512800e-01  -1.5967300e-01
   9.1820500e-01  -7.1636900e-01   1.4125000e-02
   9.1845400e-01  -6.4777500e-01  -1.4378900e-01
   9.1858000e-01  -5.0032500e-01  -1.6584800e-01
   9.1864800e-01  -5.9149300e-01   4.6330000e-02
   9.1875300e-01  -7.2350500e-01   2.1278000e-02
   9.1882800e-01  -7.2358500e-01   1.4186000e-02
   9.1887200e-01  -7.2363200e-01   7.0930000e-03
   9.1906900e-01  -6.0350400e-01   4.6631000e-02
   9.1907000e-01  -6.4837600e-01  -1.3697800e-01
   9.1929300e-01  -5.1113800e-01  -1.6680100e-01
   9.2007500e-01  -5.1176700e-01  -1.6043700e-01
   9.2026500e-01  -5.0936600e-01  -1.5377400e-01
   9.2028400e-01  -4.9912000e-01  -1.7249900e-01
   9.2030500e-01  -7.1860200e-01   7.0810000e-03
   9.2046800e-01  -5.9594400e-01   4.6502000e-02
   9.2047600e-01  -4.9672300e-01  -1.7233400e-01
   9.2082700e-01  -5.1237200e-01  -1.5406700e-01
   9.2087500e-01  -6.1150600e-01   4.6889000e-02
   9.2090500e-01  -7.1272000e-01   2.1186000e-02
   9.2094400e-01  -6.6848600e-01   6.8970000e-03
   9.2098000e-01  -7.1279800e-01   1.4125000e-02
   9.2131500e-01  -6.6581000e-01  -1.5248000e-01
   9.2148200e-01  -5.0518900e-01  -1.6013100e-01
   9.2148900e-01  -7.1333500e-01   2.8271000e-02
   9.2171300e-01  -7.1357100e-01   7.0690000e-03
   9.2202600e-01  -5.0819500e-01  -1.5392000e-01
   9.2223600e-01  -5.0578800e-01  -1.5377400e-01
   9.2223900e-01  -6.2762900e-01   4.0562000e-02
   9.2232700e-01  -7.2403600e-01   7.1110000e-03
   9.2284500e-01  -4.9858400e-01  -1.6632400e-01
   9.2295200e-01  -7.1814100e-01   2.1278000e-02
   9.2299100e-01  -5.7300000e-01   5.2650000e-02
   9.2302500e-01  -7.2478200e-01   0.0000000e+00
   9.2302700e-01  -7.1822000e-01   1.4186000e-02
   9.2306000e-01  -7.2153100e-01   0.0000000e+00
   9.2316900e-01  -6.6765500e-01  -1.3178900e-01
   9.2319900e-01  -5.9842500e-01   5.3337000e-02
   9.2320600e-01  -6.9267700e-01  -9.1157000e-02
   9.2342600e-01  -5.0159800e-01  -1.6664200e-01
   9.2373200e-01  -5.8480300e-01   5.2993000e-02
   9.2401100e-01  -5.0462600e-01  -1.6043700e-01
   9.2411900e-01  -5.8234500e-01   5.2944000e-02
   9.2417300e-01  -6.8734000e-01  -1.3965000e-02
   9.2433500e-01  -6.5655300e-01  -1.5207600e-01
   9.2476800e-01  -5.0522500e-01  -1.5406700e-01
   9.2498500e-01  -5.7474900e-01   5.9390000e-02
   9.2498600e-01  -6.5719200e-01  -1.4520300e-01
   9.2508600e-01  -5.9732200e-01   5.3386000e-02
   9.2518700e-01  -5.0042300e-01  -1.6028400e-01
   9.2560700e-01  -6.5780100e-01  -1.3832400e-01
   9.2594500e-01  -5.0101900e-01  -1.5392000e-01
   9.2627900e-01  -7.2166500e-01   2.8492000e-02
   9.2631700e-01  -5.8992500e-01   5.3238000e-02
   9.2635800e-01  -5.7317800e-01   5.2797000e-02
   9.2650400e-01  -7.2190300e-01   7.1240000e-03
   9.2651900e-01  -7.2191900e-01   0.0000000e+00
   9.2667200e-01  -5.0159000e-01  -1.4755000e-01
   9.2743200e-01  -6.5046900e-01  -1.5194200e-01
   9.2769600e-01  -7.1661400e-01   2.8443000e-02
   9.2780200e-01  -7.1672400e-01   2.1333000e-02
   9.2787700e-01  -7.1680300e-01   1.4223000e-02
   9.2807500e-01  -5.6092900e-01   5.2551000e-02
   9.2809300e-01  -5.0527900e-01  -1.6104800e-01
   9.2827800e-01  -5.5293100e-01   5.2355000e-02
   9.2849800e-01  -5.6403200e-01   5.2650000e-02
   9.2860700e-01  -7.2084400e-01   0.0000000e+00
   9.2885400e-01  -5.0587900e-01  -1.5465400e-01
   9.2897600e-01  -5.7269000e-01   5.2895000e-02
   9.2930100e-01  -7.1830000e-01   7.1240000e-03
   9.2944700e-01  -4.9863800e-01  -1.6727800e-01
   9.2962300e-01  -4.9624700e-01  -1.6711900e-01
   9.2973800e-01  -5.8451900e-01   5.3238000e-02
   9.2988200e-01  -7.1564400e-01   2.1352000e-02
   9.3017100e-01  -4.9106300e-01  -1.6680100e-01
   9.3024100e-01  -4.9925700e-01  -1.6089500e-01
   9.3024600e-01  -5.5732000e-01   5.2551000e-02
   9.3068000e-01  -7.1974800e-01  -7.1360000e-03
   9.3068100e-01  -4.9425800e-01  -1.6711900e-01
   9.3069500e-01  -7.1976400e-01   0.0000000e+00
   9.3069500e-01  -5.9953800e-01   5.3680000e-02
   9.3095600e-01  -4.9981400e-01  -1.4797200e-01
   9.3100400e-01  -4.9985100e-01  -1.5450700e-01
   9.3144100e-01  -5.6107100e-01   5.2699000e-02
   9.3170600e-01  -6.7304200e-01  -1.4713000e-01
   9.3185700e-01  -5.9772900e-01   5.3680000e-02
   9.3233200e-01  -6.7366200e-01  -1.4016000e-01
   9.3236500e-01  -5.0348300e-01  -1.6807200e-01
   9.3269200e-01  -5.7040400e-01   5.2993000e-02
   9.3270000e-01  -5.5127000e-01   5.2502000e-02
   9.3272000e-01  -7.2518300e-01  -7.1670000e-03
   9.3292800e-01  -6.7425300e-01  -1.3318500e-01
   9.3311900e-01  -5.8469300e-01   5.3386000e-02
   9.3316200e-01  -5.0410700e-01  -1.6165900e-01
   9.3361700e-01  -5.7952200e-01   5.9942000e-02
   9.3388200e-01  -5.0467100e-01  -1.4867600e-01
   9.3392000e-01  -7.1987100e-01   2.8615000e-02
   9.3392700e-01  -5.0470600e-01  -1.5524100e-01
   9.3393200e-01  -7.1661300e-01   2.8566000e-02
   9.3403800e-01  -7.1672400e-01   2.1425000e-02
   9.3416300e-01  -7.2012500e-01   0.0000000e+00
   9.3554400e-01  -7.1829400e-01  -7.1540000e-03
   9.3584800e-01  -5.7591300e-01   5.9942000e-02
   9.3592200e-01  -4.9267600e-01  -1.6775400e-01
   9.3666300e-01  -5.0171200e-01  -1.6196500e-01
   9.3669200e-01  -7.1300100e-01   2.8566000e-02
   9.3679900e-01  -7.1311200e-01   2.1425000e-02
   9.3680000e-01  -7.1637000e-01   2.1462000e-02
   9.3697300e-01  -4.9067400e-01  -1.6775400e-01
   9.3698400e-01  -5.5756800e-01   5.2846000e-02
   9.3743200e-01  -5.0230900e-01  -1.5553400e-01
   9.3748400e-01  -6.9769800e-01  -7.0870000e-03
   9.3748500e-01  -5.2316500e-01   5.2012000e-02
   9.3749300e-01  -6.7565700e-01   2.1020000e-02
   9.3759800e-01  -5.5266300e-01   5.2748000e-02
   9.3807500e-01  -7.1118100e-01   2.8566000e-02
   9.3808000e-01  -7.1770000e-01   2.8664000e-02
   9.3817000e-01  -5.0288200e-01  -1.4909800e-01
   9.3818200e-01  -7.1129100e-01   2.1425000e-02
   9.3829200e-01  -7.2444700e-01  -7.1910000e-03
   9.3830800e-01  -7.1793700e-01  -7.1670000e-03
   9.3879900e-01  -4.9770200e-01  -1.6196500e-01
   9.3929700e-01  -5.0091600e-01  -1.6227100e-01
   9.3945400e-01  -7.0935900e-01   2.8566000e-02
   9.3956100e-01  -7.0946800e-01   2.1425000e-02
   9.3957100e-01  -4.9829600e-01  -1.5553400e-01
   9.3970100e-01  -7.1611400e-01  -7.1670000e-03
   9.3979000e-01  -6.9684000e-01  -1.4982900e-01
   9.3982400e-01  -4.8271100e-01  -1.4144400e-01
   9.4003200e-01  -5.4655600e-01   5.2699000e-02
   9.4006900e-01  -5.0151300e-01  -1.5582800e-01
   9.4031200e-01  -4.9886600e-01  -1.4909800e-01
   9.4042100e-01  -6.9747800e-01  -1.4273100e-01
   9.4050500e-01  -5.4965600e-01   5.2797000e-02
   9.4081000e-01  -5.0208600e-01  -1.4937900e-01
   9.4106900e-01  -4.9124200e-01  -1.6839000e-01
   9.4122300e-01  -4.8883900e-01  -1.6823100e-01
   9.4151800e-01  -5.8360900e-01   6.0439000e-02
   9.4171300e-01  -7.0843600e-01   1.4296000e-02
   9.4178600e-01  -7.1500600e-01  -7.1730000e-03
   9.4192600e-01  -5.2934600e-01   5.2355000e-02
   9.4215600e-01  -5.6744700e-01   5.9997000e-02
   9.4233500e-01  -7.0907300e-01  -2.1462000e-02
   9.4241200e-01  -7.0915100e-01  -1.4309000e-02
   9.4242600e-01  -5.4043900e-01   5.2650000e-02
   9.4245800e-01  -7.0919800e-01  -7.1540000e-03
   9.4263300e-01  -5.4600000e-01   5.2797000e-02
   9.4273400e-01  -6.8712800e-01   1.4149000e-02
   9.4296600e-01  -5.3551700e-01   5.2551000e-02
   9.4300900e-01  -5.7931600e-01   6.0384000e-02
   9.4337600e-01  -5.7683300e-01   6.0328000e-02
   9.4346900e-01  -4.5792900e-01   3.1718000e-02
   9.4373300e-01  -7.1050200e-01   2.1499000e-02
   9.4387000e-01  -7.1389200e-01  -7.1790000e-03
   9.4399400e-01  -5.3101000e-01   5.9059000e-02
   9.4423200e-01  -5.2857200e-01   5.9004000e-02
   9.4432500e-01  -7.1110700e-01   2.8689000e-02
   9.4435600e-01  -6.9505800e-01   7.1110000e-03
   9.4454000e-01  -5.5573700e-01   5.9776000e-02
   9.4469300e-01  -4.8636500e-01  -1.6854800e-01
   9.4480600e-01  -5.5595900e-01   5.3140000e-02
   9.4511500e-01  -5.6442800e-01   6.0052000e-02
   9.4555800e-01  -5.3494000e-01   5.2650000e-02
   9.4601000e-01  -5.7629900e-01   6.0439000e-02
   9.4611200e-01  -5.8481300e-01   6.7453000e-02
   9.4613800e-01  -5.0050100e-01  -1.6318700e-01
   9.4651200e-01  -7.1009500e-01   2.1536000e-02
   9.4658900e-01  -7.1017400e-01   1.4358000e-02
   9.4663500e-01  -7.1022100e-01  -7.1790000e-03
   9.4678000e-01  -5.4670300e-01   5.2993000e-02
   9.4691700e-01  -5.0109800e-01  -1.5670800e-01
   9.4699100e-01  -7.0090400e-01  -1.2192600e-01
   9.4704500e-01  -7.0417300e-01   2.8640000e-02
   9.4706500e-01  -5.6884300e-01   6.0273000e-02
   9.4715300e-01  -7.0428200e-01   2.1481000e-02
   9.4723000e-01  -7.0436000e-01   1.4321000e-02
   9.4766400e-01  -5.0167000e-01  -1.5022300e-01
   9.4784000e-01  -6.9855200e-01   1.4284000e-02
   9.4788700e-01  -5.7511000e-01   6.0494000e-02
   9.4847800e-01  -4.9176300e-01  -1.6950200e-01
   9.4849000e-01  -5.6453900e-01   6.0218000e-02
   9.4879000e-01  -4.8434100e-01   3.8684000e-02
   9.4920500e-01  -7.1283900e-01   2.8811000e-02
   9.5113500e-01  -5.0147300e-01  -1.6395100e-01
   9.5116800e-01  -4.9636300e-01   4.5472000e-02
   9.5131700e-01  -6.9883100e-01   1.4321000e-02
   9.5141400e-01  -7.0535800e-01   1.4370000e-02
   9.5155200e-01  -5.1038700e-01   4.5772000e-02
   9.5171500e-01  -5.2390900e-01   5.2650000e-02
   9.5173400e-01  -4.6386000e-01   2.5621000e-02
   9.5187100e-01  -4.8919000e-01  -1.4332800e-01
   9.5191900e-01  -5.0207100e-01  -1.5744200e-01
   9.5199400e-01  -5.4554500e-01   5.3189000e-02
   9.5201800e-01  -5.2946500e-01   5.2797000e-02
   9.5217700e-01  -7.1260800e-01   1.4431000e-02
   9.5221000e-01  -5.4843600e-01   5.9942000e-02
   9.5226200e-01  -5.2699600e-01   5.2748000e-02
   9.5226900e-01  -4.8438200e-01  -1.6950200e-01
   9.5264700e-01  -5.6526000e-01   6.0439000e-02
   9.5267100e-01  -5.0264500e-01  -1.5092600e-01
   9.5270400e-01  -7.0343100e-01   2.1554000e-02
   9.5274600e-01  -7.0669800e-01   2.1591000e-02
   9.5280100e-01  -7.1324100e-01   2.1665000e-02
   9.5291100e-01  -4.8740900e-01  -1.6981900e-01
   9.5322000e-01  -6.9437100e-01   2.1462000e-02
   9.5343300e-01  -5.0896000e-01   4.5815000e-02
   9.5345900e-01  -5.5218400e-01   6.0108000e-02
   9.5355700e-01  -5.4410600e-01   5.9887000e-02
   9.5368100e-01  -5.0082100e-01  -1.6425700e-01
   9.5407600e-01  -4.6804500e-01   2.5719000e-02
   9.5446700e-01  -5.0141900e-01  -1.5773500e-01
   9.5461200e-01  -5.4225300e-01   5.9887000e-02
   9.5470500e-01  -6.9904100e-01   2.1536000e-02
   9.5471300e-01  -7.0544500e-01   2.8811000e-02
   9.5483500e-01  -5.6155600e-01   6.0439000e-02
   9.5507300e-01  -4.6375500e-01   2.5695000e-02
   9.5512600e-01  -4.9162300e-01  -1.7045500e-01
   9.5522200e-01  -5.0199200e-01  -1.5120800e-01
   9.5546800e-01  -5.5657400e-01   6.0328000e-02
   9.5599900e-01  -4.8970800e-01  -1.4386700e-01
   9.5615900e-01  -7.1013500e-01   2.8910000e-02
   9.5621700e-01  -5.0018200e-01  -1.6456300e-01
   9.5632600e-01  -5.1958400e-01   5.2748000e-02
   9.5639500e-01  -5.0548400e-01   4.5858000e-02
   9.5690200e-01  -4.9038000e-01  -1.6395100e-01
   9.5690300e-01  -7.1740300e-01   2.9032000e-02
   9.5700600e-01  -5.0077900e-01  -1.5802900e-01
   9.5717900e-01  -4.8546400e-01  -1.7029600e-01
   9.5718600e-01  -4.9832400e-01  -1.6456300e-01
   9.5723300e-01  -5.3629800e-01   5.3189000e-02
   9.5746300e-01  -5.6097400e-01   6.0549000e-02
   9.5753100e-01  -4.9342000e-01  -1.6425700e-01
   9.5769300e-01  -4.9096800e-01  -1.5744200e-01
   9.5776300e-01  -5.0135200e-01  -1.5148900e-01
   9.5797700e-01  -4.9892000e-01  -1.5802900e-01
   9.5800100e-01  -5.3422200e-01   5.9832000e-02
   9.5815200e-01  -4.9646500e-01  -1.6456300e-01
   9.5817000e-01  -5.0423100e-01   4.5901000e-02
   9.5832200e-01  -4.9401100e-01  -1.5773500e-01
   9.5845200e-01  -4.9153300e-01  -1.5092600e-01
   9.5846200e-01  -5.2390200e-01   5.2944000e-02
   9.5869400e-01  -5.5099900e-01   6.0328000e-02
   9.5873500e-01  -4.9949100e-01  -1.5148900e-01
   9.5894300e-01  -4.9705900e-01  -1.5802900e-01
   9.5901300e-01  -5.2699600e-01   5.3042000e-02
   9.5901900e-01  -7.0652600e-01   2.1683000e-02
   9.5903700e-01  -5.3236100e-01   5.9832000e-02
   9.5905400e-01  -4.9455800e-01   3.9200000e-02
   9.5908100e-01  -4.9457900e-01  -1.5120800e-01
   9.5924900e-01  -5.4328400e-01   6.6840000e-02
   9.5951200e-01  -5.4081700e-01   6.6778000e-02
   9.5970300e-01  -4.9762900e-01  -1.5148900e-01
   9.6062300e-01  -7.0493100e-01  -1.5265600e-01
   9.6126700e-01  -5.2080900e-01   5.2993000e-02
   9.6127100e-01  -7.0557600e-01  -1.4542400e-01
   9.6172400e-01  -4.9139100e-01  -1.4467400e-01
   9.6242500e-01  -5.4044100e-01   6.0218000e-02
   9.6287800e-01  -5.0522100e-01   5.2699000e-02
   9.6289200e-01  -4.8711400e-01  -1.7124900e-01
   9.6395900e-01  -5.1997400e-01   5.3091000e-02
   9.6398800e-01  -4.8535500e-01   3.2669000e-02
   9.6403600e-01  -5.1421100e-01   4.6330000e-02
   9.6427600e-01  -5.1730300e-01   5.3042000e-02
   9.6492900e-01  -4.8348200e-01   3.2669000e-02
   9.6506800e-01  -4.9128900e-01  -1.4507800e-01
   9.6579100e-01  -4.9440600e-01  -1.6547900e-01
   9.6658700e-01  -4.9499600e-01   3.9457000e-02
   9.6659000e-01  -4.9499900e-01  -1.5890900e-01
   9.6674200e-01  -4.9252500e-01   3.9421000e-02
   9.6715100e-01  -4.8254100e-01  -1.3813500e-01
   9.6727200e-01  -4.8010200e-01  -1.3800700e-01
   9.6735700e-01  -4.9556800e-01  -1.5233300e-01
   9.6737400e-01  -4.7001500e-01   2.6038000e-02
   9.6748800e-01  -4.7009600e-01   1.9530000e-02
   9.6764800e-01  -5.0098200e-01   4.6202000e-02
   9.6770400e-01  -4.9065200e-01  -1.6547900e-01
   9.6781900e-01  -4.8816000e-01  -1.7204300e-01
   9.6909000e-01  -7.1658700e-01  -1.5445500e-01
   9.6930200e-01  -4.9182800e-01  -1.5905600e-01
   9.6930700e-01  -4.9183100e-01   3.9494000e-02
   9.6968500e-01  -5.0774100e-01   4.6416000e-02
   9.6992900e-01  -4.9487800e-01  -1.6609100e-01
   9.7007200e-01  -4.9239400e-01  -1.5247400e-01
   9.7045100e-01  -5.1620300e-01   5.3287000e-02
   9.7072500e-01  -4.7494100e-01  -1.3146900e-01
   9.7073300e-01  -4.9547100e-01  -1.5949600e-01
   9.7081000e-01  -4.9293600e-01  -1.4588500e-01
   9.7095800e-01  -7.1845400e-01  -1.3248700e-01
   9.7150400e-01  -4.9604100e-01  -1.5289600e-01
   9.7187200e-01  -4.9112900e-01   3.9568000e-02
   9.7224700e-01  -5.1492200e-01   5.3337000e-02
   9.7407700e-01  -4.8502500e-01   3.2945000e-02
   9.7423600e-01  -4.9286000e-01  -1.6654900e-01
   9.7464300e-01  -7.1234500e-01  -1.5471200e-01
   9.7489500e-01  -5.2252900e-01   5.3631000e-02
   9.7492500e-01  -4.7284200e-01   1.9677000e-02
   9.7502800e-01  -4.6783900e-01  -1.2492600e-01
   9.7520400e-01  -5.0138500e-01   4.6502000e-02
   9.7593000e-01  -7.1361600e-01  -1.4004800e-01
   9.7601800e-01  -4.6853500e-01   1.3106000e-02
   9.7614100e-01  -5.1525500e-01   6.0218000e-02
   9.7626300e-01  -5.1005500e-01   4.6717000e-02
   9.7663300e-01  -5.0506700e-01   4.6631000e-02
   9.7663800e-01  -4.8430200e-01   3.3006000e-02
   9.7730600e-01  -4.7708300e-01  -1.3232600e-01
   9.7741800e-01  -5.1356800e-01   5.3533000e-02
   9.7799600e-01  -4.9041900e-01   3.3129000e-02
   9.7918300e-01  -4.9387900e-01  -1.6731300e-01
   9.7938300e-01  -4.6836000e-01   1.3143000e-02
   9.7970300e-01  -4.7622900e-01   2.6382000e-02
   9.7981000e-01  -4.7374900e-01   2.6357000e-02
   9.7983200e-01  -4.8402200e-01   3.9715000e-02
   9.7992500e-01  -4.7383100e-01   1.9769000e-02
   9.7999600e-01  -4.9447200e-01  -1.6067000e-01
   9.8013800e-01  -4.8166800e-01   3.3067000e-02
   9.8027200e-01  -4.8691900e-01  -1.3993400e-01
   9.8033000e-01  -4.6651300e-01   6.5720000e-03
   9.8041000e-01  -4.8443700e-01  -1.3980600e-01
   9.8063000e-01  -4.9754300e-01  -1.6096300e-01
   9.8077600e-01  -4.9504100e-01  -1.5402100e-01
   9.8108300e-01  -4.9009400e-01  -1.6731300e-01
   9.8132900e-01  -4.6214500e-01   0.0000000e+00
   9.8141000e-01  -4.9811400e-01  -1.5430200e-01
   9.8152300e-01  -4.9558600e-01  -1.4736600e-01
   9.8173900e-01  -4.9313800e-01  -1.6761900e-01
   9.8180200e-01  -5.0364400e-01   4.6803000e-02
   9.8211100e-01  -4.7537400e-01   3.3037000e-02
   9.8215800e-01  -4.9866100e-01  -1.4763500e-01
   9.8222400e-01  -4.6023900e-01   0.0000000e+00
   9.8247900e-01  -4.7307700e-01   1.9806000e-02
   9.8266600e-01  -4.9381100e-01   3.9973000e-02
   9.8277800e-01  -5.0173700e-01   4.6803000e-02
   9.8287700e-01  -4.6574900e-01   6.5840000e-03
   9.8308800e-01  -4.7862800e-01  -1.3306000e-01
   9.8320500e-01  -4.7614600e-01  -1.3293800e-01
   9.8332000e-01  -4.9689600e-01   4.0046000e-02
   9.8363600e-01  -4.8934300e-01  -1.6761900e-01
   9.8421500e-01  -4.7174200e-01   1.9824000e-02
   9.8447000e-01  -4.6685500e-01   1.3192000e-02
   9.8474900e-01  -4.5945100e-01  -6.5780000e-03
   9.8481300e-01  -4.5697400e-01  -6.5720000e-03
   9.8542500e-01  -4.6497700e-01   6.5960000e-03
   9.8619000e-01  -4.8858500e-01  -1.6792400e-01
   9.8651200e-01  -4.7335000e-01  -1.2643800e-01
   9.8726400e-01  -4.6370900e-01  -1.1266000e-01
   9.8732000e-01  -4.6883400e-01  -1.1959100e-01
   9.8741100e-01  -4.6635100e-01  -1.1948100e-01
   9.8766000e-01  -4.9485300e-01   4.0157000e-02
   9.8766300e-01  -4.7162500e-01   1.3253000e-02
   9.8808000e-01  -4.8475200e-01  -1.6792400e-01
   9.8848700e-01  -4.5948300e-01  -9.9262000e-02
   9.8852500e-01  -4.8248200e-01   3.3313000e-02
   9.8854600e-01  -4.9027600e-01   4.6803000e-02
   9.8874500e-01  -4.8781800e-01  -1.6823000e-01
   9.8890600e-01  -4.7759500e-01   2.6603000e-02
   9.8899900e-01  -4.7766100e-01  -1.3367200e-01
   9.8939300e-01  -5.0396000e-01   4.7103000e-02
   9.8943000e-01  -4.9351800e-01   4.0193000e-02
   9.8961100e-01  -4.6025000e-01  -1.0605500e-01
   9.8962000e-01  -4.6533200e-01   6.6210000e-03
   9.8971400e-01  -4.6285500e-01   0.0000000e+00
   9.8986400e-01  -4.5789400e-01  -9.2661000e-02
   9.9004000e-01  -4.7328300e-01   1.9934000e-02
   9.9030900e-01  -4.6835500e-01   1.3266000e-02
   9.9035700e-01  -4.6329700e-01  -1.0625100e-01
   9.9063200e-01  -4.8397500e-01  -1.6823000e-01
   9.9148700e-01  -4.5899700e-01  -6.6140000e-03
   9.9203100e-01  -4.5683700e-01  -8.6137000e-02
   9.9207100e-01  -4.5434000e-01  -7.2772000e-02
   9.9226500e-01  -4.8513200e-01  -1.6169700e-01
   9.9240800e-01  -4.6725200e-01  -1.2003200e-01
   9.9251100e-01  -4.5463700e-01  -7.9450000e-02
   9.9295900e-01  -5.0128800e-01  -1.6287100e-01
   9.9322600e-01  -4.5764700e-01  -9.2918000e-02
   9.9328700e-01  -4.8845700e-01   3.3528000e-02
   9.9375100e-01  -5.0186300e-01  -1.5613100e-01
   9.9382000e-01  -4.6567100e-01   6.6450000e-03
   9.9390400e-01  -4.6572900e-01  -1.1338800e-01
   9.9425800e-01  -4.9175800e-01  -1.4186200e-01
   9.9450900e-01  -5.0241400e-01  -1.4938500e-01
   9.9474000e-01  -4.6375200e-01   0.0000000e+00
   9.9556400e-01  -4.7968700e-01   2.6774000e-02
   9.9567500e-01  -4.7463500e-01  -1.2748500e-01
   9.9596500e-01  -4.6204200e-01  -9.9997000e-02
   9.9598200e-01  -4.7227800e-01   2.0027000e-02
   9.9615600e-01  -4.9049900e-01  -1.6257700e-01
   9.9638100e-01  -4.7770400e-01  -1.2771800e-01
   9.9698200e-01  -4.7040100e-01   1.3351000e-02
   9.9704800e-01  -4.5769700e-01  -8.6535000e-02
   9.9826200e-01  -4.9724800e-01  -1.6331100e-01
   9.9827700e-01  -4.5598900e-01  -6.6533000e-02
   9.9834800e-01  -4.7649200e-01   2.0100000e-02
   9.9859900e-01  -4.5620600e-01  -5.9887000e-02
   9.9888700e-01  -4.5639900e-01  -5.3238000e-02
   9.9894600e-01  -4.6406900e-01   0.0000000e+00
   9.9905900e-01  -4.9782000e-01  -1.5655300e-01
   9.9906900e-01  -4.5906000e-01  -9.3433000e-02
   9.9933300e-01  -4.6178300e-01  -1.0027300e-01
   9.9982300e-01  -4.9836800e-01  -1.4978800e-01
   9.9989000e-01  -4.8792300e-01   4.0451000e-02
   1.0004060e+00  -4.5741900e-01  -7.3379000e-02
   1.0004780e+00  -4.8833900e-01  -1.6301800e-01
   1.0008350e+00  -4.9645900e-01  -1.6360400e-01
   1.0009850e+00  -4.9393600e-01  -1.5655300e-01
   1.0011320e+00  -5.0459900e-01  -1.6419100e-01
   1.0012820e+00  -4.5549800e-01  -7.3379000e-02
   1.0014840e+00  -4.6323900e-01  -6.6820000e-03
   1.0016290e+00  -4.5824100e-01  -4.6717000e-02
   1.0016350e+00  -4.9703000e-01  -1.5683400e-01
   1.0016390e+00  -4.5573700e-01  -6.6717000e-02
   1.0016710e+00  -4.5826900e-01  -8.0185000e-02
   1.0017510e+00  -4.9448100e-01  -1.4978800e-01
   1.0018500e+00  -4.5838900e-01  -4.0046000e-02
   1.0019320e+00  -5.0517800e-01  -1.5739700e-01
   1.0019620e+00  -4.5595300e-01  -6.0052000e-02
   1.0020240e+00  -4.6616300e-01  -1.0742700e-01
   1.0020730e+00  -4.5853900e-01  -8.6934000e-02
   1.0021100e+00  -5.0265400e-01  -1.6419100e-01
   1.0022520e+00  -4.5614600e-01  -5.3386000e-02
   1.0022840e+00  -4.6634000e-01  -1.1422100e-01
   1.0024010e+00  -4.9757800e-01  -1.5005700e-01
   1.0024830e+00  -4.9500200e-01  -1.4301800e-01
   1.0026970e+00  -5.0573200e-01  -1.5059600e-01
   1.0029110e+00  -5.0323100e-01  -1.5739700e-01
   1.0029810e+00  -4.6938000e-01   6.7070000e-03
   1.0030200e+00  -4.6940700e-01  -1.1443000e-01
   1.0030630e+00  -4.6687000e-01   6.7000000e-03
   1.0033380e+00  -4.5687200e-01  -4.6760000e-02
   1.0036770e+00  -5.0378400e-01  -1.5059600e-01
   1.0038640e+00  -4.8292100e-01   2.6995000e-02
   1.0040550e+00  -4.7527200e-01  -1.2841600e-01
   1.0043560e+00  -4.6262500e-01  -1.0073200e-01
   1.0043900e+00  -4.5757600e-01  -4.0120000e-02
   1.0045750e+00  -4.6533200e-01  -1.0762300e-01
   1.0056410e+00  -4.6605400e-01   0.0000000e+00
   1.0059560e+00  -4.7658100e-01   2.0229000e-02
   1.0066940e+00  -4.5911700e-01  -8.0553000e-02
   1.0067890e+00  -4.9542700e-01  -1.5739700e-01
   1.0069990e+00  -4.8769300e-01  -1.3624300e-01
   1.0071060e+00  -4.7219700e-01  -1.5599000e-01
   1.0072480e+00  -4.7487900e-01  -1.2190600e-01
   1.0075600e+00  -4.9597300e-01  -1.5059600e-01
   1.0079010e+00  -4.5992400e-01  -3.3558000e-02
   1.0079330e+00  -4.8575800e-01  -1.3624300e-01
   1.0080320e+00  -4.8061000e-01  -1.2911400e-01
   1.0082960e+00  -4.9649600e-01  -1.4378900e-01
   1.0092120e+00  -4.5824600e-01  -4.7017000e-02
   1.0098430e+00  -4.6632500e-01  -6.7370000e-03
   1.0098840e+00  -4.6378400e-01  -9.4463000e-02
   1.0104270e+00  -4.6671900e-01  -1.0821100e-01
   1.0107270e+00  -4.8508700e-01  -1.5725600e-01
   1.0110880e+00  -4.7751200e-01   1.3548000e-02
   1.0113690e+00  -4.8553200e-01   2.7192000e-02
   1.0115180e+00  -4.6745500e-01   0.0000000e+00
   1.0116600e+00  -4.5987700e-01  -6.7391000e-02
   1.0118660e+00  -4.6511500e-01  -1.0146700e-01
   1.0119870e+00  -4.6009400e-01  -6.0660000e-02
   1.0120130e+00  -4.7554800e-01   1.3548000e-02
   1.0120660e+00  -4.6271000e-01  -8.7810000e-02
   1.0121300e+00  -4.6018900e-01  -7.4188000e-02
   1.0122460e+00  -4.7052700e-01  -1.1536700e-01
   1.0122800e+00  -4.6028900e-01  -5.3925000e-02
   1.0123550e+00  -4.6544400e-01  -1.3499000e-02
   1.0127620e+00  -4.6061000e-01  -4.0451000e-02
   1.0130760e+00  -4.7108900e-01   6.7680000e-03
   1.0132370e+00  -4.6603600e-01  -6.7560000e-03
   1.0134190e+00  -4.8172000e-01  -1.5739700e-01
   1.0137830e+00  -4.6129000e-01  -3.3742000e-02
   1.0140780e+00  -4.6405600e-01  -1.3511000e-02
   1.0142150e+00  -4.5901500e-01  -6.7514000e-02
   1.0145430e+00  -4.5923200e-01  -6.0770000e-02
   1.0150540e+00  -4.6213600e-01  -8.1215000e-02
   1.0154330e+00  -4.5726100e-01  -6.0770000e-02
   1.0154510e+00  -4.6240100e-01  -8.8049000e-02
   1.0155160e+00  -4.5987700e-01  -7.4391000e-02
   1.0155550e+00  -4.7796700e-01  -1.2289800e-01
   1.0156690e+00  -4.5997900e-01  -5.4073000e-02
   1.0157270e+00  -4.5745600e-01  -5.4024000e-02
   1.0159280e+00  -4.6015100e-01  -4.7318000e-02
   1.0159370e+00  -4.5759500e-01  -6.7575000e-02
   1.0159860e+00  -4.5762700e-01  -4.7275000e-02
   1.0161420e+00  -4.9409400e-01  -1.6551200e-01
   1.0161530e+00  -4.6030000e-01  -4.0562000e-02
   1.0163430e+00  -4.6042600e-01  -3.3804000e-02
   1.0170450e+00  -4.5832600e-01  -4.0562000e-02
   1.0170930e+00  -4.9214500e-01  -1.5852200e-01
   1.0173980e+00  -4.6627600e-01  -9.5149000e-02
   1.0177370e+00  -4.9521000e-01  -1.5180700e-01
   1.0178730e+00  -4.9268900e-01  -1.5167200e-01
   1.0181060e+00  -4.7189700e-01  -1.1599200e-01
   1.0181250e+00  -4.7711200e-01  -1.2311800e-01
   1.0184430e+00  -4.6181800e-01  -8.1436000e-02
   1.0184830e+00  -4.9573300e-01  -1.4494600e-01
   1.0185510e+00  -4.6704700e-01  -1.0211100e-01
   1.0186200e+00  -4.9320900e-01  -1.4481700e-01
   1.0200870e+00  -7.7101400e-01  -1.4042300e-01
   1.0204200e+00  -4.7086000e-01  -1.0928900e-01
   1.0207890e+00  -4.6595600e-01  -9.5407000e-02
   1.0213580e+00  -4.8455500e-01  -1.3074200e-01
   1.0214060e+00  -4.6120600e-01  -3.3957000e-02
   1.0216360e+00  -4.6652000e-01  -1.3609000e-02
   1.0230680e+00  -4.9100700e-01  -1.5922500e-01
   1.0239000e+00  -4.6285300e-01  -7.4998000e-02
   1.0247350e+00  -5.0546100e-01  -1.6035000e-01
   1.0255210e+00  -5.0601600e-01  -1.5342200e-01
   1.0257010e+00  -5.0346100e-01  -1.6741900e-01
   1.0262730e+00  -5.0654700e-01  -1.4648800e-01
   1.0262850e+00  -4.7221900e-01  -1.0987700e-01
   1.0263160e+00  -4.6704000e-01  -8.9005000e-02
   1.0266000e+00  -4.8815000e-01  -1.5950600e-01
   1.0266900e+00  -5.0147800e-01  -1.6035000e-01
   1.0269150e+00  -4.7003600e-01  -1.0293800e-01
   1.0273120e+00  -5.0459400e-01  -1.5355700e-01
   1.0274300e+00  -4.7298500e-01  -6.8540000e-03
   1.0276590e+00  -4.6533600e-01  -8.2172000e-02
   1.0276650e+00  -4.6275000e-01  -6.8373000e-02
   1.0279980e+00  -4.6296900e-01  -6.1543000e-02
   1.0280660e+00  -5.0512300e-01  -1.4661600e-01
   1.0282960e+00  -4.6316500e-01  -5.4710000e-02
   1.0287440e+00  -4.9493200e-01  -1.5315300e-01
   1.0289650e+00  -4.6360500e-01  -7.5335000e-02
   1.0291650e+00  -4.6892900e-01  -9.6179000e-02
   1.0294850e+00  -4.6914200e-01  -1.0312200e-01
   1.0295000e+00  -4.9545400e-01  -1.4623100e-01
   1.0297160e+00  -4.6669400e-01  -8.9244000e-02
   1.0297530e+00  -4.7712800e-01  -1.1734500e-01
   1.0297640e+00  -5.0631700e-01  -1.6105400e-01
   1.0298580e+00  -4.7719800e-01   0.0000000e+00
   1.0302200e+00  -4.9595200e-01  -1.3930300e-01
   1.0305700e+00  -4.8030300e-01   6.8910000e-03
   1.0318980e+00  -4.6553400e-01  -4.8048000e-02
   1.0325680e+00  -4.6857700e-01  -9.6436000e-02
   1.0327270e+00  -4.6607900e-01  -8.2539000e-02
   1.0337970e+00  -4.6678300e-01  -4.1261000e-02
   1.0342060e+00  -4.7227200e-01  -1.3781000e-02
   1.0360770e+00  -4.6567500e-01  -6.8925000e-02
   1.0362320e+00  -4.9742900e-01  -1.5422900e-01
   1.0364130e+00  -4.6589500e-01  -6.2039000e-02
   1.0364510e+00  -4.6852800e-01  -8.9802000e-02
   1.0369940e+00  -4.9795400e-01  -1.4725900e-01
   1.0373750e+00  -4.6652500e-01  -7.5942000e-02
   1.0377210e+00  -4.9845400e-01  -1.4028300e-01
   1.0383850e+00  -4.6718700e-01  -5.5250000e-02
   1.0391660e+00  -4.7819500e-01  -6.9340000e-03
   1.0394710e+00  -4.6789700e-01  -8.3054000e-02
   1.0406720e+00  -4.7130400e-01  -3.4632000e-02
   1.0407470e+00  -4.8189100e-01   0.0000000e+00
   1.0425260e+00  -4.9103300e-01  -1.5463300e-01
   1.0445020e+00  -4.7119200e-01  -4.8649000e-02
   1.0445040e+00  -4.6856900e-01  -6.9476000e-02
   1.0448430e+00  -4.6879000e-01  -6.2536000e-02
   1.0449650e+00  -4.6887000e-01  -7.6481000e-02
   1.0456800e+00  -4.9585100e-01  -1.6246000e-01
   1.0459840e+00  -4.6953400e-01  -5.5643000e-02
   1.0497500e+00  -4.7462900e-01  -4.1923000e-02
   1.0529470e+00  -4.7407400e-01  -4.9035000e-02
   1.0532920e+00  -4.7694800e-01  -3.5061000e-02
   1.0545340e+00  -4.8842900e-01  -1.1311200e-01
   1.0592070e+00  -5.0777600e-01  -1.3597600e-01
   1.0607150e+00  -4.7913900e-01  -4.2365000e-02
   1.0618220e+00  -4.8789600e-01  -1.4174000e-02
   1.0717610e+00  -4.9717700e-01  -7.1670000e-03
   1.0811480e+00  -4.9792000e-01  -1.4444000e-02
   1.0819030e+00  -5.0115700e-01  -7.2340000e-03
   1.0820390e+00  -4.9850600e-01  -7.2280000e-03
   1.0835210e+00  -4.9401000e-01  -3.6135000e-02
   1.0837850e+00  -4.9691500e-01  -1.4468000e-02
   1.0838410e+00  -4.9695200e-01  -7.2340000e-03
   1.0857070e+00  -4.9270300e-01  -1.4468000e-02
   1.0857630e+00  -4.9273900e-01  -7.2340000e-03
   1.0857810e+00  -4.9275100e-01   0.0000000e+00
   1.0859760e+00  -4.8746000e-01  -7.2220000e-03
   1.0859940e+00  -4.8747200e-01   0.0000000e+00
   1.0863850e+00  -5.3761900e-01  -1.6284300e-01
   1.0872610e+00  -4.9644900e-01  -1.4505000e-02
   1.0873830e+00  -4.9379100e-01  -5.0753000e-02
   1.0876260e+00  -4.9394900e-01  -4.3506000e-02
   1.0878640e+00  -5.3016100e-01  -1.6257400e-01
   1.0886680e+00  -5.3071200e-01  -1.5522600e-01
   1.0887410e+00  -5.0291400e-01   0.0000000e+00
   1.0891700e+00  -4.9224600e-01  -1.4505000e-02
   1.0892260e+00  -4.9228300e-01  -7.2530000e-03
   1.0894350e+00  -5.3123800e-01  -1.4787200e-01
   1.0898300e+00  -4.9812400e-01  -7.2710000e-03
   1.0899140e+00  -5.2593200e-01  -1.6257400e-01
   1.0905340e+00  -5.0133400e-01   7.2830000e-03
   1.0905520e+00  -5.0134700e-01   0.0000000e+00
   1.0914890e+00  -5.2700300e-01  -1.4787200e-01
   1.0920230e+00  -4.9680400e-01  -3.6411000e-02
   1.0922210e+00  -5.2750100e-01  -1.4051300e-01
   1.0933490e+00  -4.7318500e-01  -7.2280000e-03
   1.0933490e+00  -4.7318500e-01   7.2280000e-03
   1.0933680e+00  -4.7319700e-01   0.0000000e+00
   1.0940370e+00  -5.0086700e-01   0.0000000e+00
   1.0940410e+00  -4.7902700e-01  -7.2460000e-03
   1.0940410e+00  -4.7902700e-01   7.2460000e-03
   1.0940600e+00  -4.7903900e-01   0.0000000e+00
   1.0942830e+00  -4.9555200e-01   0.0000000e+00
   1.0947040e+00  -4.8488100e-01  -7.2650000e-03
   1.0947230e+00  -4.8489300e-01   0.0000000e+00
   1.0953390e+00  -4.9074700e-01  -7.2830000e-03
   1.0956440e+00  -4.8275400e-01  -7.2650000e-03
   1.0956440e+00  -4.8275400e-01   7.2650000e-03
   1.0956630e+00  -4.8276600e-01   0.0000000e+00
   1.0957290e+00  -4.9099800e-01  -3.6442000e-02
   1.0966680e+00  -5.2769800e-01  -1.5599700e-01
   1.0971320e+00  -4.8915800e-01  -7.2890000e-03
   1.0971710e+00  -4.9742000e-01  -3.6564000e-02
   1.0972360e+00  -4.8649000e-01   7.2830000e-03
   1.0975100e+00  -4.7849600e-01  -7.2650000e-03
   1.0975290e+00  -4.7850800e-01   0.0000000e+00
   1.0979940e+00  -4.8970800e-01   0.0000000e+00
   1.0987110e+00  -5.3475300e-01  -1.6418800e-01
   1.0987570e+00  -4.5775300e-01  -1.4444000e-02
   1.0988140e+00  -4.5778700e-01  -7.2220000e-03
   1.0988330e+00  -4.5779900e-01   0.0000000e+00
   1.0993600e+00  -4.7423000e-01  -7.2650000e-03
   1.0993600e+00  -4.7423000e-01   7.2650000e-03
   1.0993790e+00  -4.7424200e-01   0.0000000e+00
   1.0998160e+00  -4.9637100e-01  -3.6626000e-02
   1.1000510e+00  -4.8009100e-01   7.2830000e-03
   1.1002220e+00  -4.7206000e-01  -1.4530000e-02
   1.1002790e+00  -4.7209500e-01  -7.2650000e-03
   1.1002980e+00  -4.7210700e-01   0.0000000e+00
   1.1002990e+00  -5.3583800e-01  -1.4934100e-01
   1.1003320e+00  -4.6676100e-01  -1.4505000e-02
   1.1003890e+00  -4.6679600e-01  -7.2530000e-03
   1.1004080e+00  -4.6680800e-01   0.0000000e+00
   1.1005040e+00  -4.9131000e-01   7.3140000e-03
   1.1005270e+00  -4.7767000e-01  -3.6411000e-02
   1.1021370e+00  -4.6248500e-01  -1.4505000e-02
   1.1021940e+00  -4.6251900e-01  -7.2530000e-03
   1.1022130e+00  -4.6253100e-01   0.0000000e+00
   1.1023730e+00  -4.7339200e-01  -3.6411000e-02
   1.1025440e+00  -4.7349800e-01  -2.9130000e-02
   1.1031500e+00  -4.7658800e-01  -3.6472000e-02
   1.1031980e+00  -5.2928200e-01  -1.3425100e-01
   1.1037760e+00  -4.9615600e-01   0.0000000e+00
   1.1044980e+00  -4.6931900e-01  -2.1849000e-02
   1.1045310e+00  -4.7204600e-01  -1.4579000e-02
   1.1045880e+00  -4.7208100e-01  -7.2890000e-03
   1.1046070e+00  -4.7209300e-01   0.0000000e+00
   1.1046850e+00  -4.5866000e-01  -2.1775000e-02
   1.1047810e+00  -4.5871800e-01  -1.4517000e-02
   1.1048380e+00  -4.5875200e-01  -7.2590000e-03
   1.1052190e+00  -4.9156400e-01  -3.6718000e-02
   1.1063550e+00  -4.6775300e-01  -1.4579000e-02
   1.1064130e+00  -4.6778800e-01  -7.2890000e-03
   1.1064320e+00  -4.6780000e-01   0.0000000e+00
   1.1072170e+00  -4.8458700e-01  -3.6687000e-02
   1.1081450e+00  -4.5805900e-01  -2.1830000e-02
   1.1082410e+00  -4.5811700e-01  -1.4554000e-02
   1.1082980e+00  -4.5815100e-01  -7.2770000e-03
   1.1088190e+00  -4.6926000e-01  -2.1922000e-02
   1.1088740e+00  -4.6658600e-01  -2.1904000e-02
   1.1095500e+00  -4.9155500e-01  -3.6840000e-02
   1.1101600e+00  -4.9747400e-01  -3.6932000e-02
   1.1103280e+00  -4.7289900e-01  -2.9302000e-02
   1.1105020e+00  -4.8940000e-01  -3.6840000e-02
   1.1106330e+00  -4.6495000e-01  -2.1922000e-02
   1.1130100e+00  -4.6910300e-01  -2.9327000e-02
   1.1134870e+00  -5.2201500e-01  -1.1231300e-01
   1.1137660e+00  -8.8438500e-01  -1.3023500e-01
   1.1162150e+00  -4.7925200e-01  -2.9499000e-02
   1.1197730e+00  -4.7595600e-01  -2.9548000e-02
   1.1265670e+00  -5.3928600e-01  -1.2942300e-01
   1.1475690e+00  -5.6216900e-01  -1.5607400e-01
   1.1985910e+00  -5.8745400e-01  -1.4670600e-01
   2.8635710e+00  -1.6854570e+00   0.0000000e+00
   2.8661200e+00  -1.6948940e+00   0.0000000e+00
   2.9218570e+00  -1.6231840e+00  -2.0505700e-01
   2.9227280e+00  -1.6237310e+00  -1.2297300e-01
   2.9228690e+00  -1.6238190e+00  -1.8457300e-01
   2.9264690e+00  -1.6337500e+00  -1.8501400e-01
   2.9275710e+00  -1.6191120e+00  -1.2304700e-01
   2.9281760e+00  -1.6348260e+00  -1.4392900e-01
   2.9283890e+00  -1.6196230e+00  -2.0530200e-01
   2.9288700e+00  -1.6352630e+00  -1.2337800e-01
   2.9294040e+00  -1.6202570e+00  -1.8479400e-01
   2.9295650e+00  -1.6050850e+00  -2.0493400e-01
   2.9298330e+00  -1.6128790e+00  -2.0517900e-01
   2.9303120e+00  -1.6208240e+00  -1.6427900e-01
   2.9305810e+00  -1.6057140e+00  -1.8446300e-01
   2.9308490e+00  -1.6135110e+00  -1.8468300e-01
   2.9311130e+00  -1.6213250e+00  -1.4375700e-01
   2.9311660e+00  -1.5833720e+00  -2.0438200e-01
   2.9321830e+00  -1.5839930e+00  -1.8396600e-01
   2.9322360e+00  -1.6296960e+00  -1.6457300e-01
   2.9330380e+00  -1.6301990e+00  -1.4401500e-01
   2.9330920e+00  -1.5845490e+00  -1.6354300e-01
   2.9367900e+00  -1.6479720e+00  -1.8589800e-01
   2.9377380e+00  -1.6026020e+00  -2.0530200e-01
   2.9387570e+00  -1.6032300e+00  -1.8479400e-01
   2.9396690e+00  -1.6037920e+00  -1.6427900e-01
   2.9399940e+00  -1.5963720e+00  -2.0524100e-01
   2.9402330e+00  -1.6501510e+00  -1.6540700e-01
   2.9410360e+00  -1.6506600e+00  -1.4474500e-01
   2.9417330e+00  -1.6511010e+00  -1.2407700e-01
   2.9425860e+00  -1.6439060e+00  -1.6535800e-01
   2.9433770e+00  -1.6136400e+00  -1.6467100e-01
   2.9441830e+00  -1.6141390e+00  -1.4410100e-01
   2.9448800e+00  -1.6145710e+00  -1.2352500e-01
   2.9461710e+00  -1.5849430e+00  -2.0524100e-01
   2.9462950e+00  -1.6617500e+00  -1.6594700e-01
   2.9471010e+00  -1.6622620e+00  -1.4521700e-01
   2.9471930e+00  -1.5855650e+00  -1.8473800e-01
   2.9477990e+00  -1.6627060e+00  -1.2448200e-01
   2.9481080e+00  -1.5861220e+00  -1.6423000e-01
   2.9495680e+00  -1.6251550e+00  -1.6521100e-01
   2.9503750e+00  -1.6256570e+00  -1.4457300e-01
   2.9510740e+00  -1.6260920e+00  -1.2393000e-01
   2.9531660e+00  -1.6739170e+00  -1.6653600e-01
   2.9539730e+00  -1.6744320e+00  -1.4573200e-01
   2.9546730e+00  -1.6748790e+00  -1.2492400e-01
   2.9552180e+00  -1.5828410e+00  -2.0567000e-01
   2.9557630e+00  -1.6834000e+00  -1.4599000e-01
   2.9562440e+00  -1.5834620e+00  -1.8512500e-01
   2.9564630e+00  -1.6838490e+00  -1.2514500e-01
   2.9580150e+00  -1.5845360e+00  -1.6462200e-01
   2.9588250e+00  -1.5850270e+00  -1.4405800e-01
   2.9591560e+00  -1.5928470e+00  -1.4423000e-01
   2.9598580e+00  -1.5932740e+00  -1.2363500e-01
   2.9611720e+00  -1.6017160e+00  -1.4448700e-01
   2.9618740e+00  -1.6021460e+00  -1.2385600e-01
   2.9620480e+00  -1.5468970e+00  -1.8446300e-01
   2.9629680e+00  -1.5474420e+00  -1.6398400e-01
   2.9635870e+00  -1.5802980e+00  -1.8540100e-01
   2.9637800e+00  -1.5479230e+00  -1.4350000e-01
   2.9648380e+00  -1.6116270e+00  -1.8628400e-01
   2.9657580e+00  -1.6121920e+00  -1.6560300e-01
   2.9665700e+00  -1.6126910e+00  -1.4491700e-01
   2.9672740e+00  -1.6131230e+00  -1.2422400e-01
   2.9736380e+00  -1.6247410e+00  -1.4543200e-01
   2.9743430e+00  -1.6251760e+00  -1.2466600e-01
   2.9749400e+00  -1.6255440e+00  -1.0389600e-01
   2.9791020e+00  -1.5569940e+00  -1.2363500e-01
   2.9812530e+00  -1.5423780e+00  -1.8529000e-01
   2.9821790e+00  -1.5429210e+00  -1.6472000e-01
   2.9829820e+00  -1.5843520e+00  -1.6570200e-01
   2.9829970e+00  -1.5434010e+00  -1.4414400e-01
   2.9837050e+00  -1.5438160e+00  -1.2356200e-01
   2.9837990e+00  -1.5848430e+00  -1.4500200e-01
   2.9894390e+00  -1.6035800e+00  -1.2477600e-01
   2.9931340e+00  -1.5342270e+00  -1.2370900e-01
   2.9950140e+00  -1.5353200e+00  -1.4444400e-01
   2.9961490e+00  -1.5999460e+00  -1.6663400e-01
   2.9963490e+00  -1.5588260e+00  -1.4496000e-01
   2.9969690e+00  -1.6004410e+00  -1.4581800e-01
   2.9970610e+00  -1.5592450e+00  -1.2426100e-01
   2.9976810e+00  -1.6008700e+00  -1.2499700e-01
   2.9995400e+00  -1.5154280e+00  -1.4423000e-01
   3.0013600e+00  -1.4939940e+00  -1.4388600e-01
   3.0020740e+00  -1.4943970e+00  -1.2334100e-01
   3.0023230e+00  -1.5095130e+00  -1.2359900e-01
   3.0042640e+00  -1.5255860e+00  -1.2393000e-01
   3.0045340e+00  -1.5032750e+00  -1.4418700e-01
   3.0052480e+00  -1.5036810e+00  -1.2359900e-01
   3.0077830e+00  -1.4901500e+00  -1.6467100e-01
   3.0086080e+00  -1.4906150e+00  -1.4410100e-01
   3.0151750e+00  -1.5546500e+00  -1.2477600e-01
   3.0186440e+00  -1.5263870e+00  -1.6594700e-01
   3.0201900e+00  -1.5272740e+00  -1.2448200e-01
   3.0254800e+00  -1.4926120e+00  -1.6550500e-01
   3.0263100e+00  -1.4930780e+00  -1.4483100e-01
   3.0270300e+00  -1.4934820e+00  -1.2415100e-01
   3.0309490e+00  -1.4881730e+00  -1.4491700e-01
   3.0367620e+00  -1.6166600e+00  -1.2654300e-01
