1.129269,-0.539630,0.053243
1.129522,-0.539798,0.045641
1.129735,-0.539941,0.038037
1.129132,-0.542205,0.053286
1.129384,-0.542374,0.045678
1.129598,-0.542517,0.038067
1.120827,-0.540426,0.060500
1.121116,-0.540620,0.052943
1.121366,-0.540789,0.045383
1.124893,-0.543165,0.037945
1.119484,-0.542307,0.068056
1.118984,-0.541968,0.060451
1.120099,-0.542722,0.052943
1.120349,-0.542892,0.045383
1.126356,-0.546955,0.038037
1.120883,-0.546211,0.068221
1.121210,-0.546433,0.060648
1.119846,-0.545507,0.052986
1.121749,-0.546799,0.045494
1.122787,-0.547505,0.037945
1.124615,-0.548746,0.030407
1.116241,-0.545717,0.075547
1.116605,-0.545965,0.068001
1.117755,-0.546750,0.060500
1.117217,-0.546383,0.052900
1.116641,-0.545990,0.045310
1.118503,-0.547260,0.037822
1.118676,-0.547378,0.030259
1.117746,-0.549380,0.075731
1.116462,-0.548502,0.068056
1.114315,-0.547032,0.060353
1.117075,-0.548921,0.052943
1.114850,-0.547398,0.045273
1.115060,-0.547542,0.037730
1.124165,-0.556466,0.076283
1.115479,-0.550498,0.068056
1.115804,-0.550721,0.060500
1.116091,-0.550919,0.052943
1.115516,-0.550524,0.045346
1.115726,-0.550668,0.037791
1.117546,-0.551918,0.030284
1.120715,-0.556752,0.076099
1.119436,-0.555870,0.068387
1.119762,-0.556095,0.060795
1.115116,-0.552890,0.052943
1.114541,-0.552494,0.045346
1.113928,-0.552071,0.037761
1.114923,-0.552757,0.030235
1.115880,-0.553417,0.022695
1.112630,-0.554176,0.083158
1.113031,-0.554453,0.075608
1.113393,-0.554704,0.068056
1.116181,-0.556635,0.060648
1.116467,-0.556834,0.053072
1.116716,-0.557006,0.045494
1.116105,-0.556583,0.037883
1.116277,-0.556702,0.030308
1.116410,-0.556794,0.022732
1.111935,-0.557517,0.098408
1.112411,-0.557849,0.090852
1.108756,-0.555304,0.082956
1.109974,-0.556152,0.075486
1.110335,-0.556403,0.067945
1.110658,-0.556628,0.060402
1.110124,-0.556256,0.052814
1.111190,-0.556999,0.045310
1.110579,-0.556573,0.037730
1.111571,-0.557264,0.030210
1.111704,-0.557356,0.022659
1.109777,-0.558696,0.090705
1.105308,-0.555571,0.082754
1.105705,-0.555849,0.075241
1.110975,-0.559533,0.068056
1.106386,-0.556325,0.060206
1.106670,-0.556524,0.052685
1.109373,-0.558413,0.045273
1.107944,-0.557414,0.037669
1.108114,-0.557533,0.030137
1.109885,-0.558771,0.022640
1.115999,-0.566080,0.091367
1.116439,-0.566388,0.083765
1.116840,-0.566670,0.076160
1.117204,-0.566925,0.068552
1.117529,-0.567154,0.060942
1.115363,-0.565633,0.053201
1.113157,-0.564084,0.045494
1.111731,-0.563083,0.037853
1.113538,-0.564352,0.030333
1.116126,-0.566169,0.022806
1.110446,-0.564843,0.098567
1.106030,-0.561731,0.090558
1.106465,-0.562038,0.083023
1.110942,-0.565193,0.075792
1.112119,-0.566023,0.068277
1.111626,-0.565675,0.060648
1.113545,-0.567027,0.053158
1.113792,-0.567202,0.045567
1.105832,-0.561592,0.037669
1.106002,-0.561711,0.030137
1.115941,-0.568716,0.022824
1.111875,-0.568556,0.098806
1.112351,-0.568893,0.091220
1.102200,-0.561712,0.082754
1.109114,-0.566603,0.075731
1.109475,-0.566858,0.068166
1.108982,-0.566509,0.060550
1.109266,-0.566711,0.052986
1.109513,-0.566885,0.045420
1.109721,-0.567033,0.037853
1.109892,-0.567153,0.030284
1.114922,-0.570712,0.022824
1.098982,-0.562080,0.105188
1.099490,-0.562440,0.097691
1.099960,-0.562774,0.090190
1.101206,-0.563658,0.082754
1.105670,-0.566829,0.075547
1.106843,-0.567662,0.068056
1.107165,-0.567890,0.060500
1.107448,-0.568092,0.052943
1.106880,-0.567688,0.045346
1.112792,-0.571886,0.038006
1.103997,-0.565641,0.030137
1.113912,-0.572681,0.022824
1.114007,-0.572749,0.015217
1.104281,-0.569726,0.113508
1.099153,-0.566065,0.105359
1.102095,-0.568165,0.098089
1.102566,-0.568501,0.090558
1.103811,-0.569390,0.083091
1.103395,-0.569093,0.075486
1.103753,-0.569349,0.067945
1.104886,-0.570158,0.060451
1.104356,-0.569780,0.052857
1.104601,-0.569955,0.045310
1.103995,-0.569522,0.037730
1.104165,-0.569643,0.030186
1.104297,-0.569737,0.022640
1.112529,-0.575615,0.015217
1.102538,-0.570952,0.113416
1.102275,-0.570764,0.105788
1.102784,-0.571128,0.098248
1.103255,-0.571466,0.090705
1.102878,-0.571196,0.083091
1.103273,-0.571479,0.075547
1.098761,-0.568246,0.067669
1.099080,-0.568475,0.060157
1.099362,-0.568676,0.052642
1.105292,-0.572925,0.045383
1.105499,-0.573074,0.037822
1.105669,-0.573196,0.030259
1.105801,-0.573290,0.022695
1.108334,-0.575105,0.015168
1.102435,-0.573883,0.121149
1.099786,-0.571977,0.113232
1.101140,-0.572951,0.105788
1.101648,-0.573317,0.098248
1.102118,-0.573655,0.090705
1.102552,-0.573967,0.083158
1.103757,-0.574834,0.075670
1.104115,-0.575092,0.068111
1.102814,-0.574156,0.060451
1.103096,-0.574359,0.052900
1.105775,-0.576286,0.045457
1.103548,-0.574684,0.037791
1.106152,-0.576557,0.030308
1.106284,-0.576652,0.022732
1.106378,-0.576720,0.015155
1.107247,-0.577345,0.007584
1.098179,-0.573523,0.120757
1.098761,-0.573943,0.113232
1.099305,-0.574337,0.105702
1.099813,-0.574703,0.098169
1.100282,-0.575042,0.090632
1.099096,-0.574186,0.082956
1.099490,-0.574470,0.075425
1.099847,-0.574728,0.067890
1.100166,-0.574958,0.060353
1.102067,-0.576331,0.052900
1.102311,-0.576508,0.045346
1.102518,-0.576657,0.037791
1.103498,-0.577365,0.030259
1.103630,-0.577460,0.022695
1.103724,-0.577528,0.015131
1.106212,-0.579325,0.007584
1.094129,-0.573263,0.127965
1.094746,-0.573711,0.120463
1.096939,-0.575300,0.113140
1.095869,-0.574524,0.105445
1.096374,-0.574890,0.097930
1.098457,-0.576400,0.090558
1.099696,-0.577298,0.083091
1.099282,-0.576998,0.075486
1.099638,-0.577256,0.067945
1.099957,-0.577488,0.060402
1.100238,-0.577691,0.052857
1.100482,-0.577868,0.045310
1.100688,-0.578018,0.037761
1.098429,-0.576380,0.030137
1.100988,-0.578235,0.022659
1.101892,-0.578890,0.015119
1.104377,-0.580692,0.007578
1.102753,-0.582242,0.129215
1.096132,-0.577425,0.120757
1.099934,-0.580191,0.113599
1.097256,-0.578242,0.105702
1.097762,-0.578610,0.098169
1.095811,-0.577191,0.090411
1.096241,-0.577504,0.082889
1.094212,-0.576028,0.075179
1.094567,-0.576285,0.067669
1.095691,-0.577104,0.060206
1.098395,-0.579071,0.052814
1.096214,-0.577484,0.045162
1.098844,-0.579398,0.037730
1.096588,-0.577756,0.030112
1.096718,-0.577851,0.022585
1.096812,-0.577919,0.015057
1.100102,-0.580313,0.007553
1.092245,-0.578458,0.120463
1.092823,-0.578881,0.112956
1.096581,-0.581630,0.105788
1.097086,-0.581999,0.098248
1.094334,-0.579986,0.090411
1.097179,-0.582067,0.083091
1.097572,-0.582355,0.075547
1.097927,-0.582615,0.068001
1.098245,-0.582847,0.060451
1.100139,-0.584232,0.052986
1.100382,-0.584411,0.045420
1.100589,-0.584561,0.037853
1.100757,-0.584685,0.030284
1.100888,-0.584781,0.022714
1.105824,-0.588392,0.015217
1.105881,-0.588433,0.007608
1.098044,-0.585197,0.136565
1.091485,-0.580382,0.128070
1.092100,-0.580833,0.120561
1.092677,-0.581258,0.113048
1.093218,-0.581654,0.105531
1.092114,-0.580844,0.097850
1.094991,-0.582956,0.090558
1.095421,-0.583271,0.083023
1.092594,-0.581197,0.075241
1.092948,-0.581456,0.067725
1.095680,-0.583461,0.060353
1.093544,-0.581893,0.052685
1.093786,-0.582071,0.045162
1.093185,-0.581630,0.037607
1.093352,-0.581753,0.030088
1.093482,-0.581848,0.022567
1.092769,-0.581325,0.015033
1.093631,-0.581958,0.007523
1.096068,-0.583746,0.000000
1.094480,-0.585606,0.136235
1.093533,-0.584908,0.128486
1.093348,-0.584772,0.120855
1.093926,-0.585198,0.113324
1.094467,-0.585597,0.105788
1.093366,-0.584786,0.098089
1.093832,-0.585129,0.090558
1.094261,-0.585445,0.083023
1.088225,-0.580996,0.074995
1.088576,-0.581255,0.067504
1.093715,-0.585043,0.060304
1.093995,-0.585249,0.052771
1.095041,-0.586020,0.045273
1.096051,-0.586764,0.037761
1.096218,-0.586888,0.030210
1.095544,-0.586391,0.022640
1.095637,-0.586460,0.015094
1.095693,-0.586501,0.007547
1.095712,-0.586515,0.000000
1.099023,-0.591701,0.137006
1.092484,-0.586864,0.128486
1.092300,-0.586727,0.120855
1.092877,-0.587154,0.113324
1.093418,-0.587554,0.105788
1.092318,-0.586741,0.098089
1.091180,-0.585899,0.090411
1.092409,-0.586808,0.082956
1.091998,-0.586504,0.075363
1.088338,-0.583795,0.067559
1.090258,-0.585216,0.060157
1.090536,-0.585422,0.052642
1.090778,-0.585601,0.045126
1.090981,-0.585752,0.037607
1.091148,-0.585875,0.030088
1.091278,-0.585971,0.022567
1.091371,-0.586040,0.015045
1.093035,-0.587271,0.007535
1.090903,-0.588390,0.143654
1.088400,-0.586532,0.135684
1.088252,-0.586421,0.128070
1.089663,-0.587470,0.120659
1.090239,-0.587897,0.113140
1.090778,-0.588297,0.105616
1.091280,-0.588670,0.098089
1.091744,-0.589015,0.090558
1.091371,-0.588738,0.082956
1.091761,-0.589027,0.075425
1.092114,-0.589289,0.067890
1.092430,-0.589524,0.060353
1.093511,-0.590327,0.052857
1.093752,-0.590506,0.045310
1.089945,-0.587679,0.037607
1.090111,-0.587802,0.030088
1.088636,-0.586707,0.022530
1.088728,-0.586775,0.015020
1.090389,-0.588009,0.007523
1.090408,-0.588023,0.000000
1.085145,-0.586835,0.150565
1.084274,-0.586186,0.142839
1.084959,-0.586696,0.135353
1.085606,-0.587179,0.127861
1.087813,-0.588823,0.120561
1.086790,-0.588061,0.112864
1.087327,-0.588462,0.105359
1.091823,-0.591813,0.098248
1.087490,-0.588583,0.090264
1.087916,-0.588900,0.082754
1.088305,-0.589190,0.075241
1.088656,-0.589452,0.067725
1.088971,-0.589687,0.060206
1.090050,-0.590491,0.052728
1.089489,-0.590073,0.045162
1.088090,-0.589030,0.037577
1.089058,-0.589752,0.030088
1.089188,-0.589848,0.022567
1.088478,-0.589320,0.015033
1.089336,-0.589959,0.007523
1.089354,-0.589972,0.000000
1.080377,-0.587188,0.142490
1.081059,-0.587699,0.135022
1.081703,-0.588182,0.127549
1.080719,-0.587444,0.119875
1.082086,-0.588469,0.112497
1.083417,-0.589466,0.105102
1.083117,-0.589241,0.097531
1.083577,-0.589587,0.090043
1.086396,-0.591699,0.082754
1.088382,-0.593187,0.075363
1.088733,-0.593450,0.067835
1.089048,-0.593686,0.060304
1.089325,-0.593894,0.052771
1.087167,-0.592277,0.045126
1.084171,-0.590031,0.037485
1.084336,-0.590155,0.029989
1.084465,-0.590252,0.022493
1.084557,-0.590321,0.014996
1.084612,-0.590362,0.007498
1.087832,-0.592775,0.000000
1.089414,-0.593960,-0.007535
1.085057,-0.593164,0.150932
1.083397,-0.591916,0.143072
1.081697,-0.590638,0.135243
1.082342,-0.591123,0.127757
1.082155,-0.590982,0.120169
1.082726,-0.591412,0.112680
1.083260,-0.591813,0.105188
1.081367,-0.590390,0.097452
1.081827,-0.590736,0.089969
1.087832,-0.595251,0.082956
1.088220,-0.595543,0.075425
1.087774,-0.595207,0.067835
1.088088,-0.595443,0.060304
1.086768,-0.594451,0.052685
1.087008,-0.594632,0.045162
1.086412,-0.594184,0.037607
1.084980,-0.593107,0.030038
1.085109,-0.593204,0.022530
1.082004,-0.590869,0.014971
1.082060,-0.590911,0.007486
1.085275,-0.593328,0.000000
1.090052,-0.596920,-0.007547
1.081537,-0.593550,0.158181
1.080709,-0.592925,0.150443
1.080635,-0.592869,0.142839
1.082109,-0.593982,0.135463
1.081960,-0.593870,0.127861
1.080979,-0.593130,0.120169
1.081550,-0.593560,0.112680
1.082083,-0.593963,0.105188
1.082580,-0.594338,0.097691
1.085428,-0.596488,0.090411
1.086648,-0.597410,0.082956
1.087036,-0.597702,0.075425
1.086590,-0.597366,0.067835
1.086904,-0.597603,0.060304
1.086383,-0.597210,0.052728
1.086623,-0.597391,0.045199
1.084433,-0.595737,0.037577
1.085396,-0.596464,0.030088
1.085525,-0.596562,0.022567
1.085617,-0.596631,0.015045
1.085672,-0.596673,0.007523
1.086489,-0.597289,0.000000
1.087269,-0.597878,-0.007535
1.077325,-0.593065,0.165265
1.078115,-0.593664,0.157796
1.078868,-0.594235,0.150320
1.079585,-0.594778,0.142839
1.079473,-0.594693,0.135243
1.079324,-0.594580,0.127653
1.079930,-0.595039,0.120169
1.080499,-0.595470,0.112680
1.081032,-0.595874,0.105188
1.079144,-0.594444,0.097452
1.081192,-0.595996,0.090117
1.080024,-0.595111,0.082484
1.082000,-0.596608,0.075118
1.082349,-0.596873,0.067614
1.082662,-0.597109,0.060108
1.082937,-0.597318,0.052599
1.084769,-0.598706,0.045162
1.083378,-0.597652,0.037577
1.082747,-0.597174,0.030038
1.082079,-0.596667,0.022511
1.082170,-0.596737,0.015008
1.082225,-0.596779,0.007504
1.084635,-0.598605,0.000000
1.087007,-0.600402,-0.007541
1.077051,-0.595591,0.165400
1.077841,-0.596192,0.157924
1.078593,-0.596765,0.150443
1.079310,-0.597310,0.142956
1.078408,-0.596623,0.135243
1.078258,-0.596510,0.127653
1.078863,-0.596970,0.120169
1.076262,-0.594991,0.112313
1.078378,-0.596601,0.105016
1.080459,-0.598184,0.097691
1.079331,-0.597325,0.090043
1.079752,-0.597646,0.082551
1.080137,-0.597939,0.075057
1.082869,-0.600017,0.067725
1.080797,-0.598441,0.060059
1.082662,-0.599859,0.052642
1.082901,-0.600041,0.045126
1.083103,-0.600195,0.037607
1.081677,-0.599110,0.030038
1.081805,-0.599208,0.022530
1.081101,-0.598672,0.015008
1.081156,-0.598714,0.007504
1.081970,-0.599333,0.000000
1.084340,-0.601135,-0.007529
1.077088,-0.599566,0.165669
1.077878,-0.600169,0.158181
1.077842,-0.600142,0.150565
1.076191,-0.598879,0.142723
1.076868,-0.599397,0.135243
1.076719,-0.599284,0.127653
1.077323,-0.599745,0.120169
1.077100,-0.599574,0.112588
1.078421,-0.600585,0.105188
1.078124,-0.600358,0.097611
1.078582,-0.600708,0.090117
1.079002,-0.601030,0.082619
1.079387,-0.601324,0.075118
1.079735,-0.601590,0.067614
1.080046,-0.601828,0.060108
1.085876,-0.606286,0.052900
1.086116,-0.606469,0.045346
1.086318,-0.606624,0.037791
1.083308,-0.604322,0.030137
1.082642,-0.603813,0.022585
1.082734,-0.603883,0.015057
1.082789,-0.603925,0.007529
1.082013,-0.603331,0.000000
1.083583,-0.604532,-0.007535
1.088294,-0.608135,-0.015143
1.078320,-0.603396,0.166073
1.075176,-0.600983,0.157924
1.075927,-0.601559,0.150443
1.076641,-0.602107,0.142956
1.074165,-0.600206,0.135022
1.074804,-0.600697,0.127549
1.076196,-0.601766,0.120169
1.076763,-0.602201,0.112680
1.077293,-0.602608,0.105188
1.077786,-0.602987,0.097691
1.077453,-0.602730,0.090117
1.077873,-0.603053,0.082619
1.075882,-0.601524,0.074934
1.078604,-0.603614,0.067614
1.078915,-0.603853,0.060108
1.078397,-0.603455,0.052556
1.078634,-0.603638,0.045052
1.078835,-0.603792,0.037546
1.079000,-0.603918,0.030038
1.079128,-0.604016,0.022530
1.081599,-0.605913,0.015057
1.081654,-0.605955,0.007529
1.082465,-0.606578,0.000000
1.086413,-0.609609,-0.007566
1.088737,-0.611393,-0.015168
1.078647,-0.606713,0.173994
1.078689,-0.606745,0.166342
1.076338,-0.604933,0.158310
1.077089,-0.605512,0.150810
1.075443,-0.604243,0.142956
1.076120,-0.604765,0.135463
1.076760,-0.605258,0.127965
1.078940,-0.606939,0.120659
1.079508,-0.607377,0.113140
1.080040,-0.607786,0.105616
1.080535,-0.608168,0.098089
1.077044,-0.605477,0.090190
1.077464,-0.605801,0.082686
1.075476,-0.604268,0.074995
1.082149,-0.609412,0.067945
1.082460,-0.609652,0.060402
1.082736,-0.609865,0.052857
1.082974,-0.610048,0.045310
1.083176,-0.610204,0.037761
1.083341,-0.610331,0.030210
1.083470,-0.610430,0.022659
1.083561,-0.610501,0.015106
1.082032,-0.609323,0.007541
1.081259,-0.608726,0.000000
1.082032,-0.609323,-0.007541
1.081977,-0.609280,-0.015082
1.084607,-0.614094,0.175260
1.074467,-0.606249,0.165803
1.072901,-0.605037,0.157924
1.073649,-0.605616,0.150443
1.073575,-0.605559,0.142839
1.074250,-0.606081,0.135353
1.074889,-0.606575,0.127861
1.075491,-0.607041,0.120365
1.076057,-0.607479,0.112864
1.076587,-0.607889,0.105359
1.077080,-0.608270,0.097850
1.075170,-0.606793,0.090117
1.079535,-0.610170,0.082956
1.079919,-0.610467,0.075425
1.080267,-0.610736,0.067890
1.076628,-0.607921,0.060108
1.076902,-0.608132,0.052599
1.075558,-0.607093,0.045015
1.075758,-0.607248,0.037515
1.075922,-0.607374,0.030014
1.077631,-0.608697,0.022548
1.080886,-0.611215,0.015082
1.080941,-0.611257,0.007541
1.078586,-0.609436,0.000000
1.078568,-0.609422,-0.007523
1.080886,-0.611215,-0.015082
1.076402,-0.610482,0.181652
1.074136,-0.608723,0.173572
1.074959,-0.609362,0.166073
1.075746,-0.609973,0.158567
1.076496,-0.610556,0.151055
1.074857,-0.609282,0.143188
1.075533,-0.609807,0.135684
1.076172,-0.610304,0.128174
1.076775,-0.610772,0.120659
1.073409,-0.608158,0.112680
1.073937,-0.608568,0.105188
1.074429,-0.608950,0.097691
1.074884,-0.609303,0.090190
1.075303,-0.609629,0.082686
1.075685,-0.609926,0.075179
1.076031,-0.610194,0.067669
1.075552,-0.609822,0.060108
1.075825,-0.610034,0.052599
1.077641,-0.611444,0.045162
1.072315,-0.607309,0.037423
1.078006,-0.611727,0.030112
1.078133,-0.611827,0.022585
1.076645,-0.610671,0.015033
1.076699,-0.610713,0.007516
1.076718,-0.610727,0.000000
1.076699,-0.610713,-0.007516
1.077435,-0.611284,-0.015045
1.072968,-0.610583,0.181212
1.073046,-0.610644,0.173572
1.073086,-0.610675,0.165938
1.073871,-0.611287,0.158438
1.074620,-0.611870,0.150932
1.071415,-0.609373,0.142839
1.072088,-0.609897,0.135353
1.072725,-0.610394,0.127861
1.071756,-0.609638,0.120169
1.067607,-0.606405,0.112129
1.071275,-0.609263,0.105016
1.071765,-0.609645,0.097531
1.072219,-0.609999,0.090043
1.072636,-0.610325,0.082551
1.074592,-0.611849,0.075179
1.074938,-0.612118,0.067669
1.075247,-0.612360,0.060157
1.073944,-0.611344,0.052556
1.078122,-0.614600,0.045236
1.074380,-0.611684,0.037546
1.074544,-0.611811,0.030038
1.074671,-0.611910,0.022530
1.074762,-0.611981,0.015020
1.074816,-0.612024,0.007510
1.077990,-0.614497,0.000000
1.077971,-0.614483,-0.007535
1.078705,-0.615055,-0.015082
1.083346,-0.618671,-0.022732
1.070993,-0.611779,0.188705
1.071887,-0.612478,0.181212
1.072745,-0.613149,0.173713
1.073566,-0.613791,0.166207
1.074351,-0.614406,0.158695
1.073537,-0.613768,0.150932
1.073466,-0.613713,0.143305
1.074140,-0.614240,0.135794
1.074778,-0.614739,0.128278
1.073028,-0.613371,0.120463
1.071239,-0.611971,0.112680
1.069412,-0.610542,0.104930
1.069901,-0.610924,0.097452
1.070354,-0.611279,0.089969
1.070771,-0.611605,0.082484
1.076654,-0.616207,0.075425
1.078573,-0.617708,0.068001
1.077310,-0.616720,0.060353
1.079158,-0.618165,0.052900
1.080182,-0.618967,0.045383
1.080383,-0.619124,0.037822
1.077398,-0.616789,0.030161
1.080676,-0.619353,0.022695
1.077617,-0.616960,0.015082
1.071370,-0.612074,0.007492
1.074539,-0.614552,0.000000
1.074521,-0.614538,-0.007516
1.074466,-0.614496,-0.015033
1.080676,-0.619353,-0.022695
1.070968,-0.615756,0.189010
1.067197,-0.612790,0.180625
1.067271,-0.612848,0.173010
1.068088,-0.613490,0.165534
1.066530,-0.612265,0.157667
1.067272,-0.612849,0.150198
1.067979,-0.613404,0.142723
1.069430,-0.614546,0.135353
1.070065,-0.615045,0.127861
1.070664,-0.615516,0.120365
1.071226,-0.615958,0.112864
1.074885,-0.618836,0.105702
1.075377,-0.619222,0.098169
1.071128,-0.615881,0.090190
1.071545,-0.616209,0.082686
1.071926,-0.616509,0.075179
1.072270,-0.616780,0.067669
1.072579,-0.617022,0.060157
1.078348,-0.621559,0.052943
1.078585,-0.621745,0.045383
1.078786,-0.621903,0.037822
1.072663,-0.617089,0.030063
1.072004,-0.616570,0.022530
1.071309,-0.616023,0.015008
1.072149,-0.616684,0.007510
1.072167,-0.616699,0.000000
1.071363,-0.616066,-0.007504
1.073667,-0.617878,-0.015045
1.078292,-0.621515,-0.022677
1.066706,-0.614940,0.196031
1.063753,-0.612610,0.187788
1.064639,-0.613309,0.180332
1.069376,-0.617047,0.173572
1.070194,-0.617692,0.166073
1.070976,-0.618309,0.158567
1.072501,-0.619513,0.151177
1.073211,-0.620073,0.143654
1.072325,-0.619373,0.135904
1.072961,-0.619876,0.128382
1.073561,-0.620349,0.120855
1.067872,-0.615860,0.112588
1.066832,-0.615039,0.104930
1.068884,-0.616659,0.097611
1.067770,-0.615780,0.089969
1.068186,-0.616108,0.082484
1.068565,-0.616407,0.074995
1.068908,-0.616678,0.067504
1.069215,-0.616920,0.060010
1.072624,-0.619609,0.052685
1.072859,-0.619795,0.045162
1.072274,-0.619334,0.037607
1.072437,-0.619462,0.030088
1.070994,-0.618324,0.022530
1.071084,-0.618395,0.015020
1.071139,-0.618438,0.007510
1.071157,-0.618452,0.000000
1.071139,-0.618438,-0.007510
1.071869,-0.619014,-0.015033
1.074134,-0.620801,-0.022603
1.067030,-0.618283,0.196349
1.064084,-0.615948,0.188093
1.062644,-0.614808,0.180185
1.060389,-0.613021,0.172166
1.061199,-0.613662,0.164727
1.061973,-0.614276,0.157282
1.064268,-0.616094,0.150075
1.064193,-0.616035,0.142490
1.065639,-0.617181,0.135132
1.068610,-0.619534,0.127965
1.069207,-0.620007,0.120463
1.068988,-0.619834,0.112864
1.069513,-0.620249,0.105359
1.068439,-0.619399,0.097691
1.066546,-0.617899,0.089969
1.069307,-0.620086,0.082686
1.069686,-0.620387,0.075179
1.070030,-0.620659,0.067669
1.070337,-0.620902,0.060157
1.070608,-0.621117,0.052642
1.070843,-0.621303,0.045126
1.071042,-0.621461,0.037607
1.068854,-0.619728,0.030014
1.069764,-0.620449,0.022530
1.069855,-0.620520,0.015020
1.071476,-0.621805,0.007523
1.070711,-0.621198,0.000000
1.070693,-0.621184,-0.007516
1.071422,-0.621762,-0.015045
1.072899,-0.622932,-0.022603
1.068241,-0.622034,0.196825
1.061433,-0.616620,0.187788
1.062317,-0.617323,0.180332
1.063165,-0.617998,0.172869
1.063977,-0.618644,0.165400
1.064754,-0.619261,0.157924
1.066271,-0.620468,0.150565
1.066976,-0.621028,0.143072
1.067645,-0.621560,0.135573
1.068278,-0.622064,0.128070
1.068876,-0.622539,0.120561
1.066319,-0.620506,0.112680
1.066842,-0.620922,0.105188
1.067329,-0.621309,0.097691
1.067780,-0.621668,0.090190
1.068976,-0.622619,0.082754
1.069356,-0.622920,0.075241
1.067355,-0.621329,0.067559
1.069225,-0.622816,0.060157
1.069495,-0.623031,0.052642
1.069730,-0.623218,0.045126
1.069929,-0.623376,0.037607
1.070091,-0.623505,0.030088
1.068653,-0.622361,0.022530
1.068743,-0.622433,0.015020
1.068797,-0.622476,0.007510
1.068815,-0.622490,0.000000
1.068797,-0.622476,-0.007510
1.067178,-0.621188,-0.014996
1.067088,-0.621117,-0.022493
1.066962,-0.621017,-0.029989
1.065407,-0.622538,0.204162
1.063282,-0.620841,0.196031
1.061114,-0.619112,0.187941
1.063544,-0.621051,0.180772
1.061298,-0.619258,0.172728
1.062108,-0.619905,0.165265
1.062883,-0.620523,0.157796
1.064397,-0.621732,0.150443
1.065101,-0.622293,0.142956
1.065768,-0.622826,0.135463
1.066400,-0.623330,0.127965
1.066996,-0.623806,0.120463
1.068334,-0.624873,0.113048
1.068858,-0.625292,0.105531
1.069346,-0.625681,0.098009
1.069798,-0.626042,0.090484
1.070214,-0.626374,0.082956
1.070594,-0.626677,0.075425
1.069377,-0.625706,0.067780
1.071245,-0.627197,0.060353
1.069955,-0.626167,0.052728
1.070189,-0.626354,0.045199
1.068826,-0.625266,0.037607
1.068207,-0.624772,0.030063
1.068333,-0.624873,0.022548
1.070768,-0.626816,0.015069
1.068477,-0.624988,0.007516
1.068495,-0.625002,0.000000
1.070822,-0.626859,-0.007535
1.069204,-0.625568,-0.015045
1.069114,-0.625496,-0.022567
1.059451,-0.620565,0.210796
1.060443,-0.621360,0.203338
1.061399,-0.622125,0.195872
1.062319,-0.622862,0.188399
1.061659,-0.622334,0.180625
1.062506,-0.623012,0.173150
1.063318,-0.623662,0.165669
1.064093,-0.624283,0.158181
1.064833,-0.624876,0.150688
1.065536,-0.625440,0.143188
1.066980,-0.626596,0.135794
1.066836,-0.626481,0.128174
1.067432,-0.626958,0.120659
1.067991,-0.627406,0.113140
1.069293,-0.628449,0.105702
1.069781,-0.628840,0.098169
1.071790,-0.630449,0.090779
1.072207,-0.630782,0.083226
1.071029,-0.629839,0.075547
1.070593,-0.629490,0.067945
1.069342,-0.628488,0.060304
1.067273,-0.626831,0.052642
1.065167,-0.625144,0.045015
1.063025,-0.623428,0.037423
1.065527,-0.625432,0.030014
1.065652,-0.625533,0.022511
1.065742,-0.625605,0.015008
1.066577,-0.626273,0.007510
1.066595,-0.626287,0.000000
1.064235,-0.624397,-0.007492
1.068084,-0.627480,-0.015045
1.067994,-0.627408,-0.022567
1.067867,-0.627307,-0.030088
1.060671,-0.625528,0.219131
1.061701,-0.626357,0.211651
1.062694,-0.627157,0.204162
1.061345,-0.626071,0.196190
1.062265,-0.626812,0.188705
1.062379,-0.626903,0.181065
1.061684,-0.626343,0.173291
1.062494,-0.626996,0.165803
1.060179,-0.625132,0.157796
1.060142,-0.625102,0.150198
1.061616,-0.626289,0.142839
1.064603,-0.628694,0.135684
1.062135,-0.626707,0.127757
1.061952,-0.626560,0.120169
1.062509,-0.627008,0.112680
1.063029,-0.627427,0.105188
1.063514,-0.627817,0.097691
1.066293,-0.630055,0.090411
1.066707,-0.630389,0.082889
1.067086,-0.630693,0.075363
1.067428,-0.630969,0.067835
1.066178,-0.629962,0.060206
1.066448,-0.630180,0.052685
1.063568,-0.627861,0.045015
1.068437,-0.631781,0.037699
1.063927,-0.628150,0.030014
1.069504,-0.632640,0.022640
1.068036,-0.631458,0.015069
1.068090,-0.631502,0.007535
1.066550,-0.630262,0.000000
1.066532,-0.630248,-0.007523
1.066478,-0.630204,-0.015045
1.066389,-0.630132,-0.022567
1.073271,-0.635673,-0.030308
1.063740,-0.630570,0.212335
1.060900,-0.628275,0.203998
1.060319,-0.627807,0.196190
1.060469,-0.627928,0.188552
1.061351,-0.628640,0.181065
1.062198,-0.629324,0.173572
1.061467,-0.628734,0.165803
1.062240,-0.629358,0.158310
1.062978,-0.629954,0.150810
1.063680,-0.630522,0.143305
1.059707,-0.627312,0.135132
1.060334,-0.627819,0.127653
1.060151,-0.627671,0.120071
1.061481,-0.628745,0.112680
1.062776,-0.629792,0.105273
1.063261,-0.630183,0.097770
1.063709,-0.630546,0.090264
1.066451,-0.632760,0.082956
1.064499,-0.631184,0.075241
1.064841,-0.631459,0.067725
1.067477,-0.633589,0.060353
1.067747,-0.633807,0.052814
1.067203,-0.633368,0.045236
1.067401,-0.633528,0.037699
1.067563,-0.633659,0.030161
1.067689,-0.633761,0.022622
1.067001,-0.633205,0.015069
1.063944,-0.630735,0.007510
1.067073,-0.633263,0.000000
1.062388,-0.629478,-0.007498
1.067001,-0.633205,-0.015069
1.066912,-0.633133,-0.022603
1.071451,-0.636800,-0.030284
1.053189,-0.625139,0.233311
1.053520,-0.625407,0.225688
1.054577,-0.626265,0.218246
1.056365,-0.627715,0.210967
1.057352,-0.628516,0.203503
1.057537,-0.628667,0.195872
1.057685,-0.628787,0.188246
1.057797,-0.628877,0.180625
1.058639,-0.629561,0.173150
1.059447,-0.630215,0.165669
1.064069,-0.633965,0.158824
1.064808,-0.634565,0.151300
1.065511,-0.635135,0.143770
1.058460,-0.629415,0.135132
1.059086,-0.629922,0.127653
1.055812,-0.627267,0.119679
1.060231,-0.630852,0.112680
1.060750,-0.631273,0.105188
1.061233,-0.631665,0.097691
1.061681,-0.632028,0.090190
1.062093,-0.632362,0.082686
1.062469,-0.632667,0.075179
1.062809,-0.632943,0.067669
1.063890,-0.633819,0.060206
1.064934,-0.634667,0.052728
1.069048,-0.638004,0.045383
1.066141,-0.635646,0.037699
1.066303,-0.635777,0.030161
1.066429,-0.635879,0.022622
1.066519,-0.635952,0.015082
1.066573,-0.635996,0.007541
1.061931,-0.632231,0.000000
1.066573,-0.635996,-0.007541
1.067295,-0.636582,-0.015094
1.066429,-0.635879,-0.022622
1.074067,-0.642075,-0.030407
1.055745,-0.630015,0.218777
1.055240,-0.629604,0.210967
1.056226,-0.630407,0.203503
1.058708,-0.632428,0.196349
1.059624,-0.633174,0.188857
1.058204,-0.632017,0.180919
1.062118,-0.635204,0.173994
1.059855,-0.633361,0.165938
1.060626,-0.633989,0.158438
1.061362,-0.634589,0.150932
1.062063,-0.635159,0.143421
1.061186,-0.634445,0.135684
1.061813,-0.634956,0.128174
1.056231,-0.630411,0.119875
1.062962,-0.635891,0.113140
1.058846,-0.632540,0.105102
1.059329,-0.632933,0.097611
1.060549,-0.633926,0.090190
1.060960,-0.634261,0.082686
1.060562,-0.633937,0.075118
1.060901,-0.634213,0.067614
1.061205,-0.634461,0.060108
1.061473,-0.634679,0.052599
1.061705,-0.634868,0.045089
1.063452,-0.636290,0.037638
1.063614,-0.636422,0.030112
1.059087,-0.632736,0.022475
1.059176,-0.632809,0.014984
1.063882,-0.636640,0.007529
1.061574,-0.634761,0.000000
1.063882,-0.636640,-0.007529
1.063829,-0.636597,-0.015057
1.062188,-0.635261,-0.022548
1.062063,-0.635159,-0.030063
1.065778,-0.638184,-0.037730
1.059310,-0.635738,0.235390
1.058888,-0.635393,0.227519
1.056140,-0.633148,0.219131
1.057164,-0.633985,0.211651
1.058152,-0.634792,0.204162
1.056810,-0.633696,0.196190
1.057725,-0.634443,0.188705
1.057072,-0.633909,0.180919
1.056380,-0.633344,0.173150
1.057185,-0.634002,0.165669
1.058722,-0.635258,0.158310
1.057920,-0.634602,0.150565
1.057079,-0.633915,0.142839
1.060819,-0.636971,0.135794
1.058365,-0.634966,0.127861
1.058955,-0.635448,0.120365
1.059509,-0.635901,0.112864
1.063114,-0.638846,0.105702
1.060510,-0.636719,0.097850
1.060185,-0.636453,0.090264
1.058278,-0.634895,0.082551
1.058653,-0.635201,0.075057
1.058992,-0.635478,0.067559
1.059295,-0.635726,0.060059
1.061883,-0.637841,0.052685
1.066759,-0.641825,0.045383
1.062312,-0.638192,0.037638
1.062473,-0.638323,0.030112
1.064147,-0.639691,0.022622
1.064237,-0.639764,0.015082
1.062742,-0.638542,0.007529
1.064308,-0.639823,0.000000
1.064290,-0.639808,-0.007541
1.061914,-0.637866,-0.015045
1.061824,-0.637793,-0.022567
1.064022,-0.639588,-0.030161
1.064634,-0.640089,-0.037730
1.053464,-0.634974,0.226603
1.053000,-0.634593,0.218777
1.053258,-0.634805,0.211138
1.055004,-0.636239,0.203833
1.055952,-0.637018,0.196349
1.053811,-0.635259,0.188246
1.054686,-0.635978,0.180772
1.057820,-0.638552,0.173713
1.058626,-0.639214,0.166207
1.059396,-0.639847,0.158695
1.060131,-0.640450,0.151177
1.059295,-0.639764,0.143421
1.059957,-0.640308,0.135904
1.058278,-0.638928,0.128070
1.061175,-0.641308,0.120855
1.061730,-0.641764,0.113324
1.059940,-0.640293,0.105531
1.056571,-0.637526,0.097611
1.057016,-0.637892,0.090117
1.057425,-0.638228,0.082619
1.061656,-0.641703,0.075425
1.061995,-0.641982,0.067890
1.062299,-0.642232,0.060353
1.062568,-0.642452,0.052814
1.062800,-0.642643,0.045273
1.061452,-0.641536,0.037669
1.062386,-0.642302,0.030161
1.062511,-0.642405,0.022622
1.062600,-0.642478,0.015082
1.062654,-0.642523,0.007541
1.062672,-0.642537,0.000000
1.062654,-0.642523,-0.007541
1.063373,-0.643113,-0.015094
1.062511,-0.642405,-0.022622
1.062386,-0.642302,-0.030161
1.062997,-0.642805,-0.037730
1.057004,-0.640402,0.227702
1.057305,-0.640650,0.220016
1.055287,-0.638988,0.211822
1.056273,-0.639800,0.204327
1.060270,-0.643094,0.197461
1.058136,-0.641336,0.189316
1.056725,-0.640173,0.181359
1.056038,-0.639607,0.173572
1.058371,-0.641530,0.166342
1.057611,-0.640903,0.158567
1.058344,-0.641507,0.151055
1.059041,-0.642082,0.143537
1.058169,-0.641363,0.135794
1.058794,-0.641878,0.128278
1.057848,-0.641098,0.120561
1.058401,-0.641554,0.113048
1.058918,-0.641980,0.105531
1.059400,-0.642378,0.098009
1.059847,-0.642745,0.090484
1.060257,-0.643084,0.082956
1.060632,-0.643393,0.075425
1.060972,-0.643672,0.067890
1.061275,-0.643923,0.060353
1.061543,-0.644143,0.052814
1.061775,-0.644335,0.045273
1.061201,-0.643861,0.037699
1.060590,-0.643358,0.030137
1.061486,-0.644096,0.022622
1.061576,-0.644170,0.015082
1.063172,-0.645486,0.007553
1.063962,-0.646137,0.000000
1.063944,-0.646122,-0.007559
1.063119,-0.645442,-0.015106
1.063029,-0.645368,-0.022659
1.063676,-0.645901,-0.030235
1.063515,-0.645768,-0.037791
1.066403,-0.648148,-0.045494
1.047070,-0.635334,0.233311
1.048156,-0.636232,0.225871
1.049206,-0.637101,0.218423
1.054776,-0.641710,0.211993
1.055760,-0.642524,0.204492
1.056709,-0.643310,0.196984
1.056100,-0.642805,0.189163
1.056976,-0.643531,0.181652
1.054003,-0.641071,0.173432
1.054805,-0.641734,0.165938
1.055572,-0.642369,0.158438
1.056303,-0.642974,0.150932
1.056999,-0.643550,0.143421
1.058425,-0.644730,0.136014
1.059050,-0.645247,0.128486
1.059640,-0.645735,0.120953
1.060194,-0.646193,0.113416
1.056107,-0.642811,0.105359
1.054283,-0.641302,0.097611
1.054727,-0.641669,0.090117
1.057441,-0.643915,0.082821
1.057815,-0.644225,0.075302
1.057384,-0.643868,0.067725
1.059225,-0.645392,0.060304
1.057953,-0.644339,0.052685
1.058184,-0.644530,0.045162
1.057610,-0.644055,0.037607
1.057770,-0.644187,0.030088
1.057894,-0.644290,0.022567
1.061835,-0.647551,0.015106
1.058037,-0.644408,0.007523
1.057284,-0.643785,0.000000
1.062659,-0.648233,-0.007559
1.065687,-0.650738,-0.015168
1.060205,-0.646203,-0.022622
1.060851,-0.646737,-0.030186
1.065311,-0.650427,-0.037914
1.065114,-0.650264,-0.045494
1.050465,-0.640971,0.234445
1.050041,-0.640619,0.226603
1.049579,-0.640235,0.218777
1.052110,-0.642337,0.211651
1.050815,-0.641261,0.203668
1.050999,-0.641414,0.196031
1.051907,-0.642168,0.188552
1.052779,-0.642893,0.181065
1.052855,-0.642955,0.173432
1.053656,-0.643620,0.165938
1.055947,-0.645523,0.158695
1.055151,-0.644863,0.150932
1.055846,-0.645440,0.143421
1.058035,-0.647257,0.136124
1.057129,-0.646505,0.128382
1.056186,-0.645722,0.120659
1.056738,-0.646180,0.113140
1.058787,-0.647882,0.105788
1.057735,-0.647008,0.098089
1.058180,-0.647378,0.090558
1.057823,-0.647081,0.082956
1.058964,-0.648029,0.075486
1.058535,-0.647672,0.067890
1.057301,-0.646647,0.060255
1.057567,-0.646869,0.052728
1.057030,-0.646422,0.045162
1.057225,-0.646585,0.037638
1.058154,-0.647356,0.030137
1.058279,-0.647459,0.022603
1.059906,-0.648811,0.015094
1.060729,-0.649494,0.007553
1.059977,-0.648870,0.000000
1.059959,-0.648855,-0.007547
1.062214,-0.650727,-0.015131
1.062124,-0.650653,-0.022695
1.061999,-0.650549,-0.030259
1.064146,-0.652332,-0.037914
1.063949,-0.652168,-0.045494
1.049307,-0.642807,0.249973
1.049715,-0.643146,0.242302
1.048576,-0.642197,0.234256
1.049663,-0.643103,0.226786
1.050714,-0.643979,0.219308
1.051730,-0.644826,0.211822
1.051196,-0.644380,0.203998
1.052139,-0.645167,0.196508
1.050771,-0.644026,0.188552
1.053921,-0.646652,0.181506
1.054759,-0.647350,0.173994
1.055561,-0.648019,0.166476
1.055567,-0.648023,0.158824
1.056298,-0.648632,0.151300
1.056993,-0.649212,0.143770
1.057653,-0.649762,0.136235
1.058277,-0.650282,0.128694
1.055808,-0.648225,0.120757
1.056360,-0.648684,0.113232
1.056110,-0.648476,0.105616
1.055825,-0.648238,0.098009
1.056269,-0.648608,0.090484
1.056677,-0.648949,0.082956
1.056284,-0.648621,0.075363
1.057389,-0.649542,0.067890
1.058458,-0.650433,0.060402
1.057190,-0.649376,0.052771
1.060492,-0.652128,0.045383
1.062223,-0.653571,0.037883
1.060848,-0.652425,0.030259
1.060205,-0.651889,0.022677
1.060294,-0.651963,0.015119
1.060347,-0.652008,0.007559
1.060365,-0.652023,0.000000
1.060347,-0.652008,-0.007559
1.061062,-0.652603,-0.015131
1.060973,-0.652529,-0.022695
1.060848,-0.652425,-0.030259
1.060688,-0.652291,-0.037822
1.065098,-0.655967,-0.045604
1.042706,-0.641365,0.256404
1.045396,-0.643619,0.249370
1.045048,-0.643327,0.241522
1.047672,-0.645525,0.234445
1.051772,-0.648960,0.227702
1.052825,-0.649842,0.220193
1.047801,-0.645633,0.211309
1.048777,-0.646451,0.203833
1.044421,-0.642801,0.195237
1.045321,-0.643556,0.187788
1.045429,-0.643646,0.180185
1.046259,-0.644341,0.172728
1.051611,-0.648825,0.166073
1.052374,-0.649465,0.158567
1.048538,-0.646251,0.150320
1.048466,-0.646190,0.142723
1.049120,-0.646738,0.135243
1.048976,-0.646617,0.127653
1.049559,-0.647106,0.120169
1.050870,-0.648204,0.112772
1.054437,-0.651193,0.105616
1.054916,-0.651594,0.098089
1.055360,-0.651966,0.090558
1.055768,-0.652308,0.083023
1.058436,-0.654543,0.075670
1.056478,-0.652903,0.067945
1.056014,-0.652514,0.060353
1.057812,-0.654021,0.052900
1.056511,-0.652931,0.045273
1.055940,-0.652452,0.037699
1.056100,-0.652586,0.030161
1.056224,-0.652690,0.022622
1.054780,-0.651480,0.015057
1.054833,-0.651524,0.007529
1.054851,-0.651539,0.000000
1.054833,-0.651524,-0.007529
1.058612,-0.654691,-0.015119
1.058523,-0.654616,-0.022677
1.058399,-0.654512,-0.030235
1.060537,-0.656304,-0.037883
1.060341,-0.656139,-0.045457
1.039703,-0.641773,0.248163
1.043103,-0.644632,0.241327
1.047225,-0.648099,0.234634
1.050566,-0.650909,0.227702
1.051618,-0.651793,0.220193
1.051126,-0.651380,0.212335
1.052861,-0.652838,0.204987
1.053806,-0.653633,0.197461
1.053959,-0.653762,0.189774
1.054075,-0.653860,0.182093
1.056428,-0.655839,0.174838
1.055715,-0.655239,0.167015
1.055722,-0.655245,0.159338
1.055693,-0.655221,0.151667
1.054107,-0.653887,0.143770
1.052483,-0.652521,0.135904
1.050820,-0.651122,0.128070
1.055974,-0.655456,0.121149
1.051952,-0.652074,0.113048
1.052465,-0.652506,0.105531
1.052943,-0.652908,0.098009
1.051096,-0.651354,0.090264
1.051502,-0.651696,0.082754
1.051873,-0.652008,0.075241
1.051445,-0.651648,0.067669
1.051745,-0.651900,0.060157
1.055068,-0.654695,0.052814
1.053769,-0.653602,0.045199
1.053964,-0.653766,0.037669
1.054123,-0.653900,0.030137
1.052716,-0.652717,0.022567
1.052804,-0.652791,0.015045
1.052858,-0.652836,0.007523
1.055171,-0.654781,0.000000
1.055153,-0.654767,-0.007541
1.055866,-0.655365,-0.015094
1.058073,-0.657221,-0.022695
1.058713,-0.657760,-0.030284
1.058553,-0.657626,-0.037853
1.059888,-0.658748,-0.045494
1.061185,-0.659839,-0.053158
1.045454,-0.649805,0.257854
1.046646,-0.650811,0.250375
1.047802,-0.651787,0.242887
1.044421,-0.648932,0.234256
1.045502,-0.649845,0.226786
1.046548,-0.650728,0.219308
1.047558,-0.651581,0.211822
1.048534,-0.652405,0.204327
1.046457,-0.650651,0.196190
1.047359,-0.651413,0.188705
1.048226,-0.652145,0.181212
1.049058,-0.652848,0.173713
1.047584,-0.651603,0.165803
1.050617,-0.654164,0.158695
1.051343,-0.654777,0.151177
1.052034,-0.655360,0.143654
1.052690,-0.655914,0.136124
1.053310,-0.656438,0.128590
1.052375,-0.655648,0.120855
1.052924,-0.656112,0.113324
1.051915,-0.655260,0.105616
1.052392,-0.655663,0.098089
1.052835,-0.656036,0.090558
1.050954,-0.654449,0.082821
1.053613,-0.656694,0.075486
1.051661,-0.655045,0.067780
1.051198,-0.654654,0.060206
1.052225,-0.655522,0.052728
1.053218,-0.656361,0.045236
1.051886,-0.655235,0.037638
1.053572,-0.656659,0.030161
1.053696,-0.656764,0.022622
1.053784,-0.656838,0.015082
1.053073,-0.656238,0.007535
1.053091,-0.656253,0.000000
1.050017,-0.653657,-0.007510
1.053020,-0.656193,-0.015069
1.052932,-0.656119,-0.022603
1.052808,-0.656014,-0.030137
1.054940,-0.657815,-0.037761
1.057800,-0.660229,-0.045457
1.058332,-0.660679,-0.053072
1.034588,-0.643451,0.255161
1.043985,-0.651415,0.249973
1.045138,-0.652392,0.242497
1.046255,-0.653339,0.235012
1.047338,-0.654257,0.227519
1.043880,-0.651326,0.218954
1.044888,-0.652180,0.211480
1.045860,-0.653004,0.203998
1.045291,-0.652522,0.196190
1.046192,-0.653286,0.188705
1.047812,-0.654659,0.181359
1.046378,-0.653443,0.173432
1.047172,-0.654116,0.165938
1.044905,-0.652195,0.157924
1.044112,-0.651523,0.150198
1.044798,-0.652104,0.142723
1.046965,-0.653941,0.135463
1.047582,-0.654463,0.127965
1.047404,-0.654313,0.120365
1.048710,-0.655419,0.112956
1.048461,-0.655208,0.105359
1.048176,-0.654967,0.097770
1.048616,-0.655340,0.090264
1.049021,-0.655683,0.082754
1.049391,-0.655996,0.075241
1.048964,-0.655634,0.067669
1.050025,-0.656534,0.060206
1.050289,-0.656758,0.052685
1.050518,-0.656952,0.045162
1.049949,-0.656470,0.037607
1.049345,-0.655958,0.030063
1.047180,-0.654123,0.022493
1.047268,-0.654197,0.014996
1.047320,-0.654242,0.007498
1.047338,-0.654257,0.000000
1.049609,-0.656181,-0.007516
1.049556,-0.656137,-0.015033
1.052519,-0.658648,-0.022622
1.052396,-0.658543,-0.030161
1.053762,-0.659701,-0.037761
1.058142,-0.663413,-0.045531
1.059435,-0.664509,-0.053201
1.037449,-0.648680,0.264044
1.040901,-0.651617,0.257232
1.042832,-0.653259,0.249973
1.043236,-0.653603,0.242302
1.045099,-0.655187,0.235012
1.046180,-0.656106,0.227519
1.044977,-0.655083,0.219485
1.044484,-0.654664,0.211651
1.045456,-0.655491,0.204162
1.045640,-0.655648,0.196508
1.047294,-0.657054,0.189163
1.048161,-0.657791,0.181652
1.048238,-0.657857,0.173994
1.049034,-0.658534,0.166476
1.044506,-0.654683,0.158053
1.045228,-0.655296,0.150565
1.044401,-0.654593,0.142839
1.045051,-0.655146,0.135353
1.050212,-0.659535,0.128486
1.050795,-0.660031,0.120953
1.051342,-0.660497,0.113416
1.051855,-0.660933,0.105874
1.052332,-0.661339,0.098328
1.048216,-0.657838,0.090337
1.047861,-0.657536,0.082754
1.048230,-0.657850,0.075241
1.053127,-0.662015,0.068056
1.051145,-0.660329,0.060353
1.052171,-0.661202,0.052857
1.052400,-0.661397,0.045310
1.052594,-0.661562,0.037761
1.051992,-0.661049,0.030186
1.052877,-0.661802,0.022659
1.049157,-0.658638,0.015045
1.048448,-0.658035,0.007516
1.049227,-0.658698,0.000000
1.062159,-0.669697,-0.007627
1.048395,-0.657990,-0.015033
1.054400,-0.663098,-0.022695
1.055038,-0.663640,-0.030284
1.054117,-0.662857,-0.037822
1.053923,-0.662692,-0.045383
1.054454,-0.663144,-0.052986
1.037044,-0.651147,0.264257
1.040492,-0.654090,0.257439
1.041676,-0.655101,0.249973
1.040587,-0.654172,0.241912
1.039458,-0.653208,0.233878
1.040532,-0.654125,0.226420
1.041572,-0.655012,0.218954
1.040328,-0.653950,0.210967
1.041295,-0.654776,0.203503
1.042227,-0.655571,0.196031
1.040118,-0.653771,0.187941
1.039473,-0.653221,0.180185
1.040297,-0.653923,0.172728
1.042593,-0.655883,0.165534
1.043348,-0.656528,0.158053
1.044823,-0.657787,0.150688
1.045509,-0.658372,0.143188
1.046159,-0.658928,0.135684
1.046775,-0.659453,0.128174
1.047356,-0.659949,0.120659
1.046386,-0.659122,0.112956
1.046896,-0.659557,0.105445
1.047371,-0.659962,0.097930
1.044776,-0.657747,0.090117
1.045179,-0.658091,0.082619
1.045547,-0.658405,0.075118
1.051956,-0.663875,0.068056
1.048457,-0.660889,0.060255
1.048721,-0.661114,0.052728
1.048950,-0.661309,0.045199
1.049143,-0.661474,0.037669
1.049301,-0.661609,0.030137
1.049424,-0.661714,0.022603
1.049512,-0.661789,0.015069
1.047283,-0.659887,0.007516
1.047301,-0.659902,0.000000
1.049565,-0.661834,-0.007535
1.050273,-0.662439,-0.015082
1.055508,-0.666907,-0.022751
1.055384,-0.666801,-0.030333
1.049903,-0.662123,-0.037699
1.055030,-0.666499,-0.045494
1.055560,-0.666952,-0.053115
1.035135,-0.652366,0.264044
1.036348,-0.653405,0.256611
1.041246,-0.657601,0.250174
1.038671,-0.655394,0.241717
1.039034,-0.655705,0.234067
1.040107,-0.656625,0.226603
1.041146,-0.657514,0.219131
1.039905,-0.656451,0.211138
1.039373,-0.655996,0.203338
1.040303,-0.656793,0.195872
1.040448,-0.656917,0.188246
1.039805,-0.656366,0.180478
1.040629,-0.657072,0.173010
1.039913,-0.656458,0.165265
1.040665,-0.657103,0.157796
1.041383,-0.657718,0.150320
1.043575,-0.659595,0.143072
1.044224,-0.660151,0.135573
1.044838,-0.660678,0.128070
1.043906,-0.659879,0.120365
1.042181,-0.658401,0.112588
1.042688,-0.658836,0.105102
1.043160,-0.659240,0.097611
1.043598,-0.659615,0.090117
1.047789,-0.663205,0.082956
1.048158,-0.663521,0.075425
1.044700,-0.660559,0.067614
1.043481,-0.659515,0.060010
1.043743,-0.659739,0.052513
1.043970,-0.659934,0.045015
1.048717,-0.664000,0.037699
1.048875,-0.664136,0.030161
1.048998,-0.664241,0.022622
1.049086,-0.664316,0.015082
1.049139,-0.664362,0.007541
1.049156,-0.664377,0.000000
1.046860,-0.662410,-0.007523
1.046808,-0.662365,-0.015045
1.051276,-0.666193,-0.022677
1.051912,-0.666737,-0.030259
1.054790,-0.669202,-0.037945
1.054595,-0.669036,-0.045531
1.054365,-0.668839,-0.053115
1.054100,-0.668612,-0.060697
1.036469,-0.656717,0.280455
1.035537,-0.655916,0.272343
1.039009,-0.658902,0.265535
1.040227,-0.659949,0.258061
1.041410,-0.660967,0.250576
1.040327,-0.660036,0.242497
1.041438,-0.660991,0.235012
1.037297,-0.657429,0.226237
1.036839,-0.657036,0.218423
1.037838,-0.657895,0.210967
1.038802,-0.658724,0.203503
1.039731,-0.659523,0.196031
1.040626,-0.660293,0.188552
1.041486,-0.661032,0.181065
1.044562,-0.663678,0.173994
1.043100,-0.662421,0.166073
1.043104,-0.662424,0.158438
1.043823,-0.663043,0.150932
1.043755,-0.662984,0.143305
1.044404,-0.663542,0.135794
1.045018,-0.664071,0.128278
1.045597,-0.664569,0.120757
1.045387,-0.664388,0.113140
1.046651,-0.665475,0.105702
1.046369,-0.665233,0.098089
1.047564,-0.666261,0.090632
1.047212,-0.665957,0.083023
1.048337,-0.666925,0.075547
1.048671,-0.667213,0.068001
1.048970,-0.667470,0.060451
1.049234,-0.667696,0.052900
1.049462,-0.667893,0.045346
1.047382,-0.666104,0.037699
1.047540,-0.666240,0.030161
1.046905,-0.665693,0.022603
1.046234,-0.665117,0.015057
1.046287,-0.665162,0.007529
1.049337,-0.667785,0.000000
1.045529,-0.664510,-0.007523
1.045476,-0.664465,-0.015045
1.048421,-0.666997,-0.022640
1.048298,-0.666892,-0.030186
1.048140,-0.666756,-0.037730
1.047947,-0.666590,-0.045273
1.049234,-0.667696,-0.052900
1.041423,-0.665096,0.282480
1.030169,-0.655366,0.271247
1.043975,-0.667303,0.267453
1.034098,-0.658763,0.256818
1.035273,-0.659779,0.249370
1.036413,-0.660765,0.241912
1.037519,-0.661721,0.234445
1.037102,-0.661360,0.226603
1.037392,-0.661611,0.218954
1.037646,-0.661830,0.211309
1.038609,-0.662663,0.203833
1.039538,-0.663466,0.196349
1.038937,-0.662947,0.188552
1.039795,-0.663688,0.181065
1.039120,-0.663105,0.173291
1.039907,-0.663785,0.165803
1.040659,-0.664436,0.158310
1.039124,-0.663108,0.150443
1.039805,-0.663697,0.142956
1.041955,-0.665556,0.135684
1.039558,-0.663484,0.127757
1.043145,-0.666585,0.120659
1.043687,-0.667054,0.113140
1.045703,-0.668796,0.105788
1.040898,-0.664642,0.097691
1.046615,-0.669585,0.090705
1.041735,-0.665366,0.082686
1.047387,-0.670252,0.075608
1.042433,-0.665969,0.067669
1.048018,-0.670798,0.060500
1.040724,-0.664492,0.052513
1.047754,-0.670570,0.045346
1.041142,-0.664853,0.037515
1.045836,-0.668911,0.030161
1.045202,-0.668363,0.022603
1.046046,-0.669093,0.015082
1.045342,-0.668484,0.007535
1.046116,-0.669153,0.000000
1.045342,-0.668484,-0.007535
1.046802,-0.669747,-0.015094
1.045202,-0.668363,-0.022603
1.046592,-0.669565,-0.030186
1.048703,-0.671390,-0.037822
1.049266,-0.671877,-0.045420
1.055839,-0.677560,-0.053372
1.032136,-0.659934,0.280004
1.033417,-0.661045,0.272562
1.034663,-0.662126,0.265109
1.035874,-0.663177,0.257647
1.037051,-0.664198,0.250174
1.038193,-0.665189,0.242692
1.039300,-0.666150,0.235201
1.040373,-0.667081,0.227702
1.041411,-0.667981,0.220193
1.037205,-0.664331,0.211480
1.036677,-0.663874,0.203668
1.037604,-0.664678,0.196190
1.037749,-0.664804,0.188552
1.038606,-0.665547,0.181065
1.038680,-0.665612,0.173432
1.039466,-0.666294,0.165938
1.040218,-0.666946,0.158438
1.040935,-0.667568,0.150932
1.036366,-0.663603,0.142607
1.037009,-0.664162,0.135132
1.037618,-0.664690,0.127653
1.047212,-0.673015,0.121345
1.047757,-0.673488,0.113783
1.048267,-0.673930,0.106217
1.048742,-0.674342,0.098647
1.044662,-0.670802,0.090632
1.044311,-0.670498,0.083023
1.044678,-0.670816,0.075486
1.045010,-0.671105,0.067945
1.045308,-0.671363,0.060402
1.044816,-0.670936,0.052814
1.045043,-0.671133,0.045273
1.045235,-0.671300,0.037730
1.045393,-0.671436,0.030186
1.045515,-0.671543,0.022640
1.044847,-0.670963,0.015082
1.044900,-0.671009,0.007541
1.046428,-0.672335,0.000000
1.046410,-0.672319,-0.007553
1.046358,-0.672274,-0.015106
1.050046,-0.675474,-0.022751
1.049923,-0.675368,-0.030333
1.049765,-0.675230,-0.037914
1.049572,-0.675063,-0.045494
1.050098,-0.675519,-0.053115
1.049834,-0.675290,-0.060697
1.031873,-0.662895,0.264683
1.036768,-0.667160,0.258268
1.037946,-0.668186,0.250777
1.035391,-0.665960,0.242302
1.032793,-0.663697,0.233878
1.033858,-0.664624,0.226420
1.033404,-0.664229,0.218600
1.032912,-0.663800,0.210796
1.036845,-0.667227,0.203998
1.034793,-0.665439,0.195872
1.035682,-0.666214,0.188399
1.040266,-0.670207,0.181652
1.041089,-0.670924,0.174135
1.035153,-0.665753,0.165400
1.035901,-0.666404,0.157924
1.036614,-0.667026,0.150443
1.037293,-0.667617,0.142956
1.040185,-0.670137,0.135794
1.040796,-0.670669,0.128278
1.041372,-0.671171,0.120757
1.041913,-0.671642,0.113232
1.042420,-0.672084,0.105702
1.039133,-0.669220,0.097770
1.038816,-0.668944,0.090190
1.043730,-0.673225,0.083091
1.044849,-0.674200,0.075608
1.039912,-0.669899,0.067669
1.045479,-0.674749,0.060500
1.046495,-0.675634,0.052986
1.046722,-0.675832,0.045420
1.046915,-0.676000,0.037853
1.047073,-0.676137,0.030284
1.047949,-0.676901,0.022732
1.045021,-0.674350,0.015106
1.045074,-0.674396,0.007553
1.043583,-0.673097,0.000000
1.045074,-0.674396,-0.007553
1.045021,-0.674350,-0.015106
1.042672,-0.672303,-0.022603
1.042550,-0.672197,-0.030137
1.041640,-0.671404,-0.037638
1.041448,-0.671237,-0.045162
1.041222,-0.671040,-0.052685
1.043973,-0.673437,-0.060402
1.023933,-0.658836,0.286050
1.025237,-0.659976,0.278654
1.025773,-0.660445,0.271028
1.027743,-0.662167,0.263831
1.037783,-0.670946,0.258889
1.038961,-0.671976,0.251381
1.038628,-0.671685,0.243473
1.039735,-0.672653,0.235958
1.040808,-0.673591,0.228434
1.035177,-0.668668,0.219308
1.033948,-0.667593,0.211309
1.036392,-0.669730,0.204162
1.037318,-0.670539,0.196666
1.035233,-0.668716,0.188552
1.036086,-0.669463,0.181065
1.039887,-0.672785,0.174135
1.037690,-0.670865,0.166073
1.038440,-0.671520,0.158567
1.042144,-0.674759,0.151544
1.042826,-0.675355,0.144002
1.041977,-0.674613,0.136235
1.042589,-0.675148,0.128694
1.043166,-0.675653,0.121149
1.043709,-0.676127,0.113599
1.041966,-0.674603,0.105788
1.040936,-0.673703,0.098089
1.039119,-0.672114,0.090337
1.041773,-0.674434,0.083023
1.042139,-0.674754,0.075486
1.043973,-0.676359,0.068056
1.044270,-0.676618,0.060500
1.044532,-0.676847,0.052943
1.043255,-0.675730,0.045310
1.041942,-0.674582,0.037699
1.039841,-0.672745,0.030088
1.039962,-0.672851,0.022567
1.040049,-0.672927,0.015045
1.042360,-0.674948,0.007541
1.042377,-0.674963,0.000000
1.043113,-0.675606,-0.007547
1.042307,-0.674902,-0.015082
1.042220,-0.674826,-0.022622
1.042099,-0.674719,-0.030161
1.042694,-0.675240,-0.037730
1.041750,-0.674415,-0.045236
1.041524,-0.674217,-0.052771
1.041263,-0.673988,-0.060304
1.041718,-0.674387,-0.067890
1.024961,-0.662570,0.286743
1.025534,-0.663072,0.279104
1.026804,-0.664187,0.271686
1.028774,-0.665916,0.264470
1.032183,-0.668907,0.257647
1.034827,-0.671227,0.250576
1.038914,-0.674813,0.243863
1.040021,-0.675785,0.236336
1.038138,-0.674132,0.228068
1.037693,-0.673742,0.220193
1.035729,-0.672018,0.211993
1.036689,-0.672861,0.204492
1.036131,-0.672371,0.196666
1.037764,-0.673804,0.189316
1.037876,-0.673902,0.181652
1.036464,-0.672663,0.173713
1.039482,-0.675312,0.166611
1.040233,-0.675971,0.159081
1.035728,-0.672017,0.150688
1.036405,-0.672612,0.143188
1.039289,-0.675143,0.136014
1.036162,-0.672398,0.127965
1.036734,-0.672901,0.120463
1.040267,-0.676000,0.113324
1.037776,-0.673815,0.105445
1.038245,-0.674226,0.097930
1.037930,-0.673950,0.090337
1.038329,-0.674300,0.082821
1.038694,-0.674620,0.075302
1.040525,-0.676227,0.067890
1.037067,-0.673192,0.060108
1.037327,-0.673420,0.052599
1.038303,-0.674277,0.045126
1.038494,-0.674445,0.037607
1.038650,-0.674582,0.030088
1.041026,-0.676666,0.022622
1.041865,-0.677402,0.015094
1.044924,-0.680086,0.007572
1.044941,-0.680102,0.000000
1.041917,-0.677448,-0.007547
1.041865,-0.677402,-0.015094
1.042529,-0.677985,-0.022659
1.040905,-0.676560,-0.030161
1.040748,-0.676422,-0.037699
1.042059,-0.677573,-0.045310
1.040331,-0.676056,-0.052771
1.040070,-0.675827,-0.060304
1.028002,-0.668126,0.280229
1.029275,-0.669247,0.272781
1.030514,-0.670338,0.265322
1.031719,-0.671399,0.257854
1.032889,-0.672429,0.250375
1.034025,-0.673429,0.242887
1.035126,-0.674399,0.235390
1.035455,-0.674689,0.227702
1.035009,-0.674296,0.219839
1.034525,-0.673870,0.211993
1.035484,-0.674715,0.204492
1.036408,-0.675529,0.196984
1.037298,-0.676312,0.189469
1.038153,-0.677065,0.181946
1.037488,-0.676479,0.174135
1.035298,-0.674551,0.166073
1.036045,-0.675209,0.158567
1.036758,-0.675837,0.151055
1.036691,-0.675777,0.143421
1.037334,-0.676344,0.135904
1.037943,-0.676880,0.128382
1.037770,-0.676727,0.120757
1.038308,-0.677202,0.113232
1.038812,-0.677646,0.105702
1.039282,-0.678059,0.098169
1.038968,-0.677783,0.090558
1.039368,-0.678135,0.083023
1.039733,-0.678456,0.075486
1.040063,-0.678747,0.067945
1.041858,-0.680327,0.060500
1.042119,-0.680557,0.052943
1.043095,-0.681417,0.045420
1.043287,-0.681586,0.037853
1.043444,-0.681724,0.030284
1.043566,-0.681832,0.022714
1.043653,-0.681908,0.015143
1.042955,-0.681294,0.007566
1.042972,-0.681309,0.000000
1.042955,-0.681294,-0.007566
1.042903,-0.681248,-0.015131
1.042815,-0.681171,-0.022695
1.042693,-0.681064,-0.030259
1.041787,-0.680265,-0.037791
1.041595,-0.680096,-0.045346
1.041369,-0.679897,-0.052900
1.041108,-0.679667,-0.060451
1.033409,-0.677046,0.274534
1.030995,-0.674909,0.265962
1.030734,-0.674679,0.258061
1.031903,-0.675713,0.250576
1.031568,-0.675417,0.242692
1.032666,-0.676388,0.235201
1.033729,-0.677330,0.227702
1.034021,-0.677588,0.220016
1.035015,-0.678468,0.212506
1.035974,-0.679317,0.204987
1.034681,-0.678172,0.196984
1.034829,-0.678303,0.189316
1.034940,-0.678402,0.181652
1.036499,-0.679781,0.174276
1.037282,-0.680475,0.166745
1.035804,-0.679166,0.158824
1.036516,-0.679796,0.151300
1.037194,-0.680396,0.143770
1.037093,-0.680307,0.136124
1.038446,-0.681505,0.128694
1.038274,-0.681353,0.121051
1.037322,-0.680510,0.113324
1.039317,-0.682276,0.105960
1.036801,-0.680049,0.098089
1.037235,-0.680433,0.090558
1.037633,-0.680786,0.083023
1.037998,-0.681108,0.075486
1.038327,-0.681400,0.067945
1.038622,-0.681661,0.060402
1.037386,-0.680566,0.052771
1.037611,-0.680766,0.045236
1.037802,-0.680934,0.037699
1.038706,-0.681735,0.030186
1.040325,-0.683168,0.022677
1.041160,-0.683908,0.015131
1.041212,-0.683954,0.007566
1.043476,-0.685957,0.000000
1.043459,-0.685942,-0.007584
1.044155,-0.686559,-0.015180
1.044068,-0.686481,-0.022769
1.043946,-0.686373,-0.030358
1.037053,-0.680272,-0.037669
1.036863,-0.680103,-0.045199
1.036638,-0.679904,-0.052728
1.040118,-0.682985,-0.060500
1.027193,-0.674200,0.273000
1.024775,-0.672054,0.264470
1.025972,-0.673116,0.257025
1.029331,-0.676100,0.250174
1.028262,-0.675150,0.242107
1.030824,-0.677425,0.235012
1.032620,-0.679020,0.227702
1.035119,-0.681240,0.220547
1.033903,-0.680160,0.212506
1.034861,-0.681011,0.204987
1.035784,-0.681831,0.197461
1.033717,-0.679995,0.189316
1.031610,-0.678124,0.181212
1.032424,-0.678847,0.173713
1.036168,-0.682171,0.166745
1.036915,-0.682835,0.159209
1.037628,-0.683469,0.151667
1.038307,-0.684071,0.144119
1.033749,-0.680023,0.135794
1.032124,-0.678580,0.127965
1.034926,-0.681068,0.120757
1.033229,-0.679561,0.112956
1.033730,-0.680006,0.105445
1.038668,-0.684392,0.098408
1.039103,-0.684778,0.090852
1.039502,-0.685133,0.083293
1.039867,-0.685457,0.075731
1.037211,-0.683098,0.067945
1.037505,-0.683359,0.060402
1.037765,-0.683590,0.052857
1.037990,-0.683790,0.045310
1.037433,-0.683295,0.037730
1.039084,-0.684761,0.030235
1.039205,-0.684869,0.022677
1.042283,-0.687602,0.015168
1.042335,-0.687648,0.007584
1.042352,-0.687664,0.000000
1.040840,-0.686320,-0.007572
1.040787,-0.686274,-0.015143
1.039953,-0.685533,-0.022695
1.037589,-0.683434,-0.030186
1.037433,-0.683295,-0.037730
1.034254,-0.680472,-0.045126
1.034030,-0.680273,-0.052642
1.036758,-0.682696,-0.060353
1.028750,-0.678858,0.273877
1.027800,-0.678011,0.265749
1.029000,-0.679081,0.258268
1.030165,-0.680120,0.250777
1.028368,-0.678518,0.242497
1.029462,-0.679493,0.235012
1.030521,-0.680437,0.227519
1.029342,-0.679386,0.219485
1.030330,-0.680267,0.211993
1.030548,-0.680461,0.204327
1.031466,-0.681280,0.196825
1.032350,-0.682068,0.189316
1.032462,-0.682168,0.181652
1.033277,-0.682894,0.174135
1.031098,-0.680952,0.166073
1.033322,-0.682935,0.158824
1.034032,-0.683568,0.151300
1.031743,-0.681527,0.143305
1.030156,-0.680112,0.135463
1.032987,-0.682636,0.128278
1.031328,-0.681157,0.120463
1.031863,-0.681634,0.112956
1.034594,-0.684069,0.105702
1.035061,-0.684485,0.098169
1.034749,-0.684207,0.090558
1.035146,-0.684562,0.083023
1.035509,-0.684885,0.075486
1.035838,-0.685178,0.067945
1.036132,-0.685440,0.060402
1.035645,-0.685006,0.052814
1.037361,-0.686537,0.045346
1.036060,-0.685376,0.037730
1.036215,-0.685515,0.030186
1.037829,-0.686954,0.022677
1.037915,-0.687031,0.015119
1.035728,-0.685081,0.007541
1.038731,-0.687758,0.000000
1.035728,-0.685081,-0.007541
1.034930,-0.684369,-0.015069
1.035590,-0.684957,-0.022622
1.038454,-0.687511,-0.030259
1.038298,-0.687372,-0.037822
1.039599,-0.688532,-0.045457
1.042356,-0.690991,-0.053201
1.026822,-0.680024,0.273657
1.027328,-0.680477,0.265962
1.028527,-0.681550,0.258475
1.029692,-0.682593,0.250979
1.030822,-0.683604,0.243473
1.023137,-0.676727,0.233689
1.024189,-0.677668,0.226237
1.025206,-0.678579,0.218777
1.026189,-0.679458,0.211309
1.027139,-0.680308,0.203833
1.027318,-0.680468,0.196190
1.028198,-0.681256,0.188705
1.029043,-0.682012,0.181212
1.031330,-0.684059,0.173994
1.033586,-0.686077,0.166745
1.034331,-0.686744,0.159209
1.033562,-0.686056,0.151422
1.034238,-0.686661,0.143886
1.034137,-0.686571,0.136235
1.032520,-0.685123,0.128382
1.035314,-0.687624,0.121149
1.036593,-0.688769,0.113691
1.037838,-0.689883,0.106217
1.038306,-0.690302,0.098647
1.038740,-0.690690,0.091073
1.039139,-0.691047,0.083496
1.036529,-0.688711,0.075670
1.036857,-0.689005,0.068111
1.037151,-0.689268,0.060550
1.037411,-0.689501,0.052986
1.033913,-0.686370,0.045236
1.037826,-0.689872,0.037853
1.035747,-0.688012,0.030210
1.034378,-0.686786,0.022622
1.035209,-0.687530,0.015094
1.036006,-0.688243,0.007553
1.036023,-0.688259,0.000000
1.035261,-0.687577,-0.007547
1.035954,-0.688197,-0.015106
1.036613,-0.688787,-0.022677
1.035747,-0.688012,-0.030210
1.036337,-0.688539,-0.037791
1.036891,-0.689035,-0.045383
1.025604,-0.681860,0.273657
1.023928,-0.680356,0.265322
1.025123,-0.681428,0.257854
1.026283,-0.682470,0.250375
1.026679,-0.682826,0.242692
1.026308,-0.682493,0.234823
1.026632,-0.682784,0.227152
1.026920,-0.683042,0.219485
1.028637,-0.684585,0.212164
1.028855,-0.684780,0.204492
1.030506,-0.686263,0.197143
1.030654,-0.686396,0.189469
1.032973,-0.688479,0.182239
1.034525,-0.689872,0.174838
1.035305,-0.690574,0.167284
1.033100,-0.688593,0.159209
1.031595,-0.687241,0.151300
1.031530,-0.687182,0.143654
1.030689,-0.686428,0.135904
1.032772,-0.688299,0.128590
1.033342,-0.688810,0.121051
1.033877,-0.689291,0.113508
1.035120,-0.690407,0.106045
1.035587,-0.690826,0.098487
1.032309,-0.687882,0.090558
1.032705,-0.688238,0.083023
1.033067,-0.688563,0.075486
1.033394,-0.688857,0.067945
1.036660,-0.691790,0.060599
1.036919,-0.692023,0.053029
1.037144,-0.692225,0.045457
1.037334,-0.692396,0.037883
1.033027,-0.688527,0.030161
1.033148,-0.688636,0.022622
1.035466,-0.690717,0.015119
1.039237,-0.694105,0.007590
1.037023,-0.692116,0.000000
1.037005,-0.692100,-0.007572
1.035466,-0.690717,-0.015119
1.036867,-0.691976,-0.022714
1.034515,-0.689863,-0.030210
1.034360,-0.689724,-0.037761
1.045322,-0.699570,-0.045862
1.026353,-0.685435,0.266388
1.027550,-0.686514,0.258889
1.021437,-0.681003,0.249370
1.023285,-0.682669,0.242107
1.024371,-0.683648,0.234634
1.025424,-0.684597,0.227152
1.026442,-0.685515,0.219662
1.027426,-0.686402,0.212164
1.027643,-0.686597,0.204492
1.024891,-0.684117,0.196190
1.025034,-0.684246,0.188552
1.025142,-0.684343,0.180919
1.023743,-0.683082,0.173010
1.023779,-0.683114,0.165400
1.023779,-0.683114,0.157796
1.024481,-0.683747,0.150320
1.025149,-0.684349,0.142839
1.027998,-0.686917,0.135684
1.032293,-0.690788,0.128694
1.032863,-0.691302,0.121149
1.029699,-0.688450,0.113140
1.030198,-0.688900,0.105616
1.029181,-0.687983,0.097930
1.028129,-0.687035,0.090264
1.030005,-0.688726,0.082889
1.030366,-0.689051,0.075363
1.030692,-0.689345,0.067835
1.029500,-0.688271,0.060206
1.034953,-0.693185,0.052986
1.035177,-0.693387,0.045420
1.035367,-0.693558,0.037853
1.029581,-0.688344,0.030088
1.038613,-0.696485,0.022788
1.034986,-0.693216,0.015131
1.029838,-0.688576,0.007523
1.031341,-0.689930,0.000000
1.035038,-0.693262,-0.007566
1.034986,-0.693216,-0.015131
1.034900,-0.693138,-0.022695
1.037750,-0.695706,-0.030358
1.038336,-0.696235,-0.037975
1.038146,-0.696064,-0.045567
1.025309,-0.688731,0.266601
1.025779,-0.689157,0.258889
1.026214,-0.689550,0.251180
1.027339,-0.690569,0.243668
1.027702,-0.690898,0.235958
1.026572,-0.689875,0.227885
1.027591,-0.690798,0.220370
1.026386,-0.689706,0.212335
1.026603,-0.689903,0.204657
1.019468,-0.683439,0.195396
1.020340,-0.684228,0.187941
1.019712,-0.683659,0.180185
1.020514,-0.684386,0.172728
1.022751,-0.686413,0.165534
1.026427,-0.689743,0.158567
1.022717,-0.686382,0.150320
1.027800,-0.690987,0.143537
1.028436,-0.691563,0.136014
1.026089,-0.689437,0.128070
1.026654,-0.689949,0.120561
1.030137,-0.693105,0.113416
1.028421,-0.691550,0.105616
1.031100,-0.693977,0.098328
1.031530,-0.694367,0.090779
1.031926,-0.694725,0.083226
1.035985,-0.698403,0.075976
1.036314,-0.698700,0.068387
1.036607,-0.698966,0.060795
1.035386,-0.697860,0.053115
1.034129,-0.696721,0.045457
1.033578,-0.696222,0.037853
1.033733,-0.696362,0.030284
1.031630,-0.694457,0.022659
1.033939,-0.696549,0.015143
1.033991,-0.696596,0.007572
1.032526,-0.695269,0.000000
1.030285,-0.693239,-0.007541
1.032457,-0.695206,-0.015119
1.032371,-0.695128,-0.022677
1.032251,-0.695019,-0.030235
1.036541,-0.698906,-0.037975
1.038572,-0.700747,-0.045678
1.020080,-0.686644,0.273219
1.019135,-0.685785,0.265109
1.020322,-0.686864,0.257647
1.021475,-0.687911,0.250174
1.022594,-0.688928,0.242692
1.023679,-0.689915,0.235201
1.026912,-0.692854,0.228251
1.025746,-0.691794,0.220193
1.023813,-0.690037,0.211993
1.026948,-0.692886,0.204987
1.025670,-0.691724,0.196984
1.026547,-0.692522,0.189469
1.028854,-0.694619,0.182239
1.029665,-0.695356,0.174698
1.028974,-0.694728,0.166880
1.031183,-0.696735,0.159595
1.030421,-0.696043,0.151789
1.024479,-0.690642,0.143188
1.031731,-0.697234,0.136676
1.025711,-0.691762,0.128174
1.026276,-0.692275,0.120659
1.027543,-0.693427,0.113232
1.029515,-0.695219,0.105874
1.029978,-0.695641,0.098328
1.032622,-0.698043,0.090999
1.033018,-0.698403,0.083428
1.034118,-0.699403,0.075915
1.033707,-0.699029,0.068277
1.028826,-0.694593,0.060353
1.029083,-0.694826,0.052814
1.033742,-0.699062,0.045494
1.029494,-0.695200,0.037730
1.034087,-0.699375,0.030333
1.034207,-0.699484,0.022751
1.029114,-0.694855,0.015082
1.026205,-0.692211,0.007516
1.029182,-0.694917,0.000000
1.029165,-0.694901,-0.007541
1.030593,-0.696200,-0.015106
1.030508,-0.696122,-0.022659
1.035566,-0.700720,-0.030382
1.036151,-0.701251,-0.038006
1.019937,-0.689783,0.265749
1.021124,-0.690866,0.258268
1.020107,-0.689938,0.250174
1.021224,-0.690957,0.242692
1.022307,-0.691946,0.235201
1.023356,-0.692903,0.227702
1.023644,-0.693166,0.220016
1.020985,-0.690739,0.211651
1.025570,-0.694924,0.204987
1.022836,-0.692428,0.196666
1.023710,-0.693226,0.189163
1.028204,-0.697327,0.182386
1.029014,-0.698066,0.174838
1.026129,-0.695434,0.166611
1.026867,-0.696107,0.159081
1.027571,-0.696750,0.151544
1.028241,-0.697361,0.144002
1.028876,-0.697941,0.136455
1.027274,-0.696478,0.128590
1.027840,-0.696994,0.121051
1.028371,-0.697480,0.113508
1.028869,-0.697933,0.105960
1.029332,-0.698356,0.098408
1.029761,-0.698748,0.090852
1.030155,-0.699108,0.083293
1.030516,-0.699436,0.075731
1.030842,-0.699734,0.068166
1.026707,-0.695961,0.060304
1.026963,-0.696195,0.052771
1.028661,-0.697745,0.045310
1.028850,-0.697916,0.037761
1.029004,-0.698057,0.030210
1.029124,-0.698166,0.022659
1.030686,-0.699592,0.015131
1.030738,-0.699639,0.007566
1.032232,-0.701003,0.000000
1.032215,-0.700987,-0.007578
1.032164,-0.700940,-0.015155
1.032078,-0.700862,-0.022732
1.036388,-0.704796,-0.030456
1.037710,-0.706001,-0.038129
1.023760,-0.696203,0.267240
1.017016,-0.690027,0.257439
1.018164,-0.691078,0.249973
1.019278,-0.692098,0.242497
1.020358,-0.693088,0.235012
1.021405,-0.694046,0.227519
1.022418,-0.694974,0.220016
1.024849,-0.697201,0.212848
1.025795,-0.698067,0.205317
1.025251,-0.697569,0.197461
1.026128,-0.698371,0.189927
1.026970,-0.699143,0.182386
1.024128,-0.696540,0.174135
1.021245,-0.693900,0.165938
1.025635,-0.697921,0.159081
1.021947,-0.694542,0.150810
1.020415,-0.693139,0.142956
1.023244,-0.695730,0.135794
1.023841,-0.696277,0.128278
1.024405,-0.696793,0.120757
1.027137,-0.699296,0.113508
1.029103,-0.701096,0.106131
1.029566,-0.701520,0.098567
1.029995,-0.701913,0.090999
1.031126,-0.702949,0.083496
1.030750,-0.702605,0.075854
1.030340,-0.702229,0.068221
1.026212,-0.698449,0.060353
1.026468,-0.698683,0.052814
1.026690,-0.698886,0.045273
1.029826,-0.701759,0.037853
1.029980,-0.701900,0.030284
1.030100,-0.702010,0.022714
1.032398,-0.704114,0.015180
1.030237,-0.702135,0.007572
1.028042,-0.700125,0.000000
1.028025,-0.700109,-0.007553
1.027974,-0.700062,-0.015106
1.027888,-0.699984,-0.022659
1.031455,-0.703250,-0.030333
1.023703,-0.699127,0.259718
1.019811,-0.695550,0.250777
1.020205,-0.695912,0.243083
1.021286,-0.696906,0.235580
1.022333,-0.697868,0.228068
1.022622,-0.698134,0.220370
1.021424,-0.697033,0.212335
1.021640,-0.697231,0.204657
1.021821,-0.697397,0.196984
1.022694,-0.698200,0.189469
1.023533,-0.698971,0.181946
1.021422,-0.697031,0.173854
1.023650,-0.699078,0.166611
1.024385,-0.699754,0.159081
1.024356,-0.699728,0.151422
1.023561,-0.698996,0.143654
1.024193,-0.699577,0.136124
1.024791,-0.700127,0.128590
1.023889,-0.699298,0.120855
1.024418,-0.699785,0.113324
1.024913,-0.700239,0.105788
1.027576,-0.702687,0.098487
1.025801,-0.701055,0.090705
1.025459,-0.700741,0.083091
1.025082,-0.700395,0.075486
1.026141,-0.701368,0.068001
1.026432,-0.701635,0.060451
1.026688,-0.701870,0.052900
1.026910,-0.702074,0.045346
1.027097,-0.702247,0.037791
1.026515,-0.701712,0.030210
1.026634,-0.701822,0.022659
1.026720,-0.701900,0.015106
1.026771,-0.701947,0.007553
1.025315,-0.700609,0.000000
1.025298,-0.700594,-0.007541
1.025247,-0.700547,-0.015082
1.025162,-0.700468,-0.022622
1.028723,-0.703741,-0.030284
1.018307,-0.698441,0.258682
1.018017,-0.698173,0.250777
1.017689,-0.697870,0.242887
1.018767,-0.698866,0.235390
1.019089,-0.699163,0.227702
1.020821,-0.700764,0.220370
1.021074,-0.700997,0.212677
1.021291,-0.701198,0.204987
1.020747,-0.700696,0.197143
1.022345,-0.702172,0.189774
1.021730,-0.701603,0.181946
1.019624,-0.699658,0.173854
1.020391,-0.700366,0.166342
1.021124,-0.701043,0.158824
1.021822,-0.701689,0.151300
1.022487,-0.702303,0.143770
1.022388,-0.702212,0.136124
1.022985,-0.702763,0.128590
1.024278,-0.703958,0.121149
1.024807,-0.704447,0.113599
1.023839,-0.703552,0.105874
1.024299,-0.703977,0.098328
1.023993,-0.703694,0.090705
1.024384,-0.704056,0.083158
1.024742,-0.704386,0.075608
1.027266,-0.706718,0.068221
1.027556,-0.706986,0.060648
1.027813,-0.707223,0.053072
1.026567,-0.706072,0.045420
1.026754,-0.706245,0.037853
1.026908,-0.706387,0.030284
1.027027,-0.706498,0.022714
1.026378,-0.705898,0.015131
1.026429,-0.705945,0.007566
1.025712,-0.705282,0.000000
1.024226,-0.703909,-0.007547
1.024175,-0.703862,-0.015094
1.025559,-0.705141,-0.022677
1.013606,-0.696737,0.257647
1.013311,-0.696464,0.249772
1.014419,-0.697490,0.242302
1.015492,-0.698485,0.234823
1.016532,-0.699449,0.227336
1.017538,-0.700382,0.219839
1.021401,-0.703962,0.213019
1.022343,-0.704835,0.205482
1.022527,-0.705005,0.197778
1.021225,-0.703799,0.189774
1.022062,-0.704575,0.182239
1.022866,-0.705319,0.174698
1.023635,-0.706032,0.167149
1.017824,-0.700646,0.158438
1.024343,-0.706689,0.151912
1.023553,-0.705956,0.144119
1.019082,-0.701812,0.135794
1.024782,-0.707095,0.129007
1.025346,-0.707618,0.121443
1.025875,-0.708108,0.113875
1.019063,-0.701795,0.105445
1.019521,-0.702219,0.097930
1.019945,-0.702612,0.090411
1.023993,-0.706364,0.083226
1.024351,-0.706696,0.075670
1.025407,-0.707674,0.068166
1.025697,-0.707943,0.060599
1.025952,-0.708180,0.053029
1.026174,-0.708385,0.045457
1.023429,-0.705841,0.037761
1.023582,-0.705983,0.030210
1.026634,-0.708812,0.022732
1.026719,-0.708891,0.015155
1.024570,-0.706899,0.007559
1.024587,-0.706915,0.000000
1.023104,-0.705540,-0.007547
1.023053,-0.705492,-0.015094
1.022968,-0.705414,-0.022640
1.012936,-0.699414,0.257854
1.011927,-0.698474,0.249772
1.013032,-0.699503,0.242302
1.014103,-0.700500,0.234823
1.015141,-0.701466,0.227336
1.016146,-0.702400,0.219839
1.017838,-0.703975,0.212506
1.018053,-0.704175,0.204822
1.019679,-0.705688,0.197461
1.018379,-0.704478,0.189469
1.019213,-0.705255,0.181946
1.019289,-0.705325,0.174276
1.020055,-0.706038,0.166745
1.020061,-0.706043,0.159081
1.020759,-0.706693,0.151544
1.021422,-0.707310,0.144002
1.022052,-0.707896,0.136455
1.022648,-0.708451,0.128903
1.021753,-0.707618,0.121149
1.022280,-0.708109,0.113599
1.022774,-0.708568,0.106045
1.023233,-0.708995,0.098487
1.023659,-0.709391,0.090926
1.021128,-0.707037,0.083091
1.021485,-0.707368,0.075547
1.021076,-0.706988,0.067945
1.022096,-0.707937,0.060451
1.021619,-0.707493,0.052857
1.021839,-0.707698,0.045310
1.024953,-0.710595,0.037883
1.028033,-0.713462,0.030407
1.026689,-0.712211,0.022769
1.028238,-0.713653,0.015204
1.028289,-0.713700,0.007602
1.026842,-0.712354,0.000000
1.026825,-0.712338,-0.007590
1.028970,-0.714334,-0.015217
1.019267,-0.708306,0.252185
1.018230,-0.707339,0.244058
1.014284,-0.703653,0.235201
1.015322,-0.704623,0.227702
1.016326,-0.705561,0.220193
1.017297,-0.706467,0.212677
1.018234,-0.707342,0.205152
1.019137,-0.708185,0.197620
1.017839,-0.706974,0.189621
1.015058,-0.704376,0.181359
1.015855,-0.705120,0.173854
1.016617,-0.705832,0.166342
1.017347,-0.706513,0.158824
1.022394,-0.711227,0.152034
1.023059,-0.711848,0.144468
1.022963,-0.711759,0.136786
1.023560,-0.712316,0.129215
1.020486,-0.709445,0.121149
1.021012,-0.709936,0.113599
1.021505,-0.710396,0.106045
1.018320,-0.707423,0.098089
1.022388,-0.711221,0.090926
1.022779,-0.711586,0.083361
1.023865,-0.712601,0.075854
1.023458,-0.712221,0.068221
1.023747,-0.712491,0.060648
1.024002,-0.712729,0.053072
1.023493,-0.712253,0.045457
1.023680,-0.712428,0.037883
1.023833,-0.712571,0.030308
1.025413,-0.714047,0.022769
1.024037,-0.712761,0.015155
1.024088,-0.712809,0.007578
1.021912,-0.710777,0.000000
1.021895,-0.710761,-0.007559
1.021844,-0.710714,-0.015119
1.025161,-0.716805,0.254196
1.014832,-0.707125,0.243473
1.013755,-0.706116,0.235390
1.014793,-0.707088,0.227885
1.015796,-0.708029,0.220370
1.017485,-0.709611,0.213019
1.018422,-0.710489,0.205482
1.019325,-0.711335,0.197937
1.016588,-0.708771,0.189621
1.015977,-0.708198,0.181799
1.016774,-0.708945,0.174276
1.018984,-0.711016,0.167015
1.019714,-0.711701,0.159466
1.021136,-0.713033,0.152034
1.021799,-0.713655,0.144468
1.021704,-0.713565,0.136786
1.020848,-0.712763,0.129007
1.020683,-0.712608,0.121345
1.021209,-0.713101,0.113783
1.021701,-0.713563,0.106217
1.021433,-0.713311,0.098567
1.018946,-0.710981,0.090705
1.022248,-0.714075,0.083428
1.017506,-0.709631,0.075425
1.017827,-0.709932,0.067890
1.023215,-0.714982,0.060697
1.023470,-0.715221,0.053115
1.023691,-0.715428,0.045531
1.023878,-0.715603,0.037945
1.023301,-0.715062,0.030333
1.021961,-0.713806,0.022714
1.022046,-0.713886,0.015143
1.020637,-0.712566,0.007559
1.022114,-0.713949,0.000000
1.025015,-0.716669,-0.007596
1.011904,-0.708695,0.250979
1.013008,-0.709735,0.243473
1.010505,-0.707377,0.235012
1.013685,-0.710372,0.228068
1.014686,-0.711316,0.220547
1.012069,-0.708850,0.212164
1.013000,-0.709727,0.204657
1.017490,-0.713957,0.197937
1.016199,-0.712741,0.189927
1.017031,-0.713524,0.182386
1.018549,-0.714955,0.174979
1.018592,-0.714996,0.167284
1.017879,-0.714324,0.159466
1.017852,-0.714298,0.151789
1.018513,-0.714921,0.144235
1.018417,-0.714830,0.136565
1.019734,-0.716071,0.129111
1.019569,-0.715916,0.121443
1.019370,-0.715728,0.113783
1.017685,-0.714141,0.105960
1.018142,-0.714571,0.098408
1.018564,-0.714969,0.090852
1.018953,-0.715336,0.083293
1.019308,-0.715670,0.075731
1.018176,-0.714604,0.068056
1.019917,-0.716244,0.060599
1.020171,-0.716483,0.053029
1.020391,-0.716690,0.045457
1.020577,-0.716865,0.037883
1.020729,-0.717009,0.030308
1.020848,-0.717120,0.022732
1.018021,-0.714458,0.015106
1.018072,-0.714505,0.007553
1.018089,-0.714521,0.000000
1.018072,-0.714505,-0.007553
1.015570,-0.715281,0.252386
1.013115,-0.712960,0.243863
1.010618,-0.710599,0.235390
1.015223,-0.714953,0.228800
1.014081,-0.713873,0.220724
1.012900,-0.712757,0.212677
1.011682,-0.711604,0.204657
1.010425,-0.710416,0.196666
1.011285,-0.711230,0.189163
1.012112,-0.712011,0.181652
1.014344,-0.714122,0.174416
1.015105,-0.714841,0.166880
1.019435,-0.718935,0.159980
1.020131,-0.719594,0.152401
1.020794,-0.720220,0.144817
1.019978,-0.719449,0.137006
1.020572,-0.720011,0.129423
1.016070,-0.715754,0.121149
1.016594,-0.716249,0.113599
1.015635,-0.715343,0.105874
1.015366,-0.715088,0.098248
1.015788,-0.715487,0.090705
1.016175,-0.715853,0.083158
1.012903,-0.712759,0.075302
1.013222,-0.713061,0.067780
1.012056,-0.711958,0.060157
1.013759,-0.713569,0.052728
1.014704,-0.714462,0.045236
1.021425,-0.720817,0.037975
1.015766,-0.715466,0.030186
1.024602,-0.723821,0.022861
1.020327,-0.719779,0.015168
1.025464,-0.724636,0.007627
1.025481,-0.724652,0.000000
1.010155,-0.713542,0.259096
1.009870,-0.713272,0.251180
1.003147,-0.706889,0.241522
1.012039,-0.715330,0.236147
1.013073,-0.716312,0.228617
1.014073,-0.717262,0.221078
1.007180,-0.710718,0.211651
1.008105,-0.711596,0.204162
1.008997,-0.712443,0.196666
1.009856,-0.713258,0.189163
1.010681,-0.714041,0.181652
1.011472,-0.714793,0.174135
1.010793,-0.714148,0.166342
1.011517,-0.714835,0.158824
1.012207,-0.715490,0.151300
1.012863,-0.716113,0.143770
1.013486,-0.716705,0.136235
1.014076,-0.717264,0.128694
1.011745,-0.715051,0.120757
1.011543,-0.714860,0.113140
1.012753,-0.716008,0.105702
1.013206,-0.716439,0.098169
1.014349,-0.717524,0.090705
1.014736,-0.717891,0.083158
1.015090,-0.718227,0.075608
1.017582,-0.720592,0.068221
1.016420,-0.719489,0.060550
1.016672,-0.719729,0.052986
1.016891,-0.719937,0.045420
1.019251,-0.722177,0.037945
1.017228,-0.720257,0.030284
1.020972,-0.723811,0.022806
1.022507,-0.725268,0.015229
1.022557,-0.725316,0.007615
1.025475,-0.728086,0.000000
1.012548,-0.718808,0.244448
1.011484,-0.717795,0.236336
1.011094,-0.717423,0.228434
1.011379,-0.717695,0.220724
1.012343,-0.718613,0.213189
1.011131,-0.717459,0.205152
1.011311,-0.717630,0.197461
1.012171,-0.718450,0.189927
1.012998,-0.719238,0.182386
1.009491,-0.715896,0.173994
1.014552,-0.720718,0.167284
1.011688,-0.717989,0.159081
1.012378,-0.718647,0.151544
1.013754,-0.719957,0.144119
1.015816,-0.721922,0.136786
1.014967,-0.721113,0.129007
1.016964,-0.723016,0.121639
1.017488,-0.723515,0.114059
1.015092,-0.721233,0.106131
1.014825,-0.720978,0.098487
1.015246,-0.721379,0.090926
1.015633,-0.721748,0.083361
1.015987,-0.722085,0.075792
1.015584,-0.721701,0.068166
1.015870,-0.721973,0.060599
1.016122,-0.722214,0.053029
1.014894,-0.721044,0.045383
1.019421,-0.725356,0.038006
1.019573,-0.725501,0.030407
1.019691,-0.725614,0.022806
1.013984,-0.720176,0.015106
1.019826,-0.725742,0.007602
1.019843,-0.725759,0.000000
1.009133,-0.718585,0.243863
1.006649,-0.716210,0.235390
1.007677,-0.717192,0.227885
1.007959,-0.717463,0.220193
1.008919,-0.718381,0.212677
1.009846,-0.719266,0.205152
1.009312,-0.718756,0.197302
1.010170,-0.719576,0.189774
1.010995,-0.720365,0.182239
1.011787,-0.721122,0.174698
1.013261,-0.722531,0.167284
1.013986,-0.723225,0.159723
1.011091,-0.720457,0.151544
1.009593,-0.719024,0.143654
1.010931,-0.720304,0.136235
1.010800,-0.720179,0.128590
1.012073,-0.721396,0.121149
1.012593,-0.721893,0.113599
1.013080,-0.722359,0.106045
1.017857,-0.726926,0.098966
1.018279,-0.727329,0.091367
1.014340,-0.723564,0.083361
1.013972,-0.723211,0.075731
1.014291,-0.723517,0.068166
1.014577,-0.723790,0.060599
1.014829,-0.724030,0.053029
1.015047,-0.724239,0.045457
1.019566,-0.728560,0.038067
1.013938,-0.723179,0.030259
1.013333,-0.722600,0.022677
1.014139,-0.723371,0.015131
1.023585,-0.732403,0.007645
1.008570,-0.721046,0.244058
1.006799,-0.719348,0.235769
1.007827,-0.720333,0.228251
1.008110,-0.720606,0.220547
1.009070,-0.721527,0.213019
1.009997,-0.722416,0.205482
1.011602,-0.723956,0.198096
1.012462,-0.724781,0.190538
1.013289,-0.725575,0.182973
1.014083,-0.726336,0.175401
1.014127,-0.726379,0.167688
1.014138,-0.726389,0.159980
1.014829,-0.727052,0.152401
1.011904,-0.724245,0.144235
1.012525,-0.724842,0.136676
1.008090,-0.720586,0.128382
1.008642,-0.721116,0.120855
1.009161,-0.721613,0.113324
1.009646,-0.722079,0.105788
1.010097,-0.722512,0.098248
1.011955,-0.724294,0.090852
1.012340,-0.724664,0.083293
1.012692,-0.725002,0.075731
1.013011,-0.725308,0.068166
1.014737,-0.726964,0.060697
1.014989,-0.727206,0.053115
1.015929,-0.728107,0.045567
1.016835,-0.728977,0.038006
1.016986,-0.729122,0.030407
1.017104,-0.729235,0.022806
1.017910,-0.730008,0.015217
1.017960,-0.730057,0.007608
1.004066,-0.719756,0.250979
1.005159,-0.720809,0.243473
1.006218,-0.721829,0.235958
1.007244,-0.722817,0.228434
1.007529,-0.723091,0.220724
1.012036,-0.727431,0.214044
1.009413,-0.724905,0.205647
1.010305,-0.725765,0.198096
1.011164,-0.726592,0.190538
1.011990,-0.727386,0.182973
1.012782,-0.728149,0.175401
1.013540,-0.728879,0.167822
1.011408,-0.726826,0.159723
1.012097,-0.727490,0.152156
1.014184,-0.729499,0.144817
1.013375,-0.728720,0.137006
1.011098,-0.726528,0.129007
1.011652,-0.727061,0.121443
1.012172,-0.727562,0.113875
1.012658,-0.728030,0.106303
1.012393,-0.727775,0.098647
1.012812,-0.728179,0.091073
1.013917,-0.729242,0.083563
1.014270,-0.729582,0.075976
1.013869,-0.729197,0.068332
1.011996,-0.727393,0.060599
1.011528,-0.726942,0.052986
1.011745,-0.727151,0.045420
1.011929,-0.727328,0.037853
1.014240,-0.729554,0.030358
1.015078,-0.730360,0.022788
1.017322,-0.732522,0.015229
1.006823,-0.726804,0.244448
1.005768,-0.725783,0.236336
1.003968,-0.724040,0.228068
1.007785,-0.727736,0.221255
1.005912,-0.725923,0.213019
1.005417,-0.725444,0.205152
1.006305,-0.726303,0.197620
1.004320,-0.724381,0.189469
1.005138,-0.725173,0.181946
1.004501,-0.724557,0.174135
1.003116,-0.723216,0.166207
1.003833,-0.723910,0.158695
1.008794,-0.728712,0.151912
1.005166,-0.725200,0.143654
1.005782,-0.725797,0.136124
1.006366,-0.726362,0.128590
1.006916,-0.726894,0.121051
1.007433,-0.727395,0.113508
1.010065,-0.729942,0.106217
1.010516,-0.730379,0.098647
1.010935,-0.730784,0.091073
1.012036,-0.731850,0.083563
1.011671,-0.731496,0.075915
1.011989,-0.731804,0.068332
1.010838,-0.730690,0.060648
1.012524,-0.732323,0.053158
1.011306,-0.731143,0.045494
1.012926,-0.732712,0.037975
1.010922,-0.730772,0.030308
1.013194,-0.732971,0.022788
1.015433,-0.735138,0.015229
1.004579,-0.727427,0.236336
1.002782,-0.725682,0.228068
1.003063,-0.725955,0.220370
1.004016,-0.726881,0.212848
1.005644,-0.728462,0.205482
1.005116,-0.727949,0.197620
1.005969,-0.728777,0.190080
1.003950,-0.726817,0.181946
1.004735,-0.727579,0.174416
1.005486,-0.728308,0.166880
1.006204,-0.729006,0.159338
1.006889,-0.729671,0.151789
1.006115,-0.728919,0.144002
1.006019,-0.728826,0.136345
1.005176,-0.728007,0.128590
1.005726,-0.728541,0.121051
1.007670,-0.730430,0.113691
1.008154,-0.730900,0.106131
1.009320,-0.732031,0.098647
1.009737,-0.732437,0.091073
1.010837,-0.733505,0.083563
1.009040,-0.731760,0.075792
1.011506,-0.734155,0.068387
1.009641,-0.732343,0.060648
1.009891,-0.732586,0.053072
1.010108,-0.732797,0.045494
1.010292,-0.732975,0.037914
1.010442,-0.733121,0.030333
1.016297,-0.738807,0.022898
1.006648,-0.732848,0.237281
1.004858,-0.731103,0.228983
1.003734,-0.730006,0.220901
1.004688,-0.730936,0.213360
1.005608,-0.731834,0.205812
1.006496,-0.732700,0.198255
1.005935,-0.732153,0.190385
1.005339,-0.731571,0.182533
1.006124,-0.732337,0.174979
1.006876,-0.733070,0.167418
1.007595,-0.733771,0.159852
1.008281,-0.734439,0.152279
1.008933,-0.735075,0.144700
1.009552,-0.735679,0.137116
1.009426,-0.735556,0.129423
1.009265,-0.735399,0.121737
1.009783,-0.735904,0.114151
1.010268,-0.736377,0.106560
1.009292,-0.735426,0.098806
1.009709,-0.735833,0.091220
1.007236,-0.733421,0.083361
1.007586,-0.733762,0.075792
1.007902,-0.734070,0.068221
1.008185,-0.734346,0.060648
1.008435,-0.734590,0.053072
1.008651,-0.734801,0.045494
1.008835,-0.734980,0.037914
1.008985,-0.735126,0.030333
1.011249,-0.737333,0.022806
1.010249,-0.739455,0.238605
1.000738,-0.730149,0.228251
1.001723,-0.731112,0.220724
1.002674,-0.732044,0.213189
1.003593,-0.732942,0.205647
1.004478,-0.733808,0.198096
1.005330,-0.734642,0.190538
1.006149,-0.735444,0.182973
1.002689,-0.732058,0.174557
1.003438,-0.732791,0.167015
1.004863,-0.734185,0.159595
1.004128,-0.733466,0.151789
1.004777,-0.734101,0.144235
1.006103,-0.735399,0.136786
1.003132,-0.732492,0.128694
1.003680,-0.733028,0.121149
1.004195,-0.733531,0.113599
1.004676,-0.734003,0.106045
1.005125,-0.734441,0.098487
1.006253,-0.735545,0.090999
1.006636,-0.735920,0.083428
1.006985,-0.736261,0.075854
1.009442,-0.738665,0.068442
1.009725,-0.738943,0.060844
1.009976,-0.739188,0.053243
1.008050,-0.737303,0.045531
1.008233,-0.737482,0.037945
1.008382,-0.737629,0.030358
1.000533,-0.732983,0.236336
0.998745,-0.731228,0.228068
0.999727,-0.732192,0.220547
1.000676,-0.733124,0.213019
1.001592,-0.734024,0.205482
1.003884,-0.736274,0.198255
1.004736,-0.737110,0.190691
1.002025,-0.734448,0.182386
1.002807,-0.735216,0.174838
1.003556,-0.735952,0.167284
1.002856,-0.735265,0.159466
1.002830,-0.735239,0.151789
1.002769,-0.735179,0.144119
1.003384,-0.735783,0.136565
1.004675,-0.737050,0.129111
1.005223,-0.737589,0.121541
1.005028,-0.737398,0.113875
1.007643,-0.739965,0.106560
1.006670,-0.739010,0.098806
1.006375,-0.738720,0.091146
1.007469,-0.739794,0.083630
1.007819,-0.740138,0.076038
1.008135,-0.740448,0.068442
1.008418,-0.740726,0.060844
1.009381,-0.741671,0.053286
1.009597,-0.741884,0.045678
1.009781,-0.742064,0.038067
1.001921,-0.737433,0.221432
1.002872,-0.738371,0.213873
1.002385,-0.737891,0.205976
1.003269,-0.738762,0.198414
1.004119,-0.739600,0.190844
1.001414,-0.736934,0.182533
1.001490,-0.737009,0.174838
1.002238,-0.737746,0.167284
1.002952,-0.738450,0.159723
1.002927,-0.738425,0.152034
1.003575,-0.739064,0.144468
1.004190,-0.739669,0.136896
1.001229,-0.736752,0.128798
1.005320,-0.740783,0.121737
1.005835,-0.741291,0.114151
1.002769,-0.738270,0.106131
1.006767,-0.742209,0.098966
1.007183,-0.742619,0.091367
1.007565,-0.742996,0.083765
1.010048,-0.745442,0.076344
1.010365,-0.745755,0.068718
1.007091,-0.742529,0.060844
1.006629,-0.742073,0.053201
1.006845,-0.742286,0.045604
1.007028,-0.742466,0.038006
1.001831,-0.741805,0.229715
0.995823,-0.735855,0.220370
0.993268,-0.733323,0.211993
0.994175,-0.734222,0.204492
0.995050,-0.735089,0.196984
0.998701,-0.738705,0.190080
1.000216,-0.740206,0.182679
1.000996,-0.740978,0.175120
1.001039,-0.741021,0.167418
1.002457,-0.742425,0.159980
1.001022,-0.741004,0.152034
1.001669,-0.741645,0.144468
1.004400,-0.744350,0.137227
1.004982,-0.744927,0.129631
1.003410,-0.743369,0.121737
1.003216,-0.743177,0.114059
1.002989,-0.742952,0.106389
1.001312,-0.741291,0.098567
1.001016,-0.740998,0.090926
1.001396,-0.741375,0.083361
1.001743,-0.741718,0.075792
1.002057,-0.742029,0.068221
1.002338,-0.742307,0.060648
1.001876,-0.741850,0.053029
1.002091,-0.742063,0.045457
1.002272,-0.742243,0.037883
0.993659,-0.736492,0.227885
0.994634,-0.737461,0.220370
0.994179,-0.737009,0.212506
0.996487,-0.739302,0.205317
0.998064,-0.740870,0.197937
0.998909,-0.741710,0.190385
0.997617,-0.740425,0.182386
1.000501,-0.743291,0.175260
0.999139,-0.741938,0.167284
0.999850,-0.742645,0.159723
1.000529,-0.743319,0.152156
0.998357,-0.741160,0.144119
0.998967,-0.741767,0.136565
0.999545,-0.742342,0.129007
1.000090,-0.742883,0.121443
1.000602,-0.743392,0.113875
1.001082,-0.743868,0.106303
1.000821,-0.743609,0.098647
1.001234,-0.744019,0.091073
1.001613,-0.744397,0.083496
1.001960,-0.744742,0.075915
1.002274,-0.745054,0.068332
1.002555,-0.745333,0.060746
1.005638,-0.748396,0.053329
1.006562,-0.749315,0.045751
0.994266,-0.740568,0.228434
0.995242,-0.741542,0.220901
0.996185,-0.742483,0.213360
0.997794,-0.744088,0.205976
0.998672,-0.744964,0.198414
0.999518,-0.745807,0.190844
0.998229,-0.744522,0.182826
0.996904,-0.743200,0.174838
0.996946,-0.743242,0.167149
0.994847,-0.741148,0.159081
0.997630,-0.743924,0.151912
0.996164,-0.742461,0.144002
0.996773,-0.743069,0.136455
0.997349,-0.743644,0.128903
1.000006,-0.746295,0.121639
0.999813,-0.746102,0.113967
1.000292,-0.746580,0.106389
1.000738,-0.747025,0.098806
1.001150,-0.747436,0.091220
1.001530,-0.747815,0.083630
1.001877,-0.748161,0.076038
1.002191,-0.748474,0.068442
1.002471,-0.748754,0.060844
1.006963,-0.753236,0.053501
1.008593,-0.754863,0.045935
0.992956,-0.742324,0.228434
0.993930,-0.743299,0.220901
0.992783,-0.742150,0.212848
0.995780,-0.745152,0.205812
0.995959,-0.745330,0.198096
0.997500,-0.746873,0.190691
0.997611,-0.746985,0.182973
0.998388,-0.747763,0.175401
0.999132,-0.748508,0.167822
0.999843,-0.749220,0.160237
0.998418,-0.747792,0.152279
0.999061,-0.748437,0.144700
0.999672,-0.749049,0.137116
0.999548,-0.748924,0.129423
1.000796,-0.750173,0.121933
1.000604,-0.749982,0.114243
1.002491,-0.751871,0.106818
1.001529,-0.750908,0.099045
1.001237,-0.750616,0.091367
1.001617,-0.750996,0.083765
1.002669,-0.752049,0.076222
1.002983,-0.752364,0.068608
1.004676,-0.754058,0.061089
1.005630,-0.755014,0.053501
0.993539,-0.746020,0.213360
0.992359,-0.744835,0.205317
0.993231,-0.745711,0.197778
0.994071,-0.746555,0.190233
0.995575,-0.748067,0.182826
0.995652,-0.748144,0.175120
0.997092,-0.749592,0.167688
0.996403,-0.748899,0.159852
0.997078,-0.749577,0.152279
0.997721,-0.750223,0.144700
0.999032,-0.751540,0.137227
0.998206,-0.750711,0.129423
0.998750,-0.751257,0.121835
0.999261,-0.751771,0.114243
0.997631,-0.750132,0.106389
0.998075,-0.750579,0.098806
0.998486,-0.750992,0.091220
0.998864,-0.751372,0.083630
1.001322,-0.753842,0.076222
1.002340,-0.754864,0.068663
1.002621,-0.755146,0.061040
1.004278,-0.756812,0.053501
1.001676,-0.757312,0.223556
0.995688,-0.751273,0.214215
0.993124,-0.748688,0.205812
0.991216,-0.746764,0.197620
0.992054,-0.747609,0.190080
0.995645,-0.751230,0.183120
0.993631,-0.749199,0.174979
0.998557,-0.754167,0.168226
0.999268,-0.754883,0.160623
0.995752,-0.751338,0.152279
0.991498,-0.747048,0.143886
0.995603,-0.751188,0.136896
0.992676,-0.748236,0.128798
0.993216,-0.748781,0.121247
0.994425,-0.750000,0.113783
0.995602,-0.751187,0.106303
0.995343,-0.750926,0.098647
0.995753,-0.751339,0.091073
0.994725,-0.750302,0.083361
0.995069,-0.750649,0.075792
0.995380,-0.750963,0.068221
1.001284,-0.756917,0.061040
1.005753,-0.761423,0.053673
0.986590,-0.746576,0.220193
0.987522,-0.747521,0.212677
0.988423,-0.748434,0.205152
0.991371,-0.751422,0.198096
0.992208,-0.752271,0.190538
0.993708,-0.753791,0.183120
0.995871,-0.755984,0.175823
0.994525,-0.754619,0.167822
0.993839,-0.753923,0.159980
0.994512,-0.754606,0.152401
0.994454,-0.754548,0.144700
0.994364,-0.754456,0.137006
0.994938,-0.755037,0.129423
0.995479,-0.755586,0.121835
0.995288,-0.755393,0.114151
0.992965,-0.753038,0.106217
0.993407,-0.753485,0.098647
0.993815,-0.753900,0.091073
0.994191,-0.754281,0.083496
0.996638,-0.756761,0.076099
0.996949,-0.757077,0.068497
0.998631,-0.758781,0.060991
0.991578,-0.754505,0.221786
0.991825,-0.754756,0.214044
0.990655,-0.753566,0.205976
0.993601,-0.756563,0.198890
0.994440,-0.757416,0.191302
0.992473,-0.755416,0.183120
0.993244,-0.756200,0.175541
0.996068,-0.759071,0.168360
0.994690,-0.757670,0.160366
0.993276,-0.756232,0.152401
0.993915,-0.756882,0.144817
0.994522,-0.757499,0.137227
0.995096,-0.758083,0.129631
0.994241,-0.757214,0.121835
0.994749,-0.757730,0.114243
0.995224,-0.758214,0.106646
0.995667,-0.758664,0.099045
0.996077,-0.759080,0.091441
0.996454,-0.759464,0.083833
0.993999,-0.756967,0.075976
0.997109,-0.760131,0.068608
0.997388,-0.760414,0.060991
0.986188,-0.752500,0.213019
0.987086,-0.753418,0.205482
0.987952,-0.754302,0.197937
0.986020,-0.752329,0.189774
0.986818,-0.753144,0.182239
0.988970,-0.755341,0.174979
0.989705,-0.756092,0.167418
0.990408,-0.756809,0.159852
0.991078,-0.757493,0.152279
0.991715,-0.758144,0.144700
0.996493,-0.763022,0.137778
0.996372,-0.762899,0.130048
0.992040,-0.758475,0.121737
0.989759,-0.756147,0.113783
0.990231,-0.756629,0.106217
0.988579,-0.754942,0.098408
0.988985,-0.755357,0.090852
0.990755,-0.757164,0.083428
0.991097,-0.757513,0.075854
0.994201,-0.760682,0.068497
0.993098,-0.762725,0.215070
0.990559,-0.760123,0.206636
0.987980,-0.757481,0.198255
0.988123,-0.757628,0.190538
0.988924,-0.758448,0.182973
0.989692,-0.759235,0.175401
0.990427,-0.759989,0.167822
0.993208,-0.762838,0.160623
0.993880,-0.763527,0.153013
0.987583,-0.757074,0.144235
0.988185,-0.757691,0.136676
0.988754,-0.758274,0.129111
0.989291,-0.758825,0.121541
0.990491,-0.760054,0.114059
0.990964,-0.760538,0.106474
0.992796,-0.762416,0.099045
0.993205,-0.762834,0.091441
0.992186,-0.761791,0.083698
0.992529,-0.762142,0.076099
0.994233,-0.763889,0.068608
0.989688,-0.762360,0.214557
0.990589,-0.763287,0.206966
0.984575,-0.757103,0.197778
0.985405,-0.757956,0.190233
0.986203,-0.758776,0.182679
0.989039,-0.761693,0.175541
0.989774,-0.762448,0.167957
0.993241,-0.766014,0.160880
0.993913,-0.766705,0.153258
0.991783,-0.764514,0.145166
0.995159,-0.767986,0.137998
0.991573,-0.764298,0.129736
0.992112,-0.764852,0.122129
0.992618,-0.765373,0.114519
0.993091,-0.765860,0.106903
0.991448,-0.764169,0.099045
0.991160,-0.763873,0.091367
0.991534,-0.764259,0.083765
0.992572,-0.765326,0.076222
0.988407,-0.765613,0.214728
0.985878,-0.762999,0.206306
0.986055,-0.763183,0.198573
0.984825,-0.761911,0.190538
0.985622,-0.762734,0.182973
0.985009,-0.762101,0.175120
0.984362,-0.761433,0.167284
0.985060,-0.762154,0.159723
0.985725,-0.762841,0.152156
0.986358,-0.763496,0.144584
0.986959,-0.764117,0.137006
0.990985,-0.768278,0.129944
0.990831,-0.768119,0.122227
0.992029,-0.769357,0.114702
0.992502,-0.769846,0.107075
0.993636,-0.771018,0.099523
0.992657,-0.770006,0.091735
0.994420,-0.771828,0.084237
0.986986,-0.767445,0.214728
0.983777,-0.764116,0.206141
0.982583,-0.762877,0.198096
0.983410,-0.763736,0.190538
0.984206,-0.764561,0.182973
0.984969,-0.765352,0.175401
0.985012,-0.765397,0.167688
0.982268,-0.762551,0.159466
0.982931,-0.763239,0.151912
0.983562,-0.763893,0.144351
0.984161,-0.764514,0.136786
0.983347,-0.763670,0.129007
0.988024,-0.768522,0.122031
0.988527,-0.769044,0.114427
0.987616,-0.768098,0.106646
0.986670,-0.767117,0.098886
0.988459,-0.768974,0.091441
0.988832,-0.769361,0.083833
0.985673,-0.769625,0.206966
0.985169,-0.769100,0.199049
0.985999,-0.769964,0.191455
0.986111,-0.770081,0.183707
0.985504,-0.769449,0.175823
0.986235,-0.770210,0.168226
0.985560,-0.769507,0.160366
0.985538,-0.769484,0.152646
0.986859,-0.770860,0.145166
0.987459,-0.771485,0.137557
0.987339,-0.771360,0.129840
0.987875,-0.771918,0.122227
0.988378,-0.772442,0.114610
0.988849,-0.772932,0.106989
0.987216,-0.771232,0.099125
0.987621,-0.771654,0.091514
0.986340,-0.773525,0.207461
0.981744,-0.768721,0.198573
0.977788,-0.764586,0.189927
0.977894,-0.764696,0.182239
0.979335,-0.766203,0.174838
0.980061,-0.766961,0.167284
0.983497,-0.770553,0.160237
0.984160,-0.771246,0.152646
0.987538,-0.774777,0.145515
0.988139,-0.775405,0.137888
0.985958,-0.773125,0.129840
0.986492,-0.773684,0.122227
0.983553,-0.770611,0.114151
0.984021,-0.771101,0.106560
0.984457,-0.771556,0.098966
0.987618,-0.774861,0.091661
0.987991,-0.775250,0.084035
0.983594,-0.773861,0.207131
0.984455,-0.774764,0.199526
0.981874,-0.772056,0.191149
0.982667,-0.772888,0.183560
0.981379,-0.771537,0.175541
0.981422,-0.771582,0.167822
0.982117,-0.772311,0.160237
0.983464,-0.773724,0.152769
0.983409,-0.773667,0.145049
0.986064,-0.776452,0.137778
0.986632,-0.777047,0.130152
0.985106,-0.775447,0.122227
0.985608,-0.775973,0.114610
0.987452,-0.777908,0.107161
0.987889,-0.778367,0.099523
0.988983,-0.779514,0.091956
0.974753,-0.767731,0.205317
0.974924,-0.767912,0.197620
0.975744,-0.768774,0.190080
0.977212,-0.770320,0.182679
0.979332,-0.772552,0.175401
0.981422,-0.774752,0.168091
0.984165,-0.777640,0.160880
0.984829,-0.778339,0.153258
0.984092,-0.777564,0.145398
0.984691,-0.778194,0.137778
0.982517,-0.775905,0.129736
0.983049,-0.776465,0.122129
0.979434,-0.772660,0.113967
0.979900,-0.773150,0.106389
0.980334,-0.773607,0.098806
0.988290,-0.781983,0.092029
0.981693,-0.778260,0.199526
0.981839,-0.778414,0.191760
0.982632,-0.779252,0.184147
0.977948,-0.774303,0.175401
0.978672,-0.775068,0.167822
0.979364,-0.775798,0.160237
0.980024,-0.776496,0.152646
0.980652,-0.777159,0.145049
0.983297,-0.779954,0.137778
0.983862,-0.780551,0.130152
0.984395,-0.781114,0.122521
0.984896,-0.781643,0.114886
0.988788,-0.785756,0.107676
0.989226,-0.786219,0.100001
0.977437,-0.777333,0.198890
0.976903,-0.776766,0.190996
0.977691,-0.777602,0.183413
0.978447,-0.778404,0.175823
0.979171,-0.779172,0.168226
0.979182,-0.779185,0.160494
0.977799,-0.777718,0.152524
0.978426,-0.778382,0.144933
0.976292,-0.776119,0.136896
0.976853,-0.776713,0.129319
0.977381,-0.777274,0.121737
0.981293,-0.781423,0.114610
0.985176,-0.785543,0.107418
0.985612,-0.786005,0.099762
0.984213,-0.789209,0.200956
0.976252,-0.780720,0.191302
0.975009,-0.779395,0.183266
0.974408,-0.778754,0.175401
0.975128,-0.779522,0.167822
0.975138,-0.779533,0.160109
0.975115,-0.779508,0.152401
0.975060,-0.779449,0.144700
0.974971,-0.779355,0.137006
0.976211,-0.780676,0.129527
0.976058,-0.780513,0.121835
0.976553,-0.781041,0.114243
0.981106,-0.785896,0.107161
0.974036,-0.781591,0.198890
0.971480,-0.778855,0.190538
0.972262,-0.779692,0.182973
0.973689,-0.781219,0.175541
0.975085,-0.782713,0.168091
0.975096,-0.782725,0.160366
0.975752,-0.783427,0.152769
0.972985,-0.780466,0.144584
0.970861,-0.778193,0.136565
0.971417,-0.778788,0.129007
0.973980,-0.781531,0.121737
0.975154,-0.782787,0.114243
0.979698,-0.787650,0.107161
0.973138,-0.784267,0.199049
0.971261,-0.782250,0.190844
0.972043,-0.783090,0.183266
0.972793,-0.783897,0.175682
0.973512,-0.784669,0.168091
0.974199,-0.785407,0.160494
0.974854,-0.786110,0.152891
0.975477,-0.786780,0.145282
0.972683,-0.783778,0.137116
0.973240,-0.784377,0.129527
0.973766,-0.784941,0.121933
0.978330,-0.789845,0.114886
0.972676,-0.786983,0.183707
0.973426,-0.787792,0.176104
0.972798,-0.787114,0.168226
0.973484,-0.787854,0.160623
0.974138,-0.788559,0.153013
0.974761,-0.789231,0.145398
0.975351,-0.789868,0.137778
0.975910,-0.790470,0.130152
0.977114,-0.791768,0.122619
0.979641,-0.794493,0.115254
0.971266,-0.788722,0.183707
0.972016,-0.789532,0.176104
0.972733,-0.790309,0.168495
0.974092,-0.791779,0.161008
0.974747,-0.792488,0.153381
0.975369,-0.793162,0.145747
0.975960,-0.793801,0.138108
0.973820,-0.791485,0.130048
0.974345,-0.792053,0.122423
0.979570,-0.797707,0.115438
0.971881,-0.792620,0.184147
0.970619,-0.791249,0.176104
0.973349,-0.794213,0.168899
0.974035,-0.794958,0.161265
0.972672,-0.793479,0.153258
0.972621,-0.793423,0.145515
0.973210,-0.794062,0.137888
0.973767,-0.794667,0.130256
0.979686,-0.801095,0.123404
0.970394,-0.795726,0.192066
0.971174,-0.796578,0.184440
0.967910,-0.793015,0.175963
0.972640,-0.798178,0.169168
0.971315,-0.796732,0.161137
0.971967,-0.797444,0.153503
0.968562,-0.793727,0.145166
0.969819,-0.795099,0.137668
0.970374,-0.795705,0.130048
0.970897,-0.796276,0.122423
0.970441,-0.798751,0.192372
0.966551,-0.794492,0.183707
0.967296,-0.795308,0.176104
0.972686,-0.801210,0.169437
0.973371,-0.801961,0.161779
0.968671,-0.796813,0.153136
0.971298,-0.799690,0.145864
0.971886,-0.800334,0.138219
0.972442,-0.800943,0.130569
0.972959,-0.805191,0.185467
0.971711,-0.803818,0.177370
0.967093,-0.798741,0.168630
0.967774,-0.799490,0.161008
0.968423,-0.800203,0.153381
0.969040,-0.800882,0.145747
0.969626,-0.801526,0.138108
0.971519,-0.803607,0.130673
0.974174,-0.809862,0.186054
0.971601,-0.807022,0.177651
0.964332,-0.799002,0.168360
0.965010,-0.799750,0.160751
0.967656,-0.802670,0.153503
0.968273,-0.803350,0.145864
0.968858,-0.803996,0.138219
0.969427,-0.807912,0.185321
0.966855,-0.805064,0.176948
0.966903,-0.805117,0.169168
0.967583,-0.805870,0.161522
0.968232,-0.806588,0.153870
0.968849,-0.807272,0.146213
0.969434,-0.807920,0.138549
0.964672,-0.805968,0.184587
0.965413,-0.806793,0.176948
0.966124,-0.807582,0.169303
0.966803,-0.808337,0.161651
0.967451,-0.809057,0.153993
0.970725,-0.812695,0.146794
0.971311,-0.813347,0.139100
0.970615,-0.817369,0.178495
0.968686,-0.815214,0.170245
0.969367,-0.815974,0.162550
0.970016,-0.816700,0.154849
0.973284,-0.820350,0.147608
0.967958,-0.817478,0.178214
0.966691,-0.816058,0.170110
0.964069,-0.813120,0.161779
0.964714,-0.813843,0.154115
0.965328,-0.814531,0.146445
0.964342,-0.817199,0.177792
0.963735,-0.816516,0.169841
0.964411,-0.817277,0.162165
0.966375,-0.819487,0.154727
0.961584,-0.817419,0.177511
0.961633,-0.817475,0.169706
0.962308,-0.818237,0.162036
0.963610,-0.819707,0.154482
