1.303585,-0.415978,0.167335
1.304491,-0.416404,0.159008
1.300094,-0.417013,0.175400
1.301044,-0.417462,0.167091
1.301050,-0.417465,0.158659
1.301907,-0.417870,0.150343
1.291291,-0.415485,0.174243
1.292234,-0.415933,0.165989
1.293131,-0.416358,0.157728
1.295779,-0.417614,0.149682
1.295917,-0.420354,0.175014
1.294175,-0.419524,0.166356
1.290591,-0.417816,0.157495
1.291440,-0.418221,0.149241
1.296733,-0.420743,0.141501
1.293945,-0.423232,0.174886
1.293100,-0.422827,0.166356
1.293998,-0.423257,0.158077
1.293057,-0.422806,0.149572
1.295655,-0.424052,0.141501
1.296415,-0.424417,0.133205
1.288681,-0.423180,0.182626
1.287881,-0.422795,0.174115
1.287032,-0.422386,0.165622
1.287925,-0.422816,0.157379
1.287877,-0.422793,0.149020
1.289574,-0.423610,0.140877
1.291227,-0.424406,0.132715
1.292298,-0.427897,0.183299
1.283469,-0.423622,0.173601
1.284405,-0.424075,0.165377
1.285295,-0.424506,0.157146
1.287035,-0.425349,0.149020
1.288731,-0.426169,0.140877
1.290382,-0.426969,0.132715
1.293780,-0.428614,0.124720
1.281728,-0.425440,0.181819
1.280033,-0.424616,0.173215
1.280967,-0.425070,0.165010
1.284534,-0.426805,0.157146
1.286272,-0.427650,0.149020
1.288860,-0.428909,0.140981
1.291406,-0.430147,0.132911
1.292116,-0.430493,0.124629
1.285426,-0.429880,0.182491
1.283736,-0.429054,0.173858
1.287347,-0.430818,0.165989
1.288240,-0.431254,0.157728
1.283728,-0.429050,0.148800
1.280058,-0.427257,0.140044
1.277231,-0.425876,0.131441
1.277933,-0.426219,0.123250
1.278590,-0.426540,0.115054
1.290395,-0.436177,0.191858
1.291429,-0.436685,0.183568
1.282628,-0.432357,0.173858
1.281781,-0.431941,0.165377
1.282669,-0.432378,0.157146
1.283512,-0.432792,0.148910
1.281631,-0.431867,0.140356
1.282381,-0.432236,0.132127
1.285767,-0.433901,0.124169
1.294475,-0.438183,0.116684
1.288687,-0.438159,0.191717
1.289719,-0.438669,0.183434
1.281814,-0.434763,0.173858
1.282748,-0.435225,0.165622
1.280965,-0.434344,0.157030
1.285370,-0.436520,0.149241
1.280819,-0.434271,0.140356
1.281568,-0.434642,0.132127
1.282272,-0.434990,0.123893
1.288291,-0.437963,0.116170
1.291588,-0.439592,0.108129
1.286918,-0.440304,0.191577
1.287061,-0.440375,0.183164
1.282715,-0.438217,0.174115
1.281872,-0.437798,0.165622
1.282759,-0.438239,0.157379
1.280931,-0.437331,0.148800
1.281726,-0.437726,0.140564
1.282476,-0.438098,0.132323
1.289423,-0.441548,0.124720
1.297225,-0.445422,0.117113
1.288796,-0.443903,0.191998
1.280074,-0.439553,0.182222
1.278389,-0.438713,0.173601
1.279320,-0.439177,0.165377
1.280205,-0.439619,0.157146
1.281935,-0.440481,0.149020
1.280061,-0.439546,0.140460
1.283481,-0.441252,0.132519
1.279730,-0.439382,0.123801
1.284845,-0.441933,0.115998
1.285460,-0.442239,0.107731
1.281618,-0.443011,0.199407
1.279148,-0.441773,0.190592
1.274855,-0.439623,0.181549
1.275829,-0.440111,0.173344
1.276757,-0.440576,0.165132
1.277641,-0.441018,0.156914
1.277590,-0.440993,0.148580
1.278383,-0.441390,0.140356
1.279130,-0.441765,0.132127
1.278942,-0.441670,0.123801
1.279599,-0.441999,0.115569
1.280210,-0.442306,0.107332
1.280777,-0.442589,0.099091
1.286134,-0.447943,0.200287
1.276597,-0.443143,0.190311
1.277617,-0.443657,0.182088
1.280365,-0.445039,0.174115
1.279523,-0.444616,0.165622
1.280408,-0.445061,0.157379
1.283024,-0.446377,0.149351
1.277601,-0.443648,0.140356
1.277459,-0.443577,0.132029
1.278160,-0.443930,0.123801
1.276146,-0.442916,0.115312
1.276755,-0.443223,0.107093
1.277320,-0.443507,0.098871
1.285859,-0.451699,0.200434
1.280751,-0.449112,0.191155
1.280007,-0.448735,0.182626
1.275676,-0.446542,0.173601
1.276603,-0.447011,0.165377
1.281916,-0.449702,0.157728
1.274777,-0.446086,0.148469
1.275567,-0.446487,0.140252
1.276313,-0.446864,0.132029
1.277013,-0.447219,0.123801
1.277668,-0.447551,0.115569
1.276500,-0.446959,0.107173
1.284181,-0.450849,0.099533
1.280720,-0.451533,0.199700
1.273847,-0.448038,0.190170
1.274864,-0.448555,0.181953
1.267881,-0.445004,0.172573
1.274995,-0.448622,0.165254
1.275877,-0.449070,0.157030
1.276713,-0.449495,0.148800
1.274845,-0.448545,0.140252
1.275589,-0.448924,0.132029
1.276289,-0.449280,0.123801
1.278720,-0.450516,0.115741
1.276665,-0.449471,0.107253
1.279896,-0.451114,0.099239
1.278244,-0.453269,0.191014
1.280242,-0.454289,0.174500
1.272335,-0.450249,0.165010
1.273214,-0.450698,0.156798
1.282899,-0.455647,0.149682
1.274837,-0.451528,0.140356
1.275582,-0.451908,0.132127
1.276281,-0.452266,0.123893
1.276936,-0.452600,0.115655
1.273107,-0.450644,0.107014
1.273669,-0.450931,0.098797
1.277740,-0.453011,0.090847
1.267343,-0.450377,0.206123
1.268446,-0.450943,0.197939
1.269504,-0.451486,0.189748
1.271399,-0.452459,0.181684
1.272369,-0.452956,0.173472
1.273293,-0.453431,0.165254
1.274173,-0.453882,0.157030
1.275007,-0.454311,0.148800
1.264295,-0.448813,0.139211
1.265918,-0.449646,0.131147
1.271041,-0.452275,0.123434
1.267260,-0.450335,0.114797
1.267865,-0.450645,0.106615
1.268424,-0.450932,0.098429
1.269827,-0.451652,0.090307
1.270297,-0.451893,0.082108
1.263910,-0.451258,0.205665
1.265009,-0.451824,0.197499
1.266064,-0.452368,0.189326
1.267075,-0.452889,0.181146
1.268040,-0.453387,0.172958
1.268961,-0.453861,0.164765
1.269837,-0.454313,0.156565
1.270669,-0.454742,0.148359
1.271456,-0.455147,0.140148
1.269544,-0.454162,0.131637
1.271125,-0.454977,0.123526
1.270890,-0.454856,0.115226
1.269724,-0.454255,0.106854
1.270285,-0.454544,0.098650
1.272574,-0.455724,0.090577
1.273046,-0.455967,0.082354
1.282347,-0.460762,0.074679
1.270639,-0.458605,0.207040
1.271745,-0.459179,0.198820
1.272805,-0.459729,0.190592
1.272062,-0.459343,0.182088
1.273031,-0.459846,0.173858
1.273956,-0.460326,0.165622
1.274835,-0.460782,0.157379
1.266847,-0.456638,0.148028
1.264100,-0.455213,0.139419
1.268371,-0.457429,0.131637
1.270833,-0.458706,0.123618
1.271484,-0.459044,0.115397
1.272090,-0.459358,0.107173
1.272651,-0.459649,0.098944
1.273168,-0.459917,0.090712
1.274526,-0.460621,0.082538
1.274953,-0.460843,0.074293
1.263642,-0.457792,0.205971
1.264740,-0.458364,0.197793
1.265794,-0.458913,0.189607
1.266804,-0.459439,0.181415
1.265130,-0.458567,0.172830
1.266049,-0.459046,0.164642
1.266922,-0.459501,0.156449
1.267751,-0.459933,0.148249
1.268535,-0.460342,0.140044
1.269275,-0.460727,0.131833
1.270853,-0.461550,0.123709
1.271504,-0.461889,0.115483
1.271226,-0.461744,0.107173
1.270018,-0.461114,0.098797
1.265224,-0.458616,0.090173
1.265693,-0.458860,0.081986
1.266117,-0.459081,0.073796
1.263338,-0.460618,0.214458
1.263606,-0.460758,0.206123
1.262075,-0.459956,0.197499
1.263127,-0.460507,0.189326
1.261500,-0.459655,0.180742
1.262460,-0.460158,0.172573
1.263376,-0.460638,0.164398
1.264248,-0.461094,0.156216
1.265074,-0.461527,0.148028
1.266738,-0.462398,0.139939
1.267476,-0.462785,0.131735
1.268170,-0.463148,0.123526
1.268819,-0.463488,0.115312
1.269424,-0.463804,0.107093
1.269100,-0.463635,0.098797
1.262544,-0.460202,0.090038
1.269200,-0.463687,0.082292
1.269625,-0.463910,0.074072
1.270006,-0.464109,0.065849
1.263386,-0.463336,0.214617
1.261030,-0.462098,0.205818
1.260375,-0.461753,0.197352
1.261425,-0.462305,0.189185
1.262430,-0.462834,0.181011
1.262513,-0.462877,0.172701
1.266064,-0.464745,0.164887
1.266937,-0.465204,0.156681
1.265126,-0.464252,0.148139
1.262388,-0.462812,0.139523
1.263123,-0.463198,0.131343
1.263814,-0.463562,0.123158
1.265343,-0.464366,0.115054
1.269474,-0.466539,0.107173
1.270034,-0.466833,0.098944
1.270549,-0.467104,0.090712
1.271019,-0.467351,0.082476
1.271445,-0.467575,0.074238
1.273593,-0.468705,0.066094
1.258200,-0.463263,0.213823
1.258464,-0.463402,0.205512
1.259557,-0.463980,0.197352
1.261481,-0.464996,0.189326
1.273000,-0.471080,0.182761
1.273970,-0.471592,0.174500
1.274894,-0.472080,0.166234
1.266113,-0.467442,0.156681
1.266941,-0.467880,0.148469
1.264206,-0.466435,0.139835
1.264063,-0.466359,0.131539
1.264754,-0.466725,0.123342
1.265401,-0.467066,0.115140
1.266003,-0.467385,0.106934
1.266561,-0.467679,0.098724
1.267075,-0.467950,0.090510
1.265778,-0.467266,0.082170
1.263553,-0.466090,0.073796
1.263932,-0.466290,0.065603
1.264265,-0.466466,0.057408
1.259114,-0.466438,0.214141
1.259379,-0.466579,0.205818
1.260473,-0.467159,0.197646
1.261522,-0.467716,0.189467
1.259901,-0.466856,0.180876
1.260859,-0.467364,0.172701
1.264403,-0.469244,0.164887
1.265275,-0.469707,0.156681
1.260834,-0.467351,0.147808
1.262491,-0.468230,0.139731
1.266743,-0.470485,0.131931
1.263917,-0.468986,0.123342
1.264563,-0.469329,0.115140
1.265165,-0.469649,0.106934
1.269247,-0.471814,0.099018
1.263591,-0.468814,0.090307
1.264059,-0.469062,0.082108
1.261835,-0.467882,0.073741
1.264860,-0.469487,0.065702
1.265194,-0.469664,0.057494
1.269615,-0.474697,0.216206
1.267275,-0.473451,0.207346
1.264010,-0.471711,0.198380
1.262441,-0.470875,0.189748
1.258199,-0.468616,0.180742
1.259156,-0.469125,0.172573
1.260068,-0.469611,0.164398
1.265319,-0.472409,0.156798
1.266146,-0.472849,0.148580
1.266928,-0.473266,0.140356
1.264153,-0.471787,0.131735
1.262208,-0.470751,0.123250
1.262853,-0.471095,0.115054
1.266093,-0.472821,0.107093
1.267531,-0.473587,0.098944
1.268044,-0.473861,0.090712
1.268513,-0.474110,0.082476
1.262769,-0.471050,0.073851
1.261384,-0.470312,0.065554
1.261717,-0.470490,0.057366
1.263769,-0.471583,0.049248
1.258772,-0.471952,0.222798
1.257344,-0.471187,0.214141
1.256738,-0.470863,0.205665
1.257828,-0.471446,0.197499
1.258875,-0.472007,0.189326
1.263371,-0.474414,0.181684
1.264332,-0.474928,0.173472
1.265248,-0.475418,0.165254
1.263493,-0.474479,0.156681
1.264318,-0.474921,0.148469
1.258961,-0.472053,0.139523
1.261449,-0.473384,0.131539
1.262138,-0.473753,0.123342
1.261026,-0.473158,0.114968
1.256353,-0.470657,0.106296
1.256906,-0.470953,0.098135
1.257415,-0.471225,0.089970
1.257879,-0.471474,0.081802
1.260941,-0.473113,0.073796
1.261318,-0.473314,0.065603
1.261651,-0.473493,0.057408
1.264582,-0.475062,0.049322
1.264876,-0.477939,0.224117
1.266065,-0.478578,0.215888
1.265468,-0.478258,0.207346
1.266567,-0.478848,0.199113
1.261516,-0.476133,0.189889
1.253793,-0.471981,0.180338
1.252998,-0.471554,0.171930
1.253906,-0.472041,0.163785
1.264392,-0.477679,0.156914
1.259965,-0.475299,0.148028
1.260743,-0.475717,0.139835
1.261476,-0.476112,0.131637
1.262166,-0.476482,0.123434
1.261055,-0.475885,0.115054
1.261655,-0.476208,0.106854
1.262210,-0.476506,0.098650
1.261842,-0.476308,0.090375
1.256155,-0.473251,0.081741
1.261851,-0.476313,0.073906
1.256950,-0.473678,0.065407
1.254642,-0.472437,0.057108
1.257569,-0.474011,0.049064
1.263094,-0.476981,0.041074
1.258447,-0.478351,0.223127
1.254418,-0.476172,0.213982
1.255551,-0.476785,0.205818
1.256640,-0.477373,0.197646
1.260297,-0.479352,0.189889
1.258685,-0.478480,0.181280
1.262258,-0.480412,0.173472
1.259680,-0.479018,0.164765
1.261421,-0.479960,0.156681
1.257873,-0.478041,0.147918
1.258650,-0.478461,0.139731
1.259382,-0.478857,0.131539
1.260069,-0.479229,0.123342
1.260713,-0.479577,0.115140
1.259559,-0.478952,0.106774
1.260113,-0.479252,0.098577
1.257112,-0.477629,0.090105
1.255821,-0.476930,0.081802
1.257118,-0.477632,0.073686
1.256616,-0.477360,0.065456
1.257825,-0.478015,0.057323
1.258113,-0.478170,0.049138
1.264510,-0.481631,0.041166
1.256353,-0.479963,0.231311
1.257578,-0.480629,0.223127
1.258759,-0.481270,0.214935
1.259896,-0.481888,0.206735
1.260988,-0.482481,0.198526
1.262037,-0.483051,0.190311
1.256075,-0.479812,0.181011
1.257029,-0.480330,0.172830
1.257939,-0.480825,0.164642
1.254441,-0.478924,0.155867
1.255259,-0.479369,0.147698
1.256033,-0.479789,0.139523
1.255015,-0.479236,0.131147
1.255700,-0.479608,0.122974
1.258091,-0.480908,0.114968
1.260441,-0.482184,0.106934
1.259243,-0.481533,0.098577
1.259752,-0.481810,0.090375
1.260217,-0.482062,0.082170
1.259761,-0.481815,0.073906
1.260137,-0.482019,0.065702
1.261347,-0.482676,0.057537
1.261635,-0.482833,0.049322
1.261879,-0.482965,0.041104
1.262079,-0.483074,0.032885
1.250198,-0.479651,0.230286
1.251417,-0.480316,0.222138
1.249991,-0.479538,0.213505
1.251119,-0.480154,0.205359
1.252203,-0.480746,0.197206
1.253244,-0.481314,0.189045
1.251630,-0.480433,0.180473
1.252580,-0.480952,0.172316
1.254358,-0.481922,0.164275
1.255220,-0.482393,0.156100
1.256911,-0.483316,0.148028
1.257687,-0.483739,0.139835
1.257544,-0.483661,0.131539
1.252986,-0.481173,0.122790
1.253626,-0.481522,0.114625
1.253346,-0.481370,0.106376
1.253897,-0.481670,0.098209
1.257031,-0.483381,0.090240
1.257495,-0.483634,0.082047
1.255286,-0.482428,0.073686
1.253907,-0.481676,0.065407
1.254237,-0.481856,0.057237
1.254524,-0.482012,0.049064
1.254766,-0.482145,0.040890
1.254964,-0.482253,0.032713
1.264037,-0.489911,0.233192
1.260080,-0.487742,0.223952
1.256068,-0.485543,0.214776
1.250269,-0.482364,0.205359
1.250484,-0.482482,0.197059
1.251523,-0.483052,0.188904
1.250779,-0.482644,0.180473
1.251729,-0.483164,0.172316
1.253504,-0.484138,0.164275
1.254366,-0.484610,0.156100
1.253441,-0.484103,0.147698
1.254213,-0.484527,0.139523
1.252324,-0.483491,0.131049
1.252134,-0.483387,0.122790
1.252773,-0.483737,0.114625
1.252494,-0.483584,0.106376
1.253918,-0.484365,0.098282
1.254425,-0.484643,0.090105
1.254013,-0.484417,0.081863
1.254431,-0.484646,0.073686
1.254806,-0.484851,0.065505
1.255136,-0.485032,0.057323
1.255423,-0.485189,0.049138
1.257418,-0.486283,0.041012
1.257617,-0.486392,0.032812
1.260569,-0.490746,0.232679
1.260933,-0.490947,0.224282
1.259522,-0.490170,0.215570
1.255464,-0.487936,0.206429
1.256552,-0.488535,0.198233
1.254126,-0.487200,0.189467
1.255991,-0.488226,0.181415
1.253469,-0.486838,0.172701
1.251766,-0.485901,0.164153
1.251757,-0.485895,0.155867
1.253443,-0.486824,0.147808
1.253345,-0.486769,0.139523
1.254073,-0.487170,0.131343
1.254757,-0.487547,0.123158
1.255397,-0.487899,0.114968
1.254246,-0.487266,0.106615
1.254797,-0.487569,0.098429
1.256178,-0.488329,0.090307
1.255767,-0.488103,0.082047
1.252688,-0.486408,0.073630
1.254811,-0.487577,0.065554
1.253391,-0.486795,0.057280
1.253677,-0.486953,0.049101
1.249541,-0.484676,0.040767
1.255869,-0.488159,0.032787
1.262154,-0.491619,0.024720
1.260140,-0.493250,0.241257
1.256240,-0.491094,0.231995
1.256600,-0.491293,0.223622
1.258643,-0.492423,0.215570
1.258914,-0.492572,0.207193
1.250482,-0.487911,0.197352
1.250653,-0.488005,0.189045
1.251646,-0.488554,0.180876
1.250860,-0.488120,0.172444
1.251764,-0.488620,0.164275
1.253493,-0.489576,0.156216
1.253440,-0.489546,0.147918
1.248120,-0.486605,0.139002
1.248844,-0.487006,0.130853
1.249525,-0.487382,0.122698
1.248418,-0.486770,0.114368
1.249010,-0.487097,0.106217
1.252177,-0.488848,0.098282
1.254430,-0.490093,0.090240
1.253145,-0.489383,0.081925
1.253563,-0.489614,0.073741
1.255685,-0.490787,0.065653
1.253393,-0.489520,0.057323
1.252804,-0.489195,0.049101
1.252171,-0.488845,0.040890
1.253243,-0.489437,0.032738
1.253397,-0.489523,0.024555
1.248093,-0.490468,0.230628
1.249308,-0.491143,0.222468
1.251342,-0.492275,0.214458
1.252470,-0.492902,0.206276
1.252690,-0.493024,0.197939
1.254595,-0.494083,0.189889
1.255591,-0.494638,0.181684
1.252210,-0.492757,0.172830
1.253115,-0.493260,0.164642
1.246163,-0.489394,0.155402
1.246975,-0.489846,0.147257
1.247743,-0.490273,0.139106
1.248467,-0.490675,0.130951
1.249147,-0.491054,0.122790
1.248042,-0.490439,0.114454
1.248634,-0.490768,0.106296
1.243953,-0.488165,0.097694
1.244455,-0.488444,0.089566
1.244914,-0.488699,0.081434
1.247946,-0.490386,0.073465
1.251810,-0.492535,0.065505
1.252139,-0.492718,0.057323
1.252425,-0.492876,0.049138
1.252666,-0.493011,0.040951
1.250243,-0.491663,0.032689
1.250396,-0.491748,0.024518
1.254875,-0.494239,0.016407
1.250730,-0.494430,0.231311
1.249364,-0.493668,0.222633
1.245363,-0.491434,0.213505
1.246485,-0.492060,0.205359
1.245836,-0.491698,0.196912
1.246869,-0.492275,0.188763
1.249589,-0.493793,0.180876
1.247938,-0.492872,0.172316
1.247973,-0.492891,0.164030
1.246228,-0.491917,0.155518
1.245304,-0.491401,0.147147
1.246071,-0.491829,0.139002
1.240711,-0.488836,0.130167
1.244864,-0.491155,0.122423
1.245498,-0.491509,0.114282
1.252181,-0.495241,0.106695
1.246636,-0.492144,0.097988
1.247139,-0.492425,0.089835
1.247598,-0.492682,0.081679
1.248014,-0.492914,0.073520
1.247514,-0.492635,0.065309
1.247842,-0.492818,0.057151
1.248126,-0.492977,0.048990
1.249240,-0.493598,0.040859
1.249437,-0.493708,0.032689
1.250463,-0.494281,0.024536
1.250572,-0.494342,0.016358
1.243336,-0.493317,0.238425
1.244590,-0.494021,0.230286
1.244081,-0.493735,0.221808
1.240940,-0.491973,0.212870
1.242058,-0.492600,0.204748
1.243132,-0.493202,0.196619
1.242435,-0.492812,0.188201
1.243421,-0.493364,0.180069
1.244362,-0.493893,0.171930
1.245261,-0.494397,0.163785
1.243517,-0.493418,0.155285
1.244326,-0.493872,0.147147
1.245092,-0.494302,0.139002
1.245814,-0.494707,0.130853
1.245624,-0.494600,0.122607
1.246258,-0.494956,0.114454
1.245110,-0.494312,0.106137
1.247396,-0.495594,0.098135
1.247899,-0.495876,0.089970
1.245747,-0.494669,0.081618
1.246162,-0.494902,0.073465
1.252631,-0.498531,0.065653
1.252961,-0.498715,0.057451
1.245402,-0.494476,0.048917
1.245642,-0.494610,0.040767
1.245838,-0.494720,0.032615
1.245119,-0.494317,0.024444
1.245228,-0.494378,0.016297
1.245293,-0.494415,0.008148
1.261317,-0.506167,0.242319
1.262591,-0.506884,0.234047
1.247492,-0.498380,0.222633
1.246940,-0.498069,0.214141
1.248063,-0.498701,0.205971
1.242247,-0.495425,0.196619
1.243277,-0.496005,0.188482
1.244263,-0.496561,0.180338
1.245205,-0.497091,0.172187
1.246104,-0.497598,0.164030
1.240036,-0.494180,0.154936
1.240842,-0.494634,0.146816
1.241606,-0.495064,0.138690
1.242325,-0.495469,0.130559
1.248207,-0.498782,0.122974
1.251447,-0.500607,0.115054
1.249435,-0.499474,0.106615
1.249983,-0.499783,0.098429
1.250487,-0.500067,0.090240
1.249208,-0.499346,0.081925
1.247015,-0.498111,0.073575
1.248256,-0.498810,0.065456
1.245973,-0.497524,0.057151
1.246257,-0.497684,0.048990
1.246497,-0.497819,0.040828
1.246693,-0.497930,0.032664
1.244233,-0.496544,0.024444
1.244341,-0.496605,0.016297
1.244407,-0.496642,0.008148
1.239004,-0.496282,0.237894
1.238538,-0.496018,0.229431
1.241458,-0.497670,0.221643
1.240902,-0.497355,0.213188
1.242019,-0.497987,0.205054
1.243092,-0.498594,0.196912
1.244122,-0.499176,0.188763
1.245108,-0.499734,0.180607
1.243461,-0.498803,0.172059
1.244359,-0.499310,0.163908
1.257315,-0.506639,0.157379
1.245157,-0.499762,0.147477
1.245923,-0.500195,0.139315
1.238849,-0.496194,0.130265
1.253391,-0.504419,0.123618
1.251428,-0.503309,0.115140
1.252021,-0.503644,0.106934
1.252570,-0.503955,0.098724
1.253075,-0.504240,0.090510
1.251799,-0.503519,0.082170
1.244394,-0.499330,0.073465
1.241287,-0.497573,0.065113
1.241613,-0.497758,0.056979
1.245375,-0.499885,0.048990
1.241265,-0.497561,0.040675
1.246682,-0.500624,0.032689
1.246834,-0.500711,0.024518
1.241721,-0.497819,0.016272
1.241786,-0.497855,0.008136
1.247031,-0.500822,0.000000
1.242807,-0.501163,0.247287
1.236403,-0.497525,0.237540
1.237648,-0.498233,0.229431
1.238851,-0.498916,0.221313
1.239151,-0.499087,0.213029
1.240266,-0.499720,0.204901
1.237037,-0.497886,0.196032
1.237201,-0.497979,0.187779
1.238181,-0.498535,0.179665
1.239980,-0.499557,0.171673
1.240874,-0.500065,0.163541
1.241725,-0.500548,0.155402
1.242533,-0.501007,0.147257
1.241567,-0.500458,0.138898
1.242286,-0.500867,0.130755
1.239499,-0.499284,0.122239
1.240129,-0.499642,0.114110
1.248517,-0.504406,0.106695
1.249065,-0.504717,0.098503
1.245231,-0.502539,0.089970
1.245689,-0.502800,0.081802
1.246104,-0.503035,0.073630
1.246475,-0.503246,0.065456
1.240721,-0.499978,0.056979
1.241003,-0.500138,0.048843
1.247326,-0.503729,0.040920
1.243176,-0.501372,0.032615
1.243328,-0.501459,0.024463
1.244307,-0.502015,0.016321
1.246111,-0.503039,0.008173
1.246133,-0.503052,0.000000
1.243231,-0.505309,0.247653
1.243674,-0.505562,0.239310
1.238939,-0.502857,0.229944
1.236717,-0.501587,0.221148
1.237016,-0.501758,0.212870
1.234696,-0.500433,0.204137
1.234045,-0.500060,0.195738
1.235066,-0.500644,0.187638
1.236044,-0.501203,0.179531
1.236979,-0.501737,0.171416
1.236147,-0.501261,0.163051
1.236994,-0.501745,0.154936
1.237798,-0.502205,0.146816
1.238558,-0.502639,0.138690
1.239276,-0.503049,0.130559
1.245137,-0.506398,0.122974
1.245770,-0.506760,0.114797
1.245495,-0.506602,0.106535
1.245175,-0.506419,0.098282
1.246543,-0.507201,0.090173
1.246135,-0.506968,0.081925
1.246549,-0.507205,0.073741
1.246053,-0.506921,0.065505
1.242043,-0.504630,0.057108
1.238855,-0.502809,0.048806
1.239093,-0.502945,0.040675
1.239288,-0.503056,0.032542
1.239440,-0.503143,0.024407
1.239548,-0.503205,0.016272
1.237877,-0.502250,0.008124
1.239635,-0.503254,0.000000
1.243955,-0.505722,-0.008167
1.242403,-0.507343,0.247653
1.234308,-0.502700,0.237540
1.235551,-0.503413,0.229431
1.233328,-0.502138,0.220654
1.234481,-0.502799,0.212552
1.236657,-0.504047,0.196325
1.237680,-0.504634,0.188201
1.235222,-0.503224,0.179531
1.235296,-0.503267,0.171288
1.236186,-0.503777,0.163173
1.241341,-0.506734,0.155634
1.237837,-0.504724,0.146926
1.238597,-0.505160,0.138794
1.243631,-0.508047,0.131147
1.243443,-0.507939,0.122882
1.238890,-0.505328,0.114196
1.238611,-0.505168,0.105978
1.232233,-0.501510,0.097252
1.232729,-0.501795,0.089161
1.233182,-0.502054,0.081066
1.238789,-0.505270,0.073299
1.244356,-0.508463,0.065456
1.244682,-0.508650,0.057280
1.243232,-0.507818,0.049027
1.243471,-0.507955,0.040859
1.243667,-0.508067,0.032689
1.242084,-0.507160,0.024481
1.235254,-0.503242,0.016223
1.235319,-0.503280,0.008112
1.235340,-0.503292,0.000000
1.242258,-0.507260,-0.008161
1.240894,-0.509554,0.255999
1.234567,-0.505909,0.246189
1.233296,-0.505176,0.237540
1.237099,-0.507367,0.229944
1.237445,-0.507567,0.221643
1.238602,-0.508233,0.213505
1.236290,-0.506901,0.204748
1.240785,-0.509492,0.197206
1.233234,-0.505140,0.187638
1.234210,-0.505703,0.179531
1.235143,-0.506240,0.171416
1.238612,-0.508239,0.163663
1.237740,-0.507737,0.155285
1.240266,-0.509192,0.147367
1.239304,-0.508638,0.139002
1.241746,-0.510045,0.131049
1.240695,-0.509440,0.122698
1.237010,-0.507316,0.114110
1.237595,-0.507653,0.105978
1.238137,-0.507965,0.097841
1.238635,-0.508253,0.089700
1.242550,-0.510508,0.081802
1.242963,-0.510746,0.073630
1.243333,-0.510959,0.065456
1.242793,-0.510648,0.057237
1.242210,-0.510312,0.049027
1.235520,-0.506458,0.040613
1.235715,-0.506570,0.032493
1.235866,-0.506657,0.024371
1.235974,-0.506719,0.016248
1.236039,-0.506757,0.008124
1.239526,-0.508766,0.000000
1.240371,-0.509253,-0.008155
1.242039,-0.510214,-0.016333
1.239142,-0.511255,0.255810
1.239628,-0.511536,0.247470
1.234957,-0.508834,0.238071
1.242170,-0.513006,0.231140
1.239107,-0.511235,0.222138
1.238556,-0.510916,0.213664
1.241380,-0.512550,0.205818
1.243480,-0.513764,0.189467
1.240176,-0.511853,0.180607
1.241113,-0.512395,0.172444
1.238571,-0.510924,0.163785
1.238560,-0.510918,0.155518
1.238504,-0.510885,0.147257
1.239264,-0.511325,0.139106
1.239981,-0.511740,0.130951
1.236346,-0.509637,0.122331
1.236111,-0.509501,0.114110
1.236696,-0.509839,0.105978
1.236374,-0.509653,0.097767
1.236871,-0.509941,0.089633
1.235598,-0.509204,0.081373
1.236009,-0.509442,0.073244
1.236376,-0.509654,0.065113
1.235835,-0.509342,0.056936
1.233521,-0.508003,0.048696
1.236354,-0.509642,0.040675
1.236548,-0.509754,0.032542
1.236700,-0.509842,0.024407
1.236808,-0.509904,0.016272
1.237738,-0.510442,0.008142
1.236894,-0.509954,0.000000
1.236872,-0.509942,-0.008136
1.241135,-0.512408,-0.016333
1.235678,-0.511991,0.255243
1.236161,-0.512271,0.246921
1.235747,-0.512031,0.238425
1.236139,-0.512258,0.230115
1.237338,-0.512955,0.221973
1.235079,-0.511643,0.213188
1.236189,-0.512287,0.205054
1.237255,-0.512907,0.196912
1.229717,-0.508528,0.187357
1.230690,-0.509093,0.179262
1.232477,-0.510131,0.171288
1.233364,-0.510647,0.163173
1.237644,-0.513133,0.155518
1.238447,-0.513599,0.147367
1.239208,-0.514041,0.139211
1.238203,-0.513458,0.130853
1.236293,-0.512348,0.122423
1.236059,-0.512212,0.114196
1.236644,-0.512552,0.106057
1.237185,-0.512866,0.097914
1.235957,-0.512153,0.089633
1.235548,-0.511915,0.081434
1.233369,-0.510649,0.073134
1.233735,-0.510862,0.065015
1.236650,-0.512555,0.057022
1.234339,-0.511213,0.048770
1.234576,-0.511350,0.040644
1.234770,-0.511463,0.032517
1.231463,-0.509542,0.024315
1.231570,-0.509604,0.016211
1.231635,-0.509642,0.008106
1.236844,-0.512668,0.000000
1.236823,-0.512656,-0.008142
1.236758,-0.512618,-0.016284
1.236650,-0.512555,-0.024426
1.238606,-0.517620,0.256188
1.239942,-0.518401,0.248019
1.236985,-0.516673,0.238956
1.237379,-0.516903,0.230628
1.232618,-0.514121,0.221313
1.232064,-0.513798,0.212870
1.232317,-0.513945,0.204595
1.233380,-0.514566,0.196472
1.233544,-0.514662,0.188201
1.235375,-0.515732,0.180204
1.233740,-0.514776,0.171673
1.233771,-0.514795,0.163418
1.233757,-0.514787,0.155169
1.235416,-0.515756,0.147147
1.235315,-0.515697,0.138898
1.236889,-0.516617,0.130853
1.236701,-0.516507,0.122607
1.236468,-0.516371,0.114368
1.231889,-0.513695,0.105739
1.232427,-0.514010,0.097620
1.232923,-0.514299,0.089498
1.233376,-0.514564,0.081373
1.233785,-0.514803,0.073244
1.235014,-0.515521,0.065162
1.234475,-0.515206,0.056979
1.235618,-0.515874,0.048880
1.235856,-0.516013,0.040736
1.232597,-0.514109,0.032493
1.230158,-0.512684,0.024315
1.230266,-0.512746,0.016211
1.230330,-0.512784,0.008106
1.231215,-0.513301,0.000000
1.231193,-0.513289,-0.008112
1.240626,-0.518800,-0.016358
1.242244,-0.519746,-0.024573
1.224414,-0.512185,0.261616
1.224083,-0.511991,0.253163
1.225401,-0.512765,0.245090
1.228374,-0.514510,0.237363
1.229609,-0.515234,0.229260
1.236755,-0.519428,0.222303
1.237910,-0.520106,0.214141
1.233055,-0.517257,0.204901
1.234118,-0.517881,0.196766
1.235992,-0.518980,0.188763
1.230132,-0.515541,0.179531
1.232772,-0.517090,0.171673
1.233659,-0.517611,0.163541
1.228506,-0.514587,0.154587
1.229303,-0.515055,0.146485
1.230057,-0.515497,0.138378
1.230767,-0.515914,0.130265
1.229718,-0.515298,0.121963
1.231201,-0.516169,0.113939
1.230923,-0.516005,0.105739
1.231461,-0.516321,0.097620
1.231956,-0.516612,0.089498
1.232408,-0.516877,0.081373
1.230234,-0.515601,0.073079
1.230599,-0.515815,0.064966
1.231783,-0.516510,0.056893
1.229477,-0.515157,0.048659
1.230575,-0.515801,0.040583
1.232493,-0.516927,0.032517
1.236093,-0.519039,0.024463
1.234476,-0.518090,0.016284
1.234540,-0.518128,0.008142
1.240599,-0.521684,0.000000
1.234540,-0.518128,-0.008142
1.234476,-0.518090,-0.016284
1.245578,-0.524606,-0.024665
1.247150,-0.525529,-0.032934
1.238602,-0.523581,0.265128
1.235752,-0.521901,0.255999
1.232003,-0.519690,0.246738
1.229046,-0.517947,0.237717
1.230281,-0.518675,0.229602
1.231473,-0.519378,0.221478
1.232623,-0.520056,0.213346
1.233729,-0.520708,0.205207
1.229679,-0.518320,0.196179
1.234106,-0.520930,0.188623
1.231667,-0.519492,0.179934
1.233451,-0.520544,0.171930
1.230919,-0.519051,0.163296
1.230905,-0.519043,0.155053
1.231703,-0.519513,0.146926
1.232458,-0.519958,0.138794
1.230598,-0.518862,0.130363
1.230408,-0.518750,0.122147
1.229316,-0.518106,0.113853
1.229896,-0.518448,0.105739
1.229574,-0.518258,0.097547
1.230928,-0.519056,0.089498
1.231380,-0.519323,0.081373
1.231788,-0.519564,0.073244
1.231293,-0.519272,0.065064
1.232476,-0.519969,0.056979
1.231895,-0.519627,0.048806
1.232132,-0.519766,0.040675
1.232325,-0.519880,0.032542
1.229892,-0.518446,0.024352
1.227415,-0.516985,0.016198
1.227479,-0.517023,0.008099
1.227501,-0.517036,0.000000
1.230925,-0.519055,-0.008124
1.230860,-0.519017,-0.016248
1.239366,-0.524031,-0.024555
1.244382,-0.526988,-0.032885
1.227536,-0.519800,0.262787
1.228057,-0.520109,0.254486
1.227687,-0.519890,0.246006
1.228118,-0.520145,0.237717
1.229351,-0.520875,0.229602
1.229694,-0.521078,0.221313
1.229991,-0.521254,0.213029
1.231094,-0.521907,0.204901
1.232155,-0.522535,0.196766
1.233172,-0.523137,0.188623
1.233371,-0.523255,0.172059
1.233404,-0.523274,0.163785
1.226555,-0.519220,0.154587
1.226495,-0.519184,0.146375
1.227246,-0.519629,0.138274
1.227955,-0.520049,0.130167
1.228621,-0.520443,0.122055
1.229244,-0.520812,0.113939
1.229824,-0.521155,0.105818
1.230362,-0.521473,0.097694
1.231714,-0.522274,0.089633
1.231307,-0.522033,0.081434
1.231716,-0.522275,0.073299
1.232081,-0.522491,0.065162
1.232404,-0.522682,0.057022
1.230104,-0.521321,0.048770
1.230340,-0.521460,0.040644
1.230533,-0.521575,0.032517
1.230683,-0.521664,0.024389
1.229930,-0.521218,0.016248
1.230855,-0.521765,0.008130
1.235179,-0.524325,0.000000
1.234297,-0.523803,-0.008155
1.234232,-0.523765,-0.016309
1.234985,-0.524210,-0.024481
1.243437,-0.529213,-0.032885
1.228301,-0.522971,0.263177
1.227980,-0.522780,0.254675
1.228457,-0.523063,0.246372
1.229735,-0.523823,0.238248
1.230123,-0.524054,0.229944
1.229619,-0.523754,0.221478
1.226522,-0.521913,0.212552
1.225073,-0.521052,0.203984
1.225277,-0.521174,0.195738
1.226288,-0.521775,0.187638
1.227257,-0.522350,0.179531
1.228182,-0.522900,0.171416
1.229065,-0.523425,0.163296
1.225636,-0.521387,0.154587
1.225576,-0.521351,0.146375
1.225471,-0.521289,0.138169
1.226179,-0.521710,0.130069
1.225987,-0.521596,0.121871
1.228322,-0.522983,0.113939
1.229758,-0.523837,0.105898
1.230295,-0.524156,0.097767
1.230790,-0.524450,0.089633
1.231241,-0.524718,0.081495
1.231649,-0.524961,0.073354
1.232015,-0.525178,0.065211
1.232337,-0.525370,0.057065
1.232617,-0.525536,0.048917
1.234572,-0.526698,0.040828
1.233047,-0.525792,0.032615
1.230619,-0.524348,0.024407
1.230726,-0.524412,0.016272
1.230791,-0.524451,0.008136
1.230812,-0.524463,0.000000
1.230791,-0.524451,-0.008136
1.232445,-0.525434,-0.016297
1.227181,-0.522305,-0.024334
1.232188,-0.525281,-0.032591
1.231994,-0.525166,-0.040736
1.225679,-0.524162,0.262787
1.227043,-0.524976,0.254675
1.228363,-0.525764,0.246555
1.229641,-0.526526,0.238425
1.230876,-0.527263,0.230286
1.231221,-0.527469,0.221973
1.232369,-0.528154,0.213823
1.223290,-0.522737,0.203831
1.224343,-0.523365,0.195738
1.224503,-0.523460,0.187497
1.225469,-0.524037,0.179396
1.222987,-0.522556,0.170774
1.223865,-0.523080,0.162684
1.224701,-0.523579,0.154587
1.225494,-0.524052,0.146485
1.223683,-0.522971,0.138065
1.224389,-0.523392,0.129971
1.230183,-0.526850,0.122423
1.231662,-0.527733,0.114368
1.232243,-0.528079,0.106217
1.232781,-0.528401,0.098062
1.228136,-0.525628,0.089498
1.228586,-0.525897,0.081373
1.228993,-0.526140,0.073244
1.229358,-0.526358,0.065113
1.230538,-0.527062,0.057022
1.233391,-0.528764,0.048990
1.231053,-0.527369,0.040736
1.230387,-0.526972,0.032566
1.230537,-0.527062,0.024426
1.228927,-0.526101,0.016260
1.228992,-0.526139,0.008130
1.229013,-0.526152,0.000000
1.232427,-0.528189,-0.008155
1.232362,-0.528150,-0.016309
1.233972,-0.529111,-0.024499
1.234680,-0.529534,-0.032689
1.238777,-0.531979,-0.041012
1.226708,-0.527500,0.271692
1.224751,-0.526328,0.262787
1.224428,-0.526134,0.254297
1.227432,-0.527934,0.246555
1.228709,-0.528699,0.238425
1.228252,-0.528425,0.229944
1.219288,-0.523054,0.219829
1.220424,-0.523735,0.211758
1.220669,-0.523882,0.203526
1.221719,-0.524511,0.195445
1.222727,-0.525114,0.187357
1.223691,-0.525693,0.179262
1.224614,-0.526245,0.171159
1.224642,-0.526262,0.162929
1.222922,-0.525232,0.154471
1.223714,-0.525706,0.146375
1.224463,-0.526155,0.138274
1.225169,-0.526578,0.130167
1.226687,-0.527488,0.122147
1.227309,-0.527860,0.114025
1.227888,-0.528207,0.105898
1.228424,-0.528528,0.097767
1.228917,-0.528823,0.089633
1.226799,-0.527554,0.081311
1.227205,-0.527798,0.073189
1.230139,-0.529556,0.065211
1.230461,-0.529749,0.057065
1.230740,-0.529916,0.048917
1.230976,-0.530057,0.040767
1.231169,-0.530173,0.032615
1.231319,-0.530263,0.024463
1.231427,-0.530327,0.016309
1.228918,-0.528824,0.008136
1.228939,-0.528837,0.000000
1.228918,-0.528824,-0.008136
1.228854,-0.528786,-0.016272
1.228747,-0.528721,-0.024407
1.228597,-0.528632,-0.032542
1.229261,-0.529030,-0.040705
1.229026,-0.528889,-0.048843
1.227894,-0.531314,0.263762
1.228418,-0.531629,0.255432
1.230582,-0.532931,0.247470
1.231018,-0.533194,0.239133
1.231409,-0.533430,0.230799
1.221616,-0.527535,0.220489
1.222754,-0.528220,0.212393
1.223849,-0.528879,0.204290
1.221511,-0.527472,0.195592
1.222518,-0.528078,0.187497
1.228577,-0.531725,0.180204
1.224405,-0.529213,0.171288
1.225284,-0.529743,0.163173
1.226120,-0.530246,0.155053
1.223508,-0.528674,0.146485
1.224257,-0.529124,0.138378
1.224963,-0.529549,0.130265
1.225626,-0.529949,0.122147
1.221979,-0.527753,0.113596
1.222555,-0.528100,0.105500
1.221379,-0.527392,0.097252
1.221014,-0.527173,0.089093
1.221462,-0.527442,0.081005
1.221866,-0.527686,0.072913
1.222228,-0.527903,0.064818
1.222548,-0.528096,0.056721
1.224537,-0.529293,0.048696
1.225628,-0.529950,0.040613
1.225820,-0.530065,0.032493
1.226826,-0.530671,0.024389
1.226076,-0.530220,0.016248
1.230424,-0.532837,0.008155
1.225305,-0.529755,0.000000
1.223570,-0.528711,-0.008106
1.223506,-0.528673,-0.016211
1.223400,-0.528609,-0.024315
1.223251,-0.528519,-0.032419
1.227341,-0.530981,-0.040675
1.227962,-0.531354,-0.048843
1.228212,-0.535462,0.264152
1.218657,-0.529677,0.253541
1.221648,-0.531489,0.245823
1.222917,-0.532257,0.237717
1.219087,-0.529938,0.228576
1.220265,-0.530651,0.220489
1.223090,-0.532362,0.212711
1.222495,-0.532001,0.204290
1.223546,-0.532637,0.196179
1.222860,-0.532222,0.187779
1.221282,-0.531267,0.179262
1.222201,-0.531823,0.171159
1.222229,-0.531841,0.162929
1.223063,-0.532345,0.154820
1.224705,-0.533339,0.146816
1.224604,-0.533278,0.138586
1.221904,-0.531644,0.130069
1.219158,-0.529981,0.121596
1.218923,-0.529839,0.113424
1.219497,-0.530186,0.105340
1.220882,-0.531025,0.097326
1.221372,-0.531321,0.089228
1.221819,-0.531592,0.081127
1.224786,-0.533388,0.073189
1.223440,-0.532573,0.064966
1.223760,-0.532767,0.056850
1.224892,-0.533452,0.048770
1.225981,-0.534112,0.040675
1.225318,-0.533710,0.032517
1.225468,-0.533801,0.024389
1.223008,-0.532312,0.016223
1.223072,-0.532351,0.008112
1.220527,-0.530810,0.000000
1.223072,-0.532351,-0.008112
1.223008,-0.532312,-0.016223
1.222902,-0.532247,-0.024334
1.222753,-0.532157,-0.032444
1.222561,-0.532041,-0.040552
1.226601,-0.534487,-0.048843
1.229742,-0.536389,-0.057151
1.217463,-0.531742,0.270285
1.218859,-0.532591,0.262201
1.217695,-0.531883,0.253541
1.219004,-0.532678,0.245456
1.216064,-0.530892,0.236478
1.216441,-0.531121,0.228234
1.217617,-0.531835,0.220159
1.218750,-0.532524,0.212076
1.218152,-0.532161,0.203679
1.219198,-0.532797,0.195592
1.221049,-0.533922,0.187638
1.222011,-0.534507,0.179531
1.217847,-0.531975,0.170645
1.223809,-0.535599,0.163296
1.219551,-0.533011,0.154471
1.220340,-0.533491,0.146375
1.222786,-0.534978,0.138482
1.223491,-0.535406,0.130363
1.224153,-0.535809,0.122239
1.224773,-0.536185,0.114110
1.221942,-0.534465,0.105659
1.221623,-0.534271,0.097473
1.222113,-0.534568,0.089363
1.223413,-0.535359,0.081311
1.221258,-0.534049,0.073023
1.221620,-0.534269,0.064917
1.223647,-0.535501,0.056893
1.221362,-0.534112,0.048659
1.219887,-0.533216,0.040491
1.218370,-0.532293,0.032345
1.220227,-0.533422,0.024297
1.220333,-0.533487,0.016198
1.220397,-0.533526,0.008099
1.222982,-0.535097,0.000000
1.223815,-0.535603,-0.008124
1.223751,-0.535564,-0.016248
1.223645,-0.535500,-0.024371
1.223496,-0.535409,-0.032493
1.223304,-0.535293,-0.040613
1.223070,-0.535150,-0.048733
1.222793,-0.534982,-0.056850
1.223941,-0.538726,0.272095
1.225345,-0.539583,0.263957
1.226706,-0.540414,0.255810
1.214599,-0.533022,0.244724
1.215860,-0.533791,0.236655
1.220441,-0.536589,0.229260
1.221621,-0.537309,0.221148
1.221072,-0.536974,0.212711
1.222165,-0.537641,0.204595
1.223215,-0.538282,0.196472
1.214083,-0.532707,0.186653
1.215039,-0.533291,0.178589
1.215953,-0.533849,0.170517
1.216825,-0.534381,0.162439
1.217655,-0.534887,0.154355
1.216745,-0.534332,0.146044
1.217489,-0.534786,0.137961
1.218190,-0.535214,0.129873
1.218849,-0.535617,0.121779
1.219466,-0.535993,0.113681
1.222592,-0.537902,0.105818
1.223125,-0.538227,0.097694
1.222764,-0.538007,0.089498
1.224063,-0.538800,0.081434
1.223616,-0.538527,0.073244
1.223979,-0.538748,0.065113
1.224298,-0.538944,0.056979
1.227987,-0.541196,0.048990
1.223957,-0.538735,0.040675
1.224148,-0.538852,0.032542
1.223444,-0.538422,0.024389
1.223551,-0.538487,0.016260
1.222761,-0.538005,0.008124
1.221075,-0.536976,0.000000
1.222761,-0.538005,-0.008124
1.222697,-0.537966,-0.016248
1.221738,-0.537380,-0.024352
1.221589,-0.537289,-0.032468
1.221397,-0.537173,-0.040583
1.221164,-0.537030,-0.048696
1.227709,-0.541026,-0.057151
1.229093,-0.541871,-0.065407
1.218195,-0.537984,0.279393
1.214624,-0.535795,0.270084
1.214344,-0.535623,0.261616
1.215691,-0.536449,0.253541
1.216158,-0.536735,0.245273
1.215742,-0.536480,0.236832
1.216959,-0.537227,0.228747
1.218135,-0.537947,0.220654
1.219268,-0.538642,0.212552
1.221201,-0.539827,0.204595
1.222250,-0.540470,0.196472
1.226633,-0.543157,0.188904
1.224221,-0.541678,0.180204
1.225142,-0.542243,0.172059
1.218406,-0.538113,0.162806
1.221776,-0.540179,0.155053
1.220872,-0.539625,0.146706
1.218226,-0.538003,0.138169
1.222322,-0.540514,0.130461
1.222983,-0.540919,0.122331
1.223601,-0.541298,0.114196
1.225027,-0.542172,0.106137
1.225561,-0.542500,0.097988
1.225202,-0.542279,0.089768
1.225650,-0.542554,0.081618
1.225205,-0.542281,0.073410
1.222161,-0.540415,0.065064
1.222480,-0.540611,0.056936
1.222757,-0.540780,0.048806
1.218730,-0.538312,0.040521
1.223182,-0.541041,0.032542
1.222479,-0.540610,0.024389
1.224290,-0.541720,0.016284
1.222649,-0.540714,0.008130
1.222670,-0.540727,0.000000
1.220091,-0.539146,-0.008112
1.220028,-0.539107,-0.016223
1.217365,-0.537475,-0.024278
1.217216,-0.537384,-0.032370
1.217026,-0.537267,-0.040460
1.216793,-0.537125,-0.048549
1.222480,-0.540611,-0.056936
1.225567,-0.542503,-0.065260
1.214742,-0.538597,0.278772
1.215344,-0.538967,0.270486
1.215066,-0.538796,0.262006
1.212232,-0.537052,0.252974
1.212696,-0.537338,0.244724
1.210601,-0.536048,0.235947
1.211813,-0.536794,0.227892
1.211303,-0.536480,0.219499
1.211588,-0.536656,0.211281
1.212671,-0.537322,0.203220
1.213712,-0.537963,0.195152
1.214710,-0.538577,0.187075
1.213979,-0.538127,0.178723
1.214892,-0.538689,0.170645
1.212381,-0.537144,0.162072
1.215745,-0.539214,0.154355
1.216530,-0.539698,0.146265
1.218968,-0.541198,0.138378
1.217974,-0.540586,0.130069
1.218633,-0.540992,0.121963
1.215855,-0.539282,0.113510
1.213031,-0.537544,0.105101
1.213560,-0.537869,0.097032
1.217444,-0.540260,0.089228
1.217889,-0.540534,0.081127
1.218292,-0.540782,0.073023
1.218652,-0.541004,0.064917
1.218971,-0.541199,0.056807
1.219246,-0.541369,0.048696
1.214372,-0.538369,0.040399
1.219670,-0.541630,0.032468
1.214710,-0.538577,0.024242
1.219925,-0.541787,0.016235
1.214879,-0.538681,0.008081
1.219158,-0.541315,0.000000
1.217434,-0.540253,-0.008099
1.217370,-0.540214,-0.016198
1.217264,-0.540149,-0.024297
1.218819,-0.541106,-0.032444
1.216926,-0.539941,-0.040491
1.219246,-0.541369,-0.048696
1.221523,-0.542770,-0.056936
1.221204,-0.542574,-0.065064
1.215441,-0.541798,0.279186
1.211044,-0.539081,0.269681
1.211597,-0.539422,0.261421
1.211269,-0.539220,0.252974
1.210896,-0.538989,0.244541
1.212152,-0.539765,0.236478
1.213365,-0.540515,0.228405
1.212858,-0.540202,0.219994
1.211466,-0.539341,0.211440
1.212548,-0.540010,0.203373
1.212747,-0.540133,0.195152
1.211218,-0.539188,0.186653
1.212171,-0.539777,0.178589
1.215613,-0.541904,0.170902
1.216484,-0.542442,0.162806
1.220693,-0.545043,0.155169
1.221482,-0.545530,0.147036
1.218843,-0.543900,0.138482
1.219545,-0.544334,0.130363
1.220204,-0.544741,0.122239
1.219126,-0.544075,0.113939
1.221396,-0.545477,0.105978
1.219382,-0.544233,0.097620
1.214778,-0.541388,0.089093
1.213524,-0.540613,0.080882
1.215624,-0.541911,0.072913
1.215983,-0.542133,0.064818
1.218000,-0.543379,0.056807
1.220826,-0.545125,0.048806
1.221060,-0.545270,0.040675
1.218699,-0.543811,0.032468
1.217997,-0.543377,0.024334
1.213850,-0.540815,0.016162
1.213913,-0.540854,0.008081
1.218188,-0.543495,0.000000
1.218166,-0.543482,-0.008112
1.218103,-0.543443,-0.016223
1.217997,-0.543377,-0.024334
1.217849,-0.543286,-0.032444
1.217659,-0.543168,-0.040552
1.217426,-0.543024,-0.048659
1.227349,-0.549156,-0.057280
1.227879,-0.549483,-0.065505
1.215716,-0.545931,0.279600
1.214656,-0.545273,0.270888
1.216047,-0.546137,0.262787
1.209889,-0.542310,0.252974
1.218702,-0.547787,0.246555
1.213655,-0.544650,0.228747
1.211475,-0.543296,0.219994
1.211762,-0.543474,0.211758
1.212845,-0.544147,0.203679
1.213045,-0.544271,0.195445
1.214042,-0.544891,0.187357
1.209106,-0.541824,0.178319
1.215911,-0.546052,0.171159
1.216782,-0.546594,0.163051
1.215923,-0.546060,0.154704
1.216708,-0.546548,0.146596
1.217451,-0.547010,0.138482
1.218152,-0.547445,0.130363
1.218810,-0.547854,0.122239
1.218580,-0.547711,0.114025
1.219153,-0.548067,0.105898
1.219683,-0.548397,0.097767
1.220172,-0.548700,0.089633
1.213836,-0.544763,0.081005
1.221021,-0.549228,0.073354
1.213747,-0.544708,0.064769
1.214064,-0.544904,0.056679
1.214338,-0.545075,0.048586
1.214570,-0.545219,0.040491
1.213062,-0.544282,0.032345
1.213209,-0.544373,0.024260
1.215013,-0.545494,0.016198
1.213378,-0.544478,0.008087
1.218495,-0.547658,0.000000
1.218474,-0.547645,-0.008124
1.218410,-0.547606,-0.016248
1.218305,-0.547540,-0.024371
1.220704,-0.549031,-0.032566
1.220513,-0.548912,-0.040705
1.220279,-0.548767,-0.048843
1.220004,-0.548596,-0.056979
1.219686,-0.548398,-0.065113
1.214822,-0.547920,0.279600
1.208776,-0.544149,0.269681
1.210159,-0.545012,0.261616
1.211500,-0.545848,0.253541
1.212799,-0.546658,0.245456
1.211550,-0.545880,0.236832
1.216106,-0.548721,0.229431
1.209748,-0.544755,0.219829
1.208358,-0.543889,0.211281
1.208599,-0.544039,0.203067
1.209635,-0.544685,0.195005
1.208109,-0.543733,0.186513
1.211581,-0.545899,0.178858
1.212491,-0.546467,0.170774
1.217570,-0.549634,0.163296
1.218399,-0.550151,0.155169
1.219186,-0.550642,0.147036
1.219930,-0.551106,0.138898
1.217254,-0.549437,0.130363
1.217912,-0.549847,0.122239
1.218527,-0.550231,0.114110
1.215717,-0.548478,0.105659
1.216246,-0.548808,0.097547
1.216733,-0.549112,0.089431
1.217177,-0.549389,0.081311
1.215038,-0.548055,0.073023
1.212007,-0.546164,0.064720
1.215714,-0.548476,0.056807
1.212597,-0.546532,0.048549
1.212828,-0.546677,0.040460
1.213018,-0.546795,0.032370
1.211469,-0.545829,0.024242
1.211574,-0.545894,0.016162
1.214182,-0.547521,0.008099
1.214203,-0.547534,0.000000
1.214182,-0.547521,-0.008099
1.218361,-0.550128,-0.016260
1.214014,-0.547416,-0.024297
1.217259,-0.549440,-0.032493
1.217069,-0.549322,-0.040613
1.215140,-0.548119,-0.048659
1.214866,-0.547948,-0.056764
1.216244,-0.548807,-0.064966
1.211232,-0.548799,0.278979
1.210171,-0.548134,0.270285
1.207400,-0.546398,0.261226
1.207073,-0.546193,0.252785
1.205034,-0.544916,0.243992
1.206282,-0.545698,0.235947
1.207488,-0.546453,0.227892
1.208652,-0.547182,0.219829
1.212284,-0.549458,0.212234
1.213367,-0.550136,0.204137
1.214407,-0.550788,0.196032
1.207854,-0.546683,0.186653
1.206285,-0.545699,0.178185
1.207190,-0.546267,0.170132
1.208895,-0.547335,0.162194
1.209717,-0.547850,0.154122
1.212182,-0.549394,0.146265
1.212922,-0.549857,0.138169
1.211932,-0.549238,0.129873
1.211743,-0.549119,0.121687
1.211510,-0.548973,0.113510
1.212079,-0.549330,0.105420
1.212607,-0.549660,0.097326
1.213091,-0.549964,0.089228
1.212689,-0.549711,0.081066
1.214781,-0.551023,0.073079
1.215140,-0.551247,0.064966
1.213764,-0.550385,0.056764
1.210650,-0.548434,0.048512
1.214270,-0.550702,0.040552
1.207682,-0.546575,0.032247
1.207829,-0.546667,0.024186
1.211323,-0.548856,0.016174
1.214776,-0.551019,0.008112
1.211407,-0.548909,0.000000
1.213081,-0.549957,-0.008099
1.213018,-0.549918,-0.016198
1.212913,-0.549852,-0.024297
1.212765,-0.549759,-0.032394
1.213423,-0.550171,-0.040521
1.213191,-0.550026,-0.048622
1.217150,-0.552507,-0.056936
1.221911,-0.555490,-0.065358
1.209201,-0.550272,0.270285
1.210584,-0.551142,0.262201
1.211925,-0.551985,0.254108
1.207398,-0.549138,0.244724
1.208648,-0.549924,0.236655
1.207354,-0.549111,0.228063
1.208518,-0.549843,0.219994
1.205461,-0.547920,0.211122
1.204027,-0.547018,0.202609
1.205058,-0.547667,0.194565
1.217781,-0.555669,0.188482
1.212867,-0.552578,0.179396
1.215457,-0.554207,0.171545
1.216327,-0.554754,0.163418
1.216314,-0.554746,0.155169
1.216257,-0.554710,0.146926
1.211948,-0.552000,0.138169
1.211802,-0.551908,0.129971
1.210771,-0.551259,0.121687
1.209695,-0.550583,0.113424
1.208575,-0.549879,0.105181
1.209101,-0.550209,0.097105
1.207050,-0.548919,0.088824
1.210026,-0.550791,0.080943
1.210425,-0.551042,0.072858
1.209937,-0.550735,0.064720
1.206024,-0.548274,0.056421
1.207988,-0.549509,0.048438
1.208218,-0.549654,0.040368
1.208407,-0.549773,0.032296
1.208554,-0.549865,0.024223
1.208658,-0.549931,0.016149
1.212954,-0.552632,0.008106
1.212975,-0.552646,0.000000
1.212954,-0.552632,-0.008106
1.217123,-0.555255,-0.016272
1.217017,-0.555188,-0.024407
1.212638,-0.552434,-0.032419
1.216679,-0.554976,-0.040675
1.216447,-0.554829,-0.048806
1.219555,-0.556784,-0.057108
1.209871,-0.553480,0.270687
1.209596,-0.553307,0.262201
1.208444,-0.552580,0.253541
1.207245,-0.551822,0.244907
1.208495,-0.552611,0.236832
1.204704,-0.550218,0.227721
1.209200,-0.553057,0.220324
1.206983,-0.551657,0.211599
1.208060,-0.552337,0.203526
1.209095,-0.552990,0.195445
1.210088,-0.553617,0.187357
1.210201,-0.553689,0.179127
1.210271,-0.553733,0.170902
1.211137,-0.554280,0.162806
1.211960,-0.554800,0.154704
1.208540,-0.552640,0.146044
1.204231,-0.549919,0.137336
1.204923,-0.550356,0.129285
1.205573,-0.550766,0.121228
1.206181,-0.551150,0.113167
1.207590,-0.552040,0.105181
1.208958,-0.552904,0.097179
1.210285,-0.553742,0.089161
1.216634,-0.557751,0.081495
1.217035,-0.558004,0.073354
1.217395,-0.558231,0.065211
1.217712,-0.558432,0.057065
1.207003,-0.551669,0.048438
1.205543,-0.550747,0.040307
1.207421,-0.551934,0.032296
1.210104,-0.553628,0.024278
1.210209,-0.553694,0.016186
1.211118,-0.554268,0.008099
1.211139,-0.554281,0.000000
1.211118,-0.554268,-0.008099
1.214436,-0.556363,-0.016248
1.212640,-0.555229,-0.024334
1.214184,-0.556204,-0.032493
1.213994,-0.556084,-0.040613
1.213762,-0.555938,-0.048733
1.213488,-0.555765,-0.056850
1.211930,-0.557544,0.262982
1.200831,-0.550508,0.252029
1.207929,-0.555007,0.245273
1.203360,-0.552111,0.235947
1.202898,-0.551818,0.227550
1.205722,-0.553609,0.219829
1.207674,-0.554846,0.211917
1.208752,-0.555529,0.203831
1.209787,-0.556185,0.195738
1.210780,-0.556815,0.187638
1.211732,-0.557418,0.179531
1.208453,-0.555340,0.170774
1.207641,-0.554825,0.162439
1.208462,-0.555345,0.154355
1.209240,-0.555839,0.146265
1.208297,-0.555241,0.137961
1.207310,-0.554616,0.129677
1.205438,-0.553429,0.121320
1.201839,-0.551147,0.112823
1.202403,-0.551504,0.104782
1.202925,-0.551835,0.096737
1.203405,-0.552140,0.088689
1.204687,-0.552953,0.080698
1.206771,-0.554274,0.072747
1.213032,-0.558243,0.065015
1.214192,-0.558978,0.056936
1.214466,-0.559152,0.048806
1.213854,-0.558764,0.040644
1.206444,-0.554066,0.032296
1.205746,-0.553624,0.024205
1.205851,-0.553690,0.016137
1.205913,-0.553730,0.008069
1.206779,-0.554279,0.000000
1.212670,-0.558013,-0.008118
1.212607,-0.557973,-0.016235
1.209124,-0.555765,-0.024278
1.212354,-0.557813,-0.032468
1.212165,-0.557693,-0.040583
1.213622,-0.558617,-0.048770
1.216723,-0.560583,-0.057065
1.204701,-0.556971,0.261616
1.206034,-0.557821,0.253541
1.205667,-0.557587,0.245090
1.203595,-0.556265,0.236301
1.204796,-0.557032,0.228234
1.205956,-0.557771,0.220159
1.205409,-0.557423,0.211758
1.206484,-0.558108,0.203679
1.201678,-0.555044,0.194565
1.203499,-0.556205,0.186653
1.203608,-0.556274,0.178454
1.202838,-0.555783,0.170132
1.202861,-0.555798,0.161949
1.201166,-0.554717,0.153541
1.201939,-0.555210,0.145493
1.202671,-0.555677,0.137441
1.203361,-0.556117,0.129383
1.204010,-0.556530,0.121320
1.204617,-0.556917,0.113252
1.205182,-0.557277,0.105181
1.205705,-0.557611,0.097105
1.206187,-0.557918,0.089026
1.203260,-0.556052,0.080698
1.203656,-0.556305,0.072637
1.204854,-0.557068,0.064622
1.205167,-0.557268,0.056550
1.208809,-0.559590,0.048622
1.209040,-0.559737,0.040521
1.209229,-0.559857,0.032419
1.209375,-0.559951,0.024315
1.207794,-0.558943,0.016186
1.207857,-0.558983,0.008093
1.207878,-0.558996,0.000000
1.207013,-0.558445,-0.008087
1.205264,-0.557330,-0.016149
1.205160,-0.557264,-0.024223
1.206700,-0.558245,-0.032345
1.207354,-0.558662,-0.040460
1.210495,-0.560665,-0.048696
1.211064,-0.561028,-0.056850
1.204639,-0.559418,0.261811
1.203490,-0.558682,0.253163
1.202293,-0.557917,0.244541
1.206023,-0.560303,0.237009
1.204738,-0.559481,0.228405
1.205897,-0.560223,0.220324
1.201193,-0.557213,0.211122
1.202264,-0.557898,0.203067
1.203293,-0.558556,0.195005
1.204280,-0.559188,0.186935
1.203556,-0.558724,0.178589
1.201116,-0.557164,0.170003
1.201974,-0.557713,0.161949
1.206137,-0.560376,0.154355
1.206914,-0.560873,0.146265
1.204298,-0.559199,0.137753
1.204989,-0.559642,0.129677
1.205638,-0.560057,0.121596
1.204567,-0.559372,0.113338
1.204293,-0.559196,0.105181
1.204815,-0.559530,0.097105
1.205296,-0.559838,0.089026
1.206576,-0.560657,0.081005
1.205292,-0.559835,0.072803
1.205647,-0.560063,0.064720
1.207644,-0.561340,0.056721
1.207916,-0.561515,0.048622
1.206463,-0.560585,0.040460
1.206651,-0.560705,0.032370
1.206798,-0.560799,0.024278
1.205218,-0.559788,0.016162
1.205280,-0.559828,0.008081
1.204459,-0.559302,0.000000
1.204438,-0.559289,-0.008075
1.206902,-0.560866,-0.016186
1.206798,-0.560799,-0.024278
1.204125,-0.559089,-0.032296
1.203095,-0.558430,-0.040337
1.202866,-0.558283,-0.048401
1.202595,-0.558110,-0.056464
1.203204,-0.561601,0.253352
1.203664,-0.561897,0.245090
1.203253,-0.561632,0.236655
1.200309,-0.559741,0.227721
1.199804,-0.559416,0.219334
1.200915,-0.560131,0.211281
1.201985,-0.560818,0.203220
1.203014,-0.561479,0.195152
1.204000,-0.562113,0.187075
1.204945,-0.562720,0.178992
1.205848,-0.563300,0.170902
1.200030,-0.559561,0.161827
1.201680,-0.560622,0.153890
1.202453,-0.561119,0.145824
1.203185,-0.561589,0.137753
1.201364,-0.560419,0.129383
1.204524,-0.562449,0.121596
1.205131,-0.562839,0.113510
1.209050,-0.565358,0.105739
1.209575,-0.565695,0.097620
1.210058,-0.566006,0.089498
1.207140,-0.564131,0.081127
1.204178,-0.562227,0.072803
1.202012,-0.560835,0.064573
1.202325,-0.561036,0.056507
1.202596,-0.561210,0.048438
1.201984,-0.560817,0.040337
1.203013,-0.561478,0.032296
1.207364,-0.564274,0.024315
1.203263,-0.561639,0.016149
1.201643,-0.560598,0.008063
1.207552,-0.564395,0.000000
1.204166,-0.562220,-0.008081
1.201580,-0.560558,-0.016125
1.204000,-0.562112,-0.024242
1.203854,-0.562019,-0.032321
1.203666,-0.561898,-0.040399
1.209321,-0.565532,-0.048733
1.201755,-0.564697,0.253352
1.193131,-0.559124,0.243077
1.194363,-0.559920,0.235062
1.197209,-0.561759,0.227379
1.196703,-0.561433,0.219005
1.197811,-0.562149,0.210964
1.198048,-0.562301,0.202762
1.199072,-0.562963,0.194711
1.197560,-0.561986,0.186232
1.198499,-0.562593,0.178185
1.201895,-0.564788,0.170517
1.203587,-0.565881,0.162561
1.204403,-0.566409,0.154471
1.205179,-0.566910,0.146375
1.205077,-0.566844,0.138169
1.203260,-0.565670,0.129775
1.203072,-0.565548,0.121596
1.203678,-0.565940,0.113510
1.203405,-0.565763,0.105340
1.203927,-0.566101,0.097252
1.204407,-0.566411,0.089161
1.198139,-0.562361,0.080575
1.198534,-0.562616,0.072527
1.202242,-0.565012,0.064671
1.202555,-0.565214,0.056593
1.201986,-0.564847,0.048475
1.203055,-0.565537,0.040429
1.203242,-0.565659,0.032345
1.204228,-0.566295,0.024278
1.204332,-0.566363,0.016186
1.205235,-0.566946,0.008099
1.206095,-0.567502,0.000000
1.204395,-0.566403,-0.008093
1.202653,-0.565277,-0.016162
1.203388,-0.565753,-0.024260
1.203242,-0.565659,-0.032345
1.203055,-0.565537,-0.040429
1.206125,-0.570407,0.246189
1.200766,-0.566930,0.236655
1.200310,-0.566634,0.228234
1.197327,-0.564698,0.219334
1.198435,-0.565418,0.211281
1.197015,-0.564496,0.202762
1.194719,-0.563006,0.194124
1.195697,-0.563641,0.186091
1.196635,-0.564249,0.178050
1.198362,-0.565370,0.170132
1.199217,-0.565925,0.162072
1.200031,-0.566453,0.154006
1.200803,-0.566954,0.145934
1.201533,-0.567427,0.137857
1.197213,-0.564624,0.129187
1.197857,-0.565042,0.121136
1.203475,-0.568687,0.113596
1.199021,-0.565798,0.105021
1.201214,-0.567221,0.097105
1.205041,-0.569704,0.089296
1.202968,-0.568358,0.081005
1.203364,-0.568615,0.072913
1.203719,-0.568846,0.064818
1.204031,-0.569048,0.056721
1.204302,-0.569224,0.048622
1.203693,-0.568829,0.040491
1.203881,-0.568951,0.032394
1.203188,-0.568501,0.024278
1.203292,-0.568569,0.016186
1.203355,-0.568609,0.008093
1.201698,-0.567534,0.000000
1.201677,-0.567521,-0.008081
1.201615,-0.567480,-0.016162
1.201511,-0.567413,-0.024242
1.199688,-0.566230,-0.032272
1.201178,-0.567197,-0.040399
1.200949,-0.567049,-0.048475
1.203342,-0.571727,0.245823
1.200462,-0.569850,0.236832
1.200834,-0.570092,0.228576
1.199509,-0.569228,0.219994
1.200619,-0.569952,0.211917
1.199204,-0.569030,0.203373
1.200229,-0.569697,0.195298
1.194576,-0.566014,0.186091
1.195512,-0.566624,0.178050
1.196407,-0.567207,0.170003
1.197260,-0.567763,0.161949
1.198072,-0.568292,0.153890
1.201340,-0.570422,0.146155
1.202071,-0.570898,0.138065
1.202760,-0.571347,0.129971
1.200070,-0.569594,0.121504
1.199839,-0.569443,0.113338
1.197895,-0.568177,0.105021
1.198415,-0.568515,0.096958
1.200564,-0.569916,0.089026
1.201001,-0.570201,0.080943
1.201396,-0.570458,0.072858
1.201750,-0.570689,0.064769
1.205410,-0.573074,0.056850
1.201496,-0.570523,0.048549
1.205911,-0.573401,0.040613
1.201912,-0.570794,0.032370
1.202895,-0.571435,0.024297
1.202161,-0.570957,0.016186
1.202224,-0.570997,0.008093
1.202244,-0.571011,0.000000
1.203061,-0.571543,-0.008099
1.202161,-0.570957,-0.016186
1.197031,-0.567614,-0.024168
1.196886,-0.567519,-0.032223
1.196700,-0.567398,-0.040276
1.196472,-0.567249,-0.048328
1.206866,-0.576820,0.238425
1.194053,-0.568437,0.227379
1.192724,-0.567567,0.218840
1.192174,-0.567208,0.210487
1.193234,-0.567902,0.202456
1.195909,-0.569651,0.194711
1.195231,-0.569208,0.186372
1.198655,-0.571448,0.178723
1.199552,-0.572035,0.170645
1.195424,-0.569334,0.161827
1.196234,-0.569864,0.153773
1.194508,-0.568735,0.145383
1.195234,-0.569210,0.137336
1.195918,-0.569658,0.129285
1.199061,-0.571714,0.121504
1.202166,-0.573745,0.113681
1.202729,-0.574113,0.105579
1.205754,-0.576092,0.097694
1.206235,-0.576406,0.089566
1.197486,-0.570683,0.080759
1.197880,-0.570941,0.072692
1.199904,-0.572265,0.064720
1.200215,-0.572469,0.056636
1.200485,-0.572645,0.048549
1.202387,-0.573889,0.040521
1.200901,-0.572917,0.032370
1.199373,-0.571918,0.024242
1.198640,-0.571438,0.016149
1.197865,-0.570931,0.008069
1.197886,-0.570945,0.000000
1.197865,-0.570931,-0.008069
1.197803,-0.570891,-0.016137
1.197700,-0.570823,-0.024205
1.199228,-0.571823,-0.032321
1.199878,-0.572248,-0.040429
1.199649,-0.572098,-0.048512
1.194315,-0.571414,0.235947
1.193034,-0.570572,0.227379
1.192531,-0.570242,0.219005
1.191983,-0.569882,0.210646
1.193043,-0.570578,0.202609
1.194061,-0.571247,0.194565
1.194211,-0.571345,0.186372
1.195146,-0.571959,0.178319
1.196040,-0.572546,0.170260
1.194404,-0.571472,0.161827
1.194383,-0.571458,0.153657
1.194319,-0.571416,0.145493
1.193382,-0.570801,0.137232
1.194066,-0.571250,0.129187
1.196372,-0.572765,0.121320
1.197806,-0.573707,0.113338
1.198367,-0.574075,0.105260
1.198886,-0.574416,0.097179
1.199364,-0.574729,0.089093
1.198966,-0.574468,0.080943
1.198526,-0.574179,0.072803
1.199713,-0.574959,0.064769
1.200860,-0.575712,0.056721
1.200294,-0.575341,0.048586
1.199687,-0.574942,0.040460
1.197367,-0.573418,0.032296
1.197512,-0.573513,0.024223
1.197616,-0.573581,0.016149
1.197678,-0.573622,0.008075
1.198534,-0.574185,0.000000
1.198514,-0.574171,-0.008081
1.198452,-0.574130,-0.016162
1.194169,-0.571318,-0.024150
1.194025,-0.571223,-0.032198
1.193839,-0.571101,-0.040245
1.198221,-0.576800,0.237009
1.190366,-0.571621,0.227037
1.191509,-0.572374,0.219005
1.192610,-0.573100,0.210964
1.193670,-0.573799,0.202915
1.196341,-0.575560,0.195152
1.197320,-0.576205,0.187075
1.198257,-0.576824,0.178992
1.198325,-0.576869,0.170774
1.199180,-0.577432,0.162684
1.195846,-0.575234,0.154006
1.196614,-0.575741,0.145934
1.191529,-0.572388,0.137128
1.189718,-0.571194,0.128795
1.190357,-0.571615,0.120768
1.193451,-0.573655,0.112995
1.191513,-0.572377,0.104703
1.192028,-0.572717,0.096664
1.197501,-0.576325,0.089026
1.195436,-0.574964,0.080759
1.193328,-0.573574,0.072527
1.195347,-0.574905,0.064573
1.196491,-0.575659,0.056550
1.195926,-0.575287,0.048438
1.196153,-0.575437,0.040368
1.196340,-0.575559,0.032296
1.196484,-0.575655,0.024223
1.196588,-0.575723,0.016149
1.196650,-0.575764,0.008075
1.199175,-0.577429,0.000000
1.199989,-0.577966,-0.008099
1.199092,-0.577374,-0.016186
1.193980,-0.574004,-0.024168
1.198843,-0.577210,-0.032370
1.199491,-0.577637,-0.040491
1.189354,-0.573724,0.227037
1.190495,-0.574479,0.219005
1.191595,-0.575207,0.210964
1.192654,-0.575908,0.202915
1.187898,-0.572760,0.193831
1.188869,-0.573403,0.185810
1.189799,-0.574018,0.177781
1.190688,-0.574607,0.169746
1.191536,-0.575168,0.161704
1.192343,-0.575702,0.153657
1.193938,-0.576757,0.145714
1.194662,-0.577237,0.137649
1.195346,-0.577689,0.129579
1.195988,-0.578115,0.121504
1.195759,-0.577962,0.113338
1.193824,-0.576682,0.105021
1.194341,-0.577024,0.096958
1.194816,-0.577339,0.088891
1.195251,-0.577626,0.080821
1.197309,-0.578988,0.072858
1.197661,-0.579221,0.064769
1.197138,-0.578876,0.056636
1.194908,-0.577399,0.048438
1.197635,-0.579204,0.040460
1.195321,-0.577673,0.032296
1.192130,-0.575561,0.024150
1.192233,-0.575629,0.016100
1.192295,-0.575670,0.008050
1.190648,-0.574580,0.000000
1.192295,-0.575670,-0.008050
1.192233,-0.575629,-0.016100
1.192130,-0.575561,-0.024150
1.196988,-0.578776,-0.032345
1.205137,-0.584169,-0.040736
1.191987,-0.579487,0.227892
1.189025,-0.577516,0.219005
1.190123,-0.578247,0.210964
1.191180,-0.578950,0.202915
1.192196,-0.579626,0.194858
1.193995,-0.580824,0.186935
1.194929,-0.581445,0.178858
1.193346,-0.580391,0.170388
1.195848,-0.582057,0.162561
1.196658,-0.582595,0.154471
1.195771,-0.582006,0.146155
1.195669,-0.581938,0.137961
1.196353,-0.582393,0.129873
1.189535,-0.577855,0.120952
1.190132,-0.578253,0.112909
1.190689,-0.578623,0.104862
1.194525,-0.581176,0.097105
1.195000,-0.581492,0.089026
1.195434,-0.581781,0.080943
1.195827,-0.582043,0.072858
1.196178,-0.582277,0.064769
1.196489,-0.582483,0.056679
1.196757,-0.582662,0.048586
1.196985,-0.582813,0.040491
1.197171,-0.582937,0.032394
1.197316,-0.583034,0.024297
1.193257,-0.580332,0.016137
1.190822,-0.578712,0.008050
1.190842,-0.578725,0.000000
1.191654,-0.579266,-0.008056
1.191592,-0.579224,-0.016113
1.194819,-0.581372,-0.024242
1.196339,-0.582383,-0.032370
1.197817,-0.583367,-0.040521
1.192974,-0.582799,0.219994
1.191613,-0.581890,0.211440
1.191028,-0.581499,0.203067
1.192043,-0.582178,0.195005
1.190548,-0.581179,0.186513
1.191479,-0.581801,0.178454
1.192369,-0.582395,0.170388
1.193218,-0.582962,0.162317
1.193199,-0.582950,0.154122
1.194792,-0.584013,0.146155
1.194690,-0.583945,0.137961
1.191235,-0.581638,0.129383
1.191047,-0.581512,0.121228
1.191645,-0.581911,0.113167
1.188886,-0.580069,0.104782
1.189400,-0.580412,0.096737
1.193192,-0.582945,0.088959
1.193625,-0.583234,0.080882
1.196508,-0.585160,0.072968
1.196860,-0.585395,0.064867
1.194678,-0.583937,0.056636
1.193284,-0.583006,0.048475
1.193511,-0.583158,0.040399
1.193696,-0.583282,0.032321
1.189684,-0.580601,0.024150
1.188123,-0.579559,0.016076
1.194005,-0.583488,0.008081
1.192363,-0.582391,0.000000
1.192342,-0.582377,-0.008069
1.192281,-0.582336,-0.016137
1.196335,-0.585044,-0.024297
1.199515,-0.587169,-0.032493
1.188538,-0.582969,0.219334
1.189636,-0.583705,0.211281
1.187409,-0.582211,0.202609
1.190885,-0.584543,0.195005
1.190214,-0.584093,0.186653
1.191144,-0.584717,0.178589
1.192034,-0.585314,0.170517
1.192882,-0.585883,0.162439
1.193689,-0.586424,0.154355
1.193630,-0.586384,0.146155
1.190224,-0.584100,0.137545
1.190905,-0.584556,0.129481
1.191544,-0.584985,0.121412
1.191315,-0.584831,0.113252
1.192699,-0.585760,0.105260
1.192387,-0.585550,0.097105
1.192032,-0.585312,0.088959
1.190807,-0.584491,0.080759
1.191198,-0.584753,0.072692
1.191548,-0.584988,0.064622
1.192686,-0.585751,0.056593
1.192954,-0.585931,0.048512
1.194011,-0.586640,0.040460
1.194196,-0.586764,0.032370
1.193510,-0.586304,0.024260
1.192783,-0.585816,0.016162
1.192845,-0.585858,0.008081
1.189543,-0.583643,0.000000
1.192845,-0.585858,-0.008081
1.189461,-0.583588,-0.016113
1.193510,-0.586304,-0.024260
1.193366,-0.586207,-0.032345
1.183676,-0.582523,0.210328
1.184726,-0.583230,0.202303
1.185735,-0.583910,0.194271
1.186703,-0.584562,0.186232
1.187631,-0.585186,0.178185
1.188517,-0.585783,0.170132
1.189363,-0.586353,0.162072
1.188519,-0.585785,0.153773
1.188457,-0.585743,0.145604
1.188353,-0.585673,0.137441
1.188206,-0.585574,0.129285
1.188844,-0.586003,0.121228
1.187787,-0.585292,0.112995
1.188342,-0.585665,0.104942
1.188028,-0.585454,0.096811
1.188500,-0.585772,0.088756
1.188104,-0.585505,0.080637
1.189322,-0.586325,0.072637
1.189671,-0.586560,0.064573
1.189150,-0.586210,0.056464
1.189417,-0.586390,0.048401
1.189643,-0.586542,0.040337
1.184023,-0.582757,0.032100
1.184166,-0.582853,0.024076
1.190074,-0.586832,0.016137
1.190136,-0.586873,0.008069
1.189327,-0.586329,0.000000
1.190136,-0.586873,-0.008069
1.190074,-0.586832,-0.016137
1.193289,-0.588997,-0.024278
1.194803,-0.590017,-0.032419
1.185904,-0.586852,0.210964
1.186956,-0.587563,0.202915
1.187147,-0.587692,0.194711
1.188116,-0.588347,0.186653
1.185761,-0.586755,0.178050
1.183359,-0.585132,0.169489
1.184201,-0.585700,0.161460
1.185824,-0.586798,0.153541
1.185760,-0.586755,0.145383
1.184831,-0.586127,0.137128
1.183859,-0.585469,0.128893
1.184494,-0.585898,0.120860
1.185087,-0.586300,0.112823
1.185641,-0.586674,0.104782
1.185327,-0.586461,0.096664
1.187451,-0.587897,0.088756
1.187881,-0.588189,0.080698
1.188271,-0.588452,0.072637
1.192757,-0.591485,0.064818
1.193066,-0.591694,0.056721
1.193334,-0.591875,0.048622
1.187764,-0.588109,0.040307
1.187948,-0.588234,0.032247
1.186435,-0.587211,0.024150
1.188194,-0.588400,0.016125
1.189913,-0.589562,0.008075
1.189933,-0.589576,0.000000
1.189913,-0.589562,-0.008075
1.189851,-0.589520,-0.016149
1.189748,-0.589451,-0.024223
1.190433,-0.589913,-0.032321
1.181597,-0.586729,0.210328
1.182644,-0.587440,0.202303
1.183651,-0.588123,0.194271
1.184617,-0.588778,0.186232
1.185542,-0.589406,0.178185
1.183965,-0.588336,0.169746
1.184806,-0.588907,0.161704
1.179032,-0.584988,0.152726
1.179787,-0.585501,0.144722
1.182970,-0.587661,0.137024
1.183646,-0.588119,0.128991
1.184280,-0.588550,0.120952
1.186523,-0.590071,0.113081
1.187076,-0.590447,0.105021
1.186764,-0.590235,0.096885
1.187235,-0.590555,0.088824
1.187666,-0.590847,0.080759
1.186403,-0.589990,0.072582
1.186751,-0.590226,0.064524
1.187058,-0.590435,0.056464
1.187325,-0.590616,0.048401
1.187550,-0.590768,0.040337
1.189389,-0.592016,0.032321
1.187878,-0.590991,0.024205
1.187980,-0.591060,0.016137
1.187214,-0.590541,0.008063
1.187234,-0.590554,0.000000
1.185559,-0.589418,-0.008050
1.181361,-0.586568,-0.016039
1.181259,-0.586499,-0.024058
1.185253,-0.589209,-0.032198
1.182761,-0.591596,0.202609
1.183767,-0.592283,0.194565
1.183097,-0.591826,0.186232
1.184021,-0.592456,0.178185
1.179989,-0.589705,0.169361
1.180827,-0.590277,0.161337
1.181624,-0.590821,0.153308
1.182381,-0.591337,0.145273
1.183918,-0.592386,0.137336
1.184594,-0.592847,0.129285
1.184406,-0.592719,0.121136
1.183354,-0.592001,0.112909
1.183906,-0.592378,0.104862
1.184417,-0.592726,0.096811
1.184887,-0.593047,0.088756
1.185317,-0.593340,0.080698
1.184056,-0.592480,0.072527
1.184403,-0.592717,0.064475
1.185534,-0.593489,0.056464
1.185800,-0.593670,0.048401
1.186025,-0.593824,0.040337
1.186209,-0.593949,0.032272
1.188004,-0.595174,0.024242
1.184803,-0.592989,0.016113
1.191472,-0.597540,0.008106
1.191492,-0.597554,0.000000
1.191472,-0.597540,-0.008106
1.193062,-0.598626,-0.016235
1.193785,-0.599119,-0.024371
1.184263,-0.595154,0.203067
1.182823,-0.594168,0.194565
1.181337,-0.593150,0.186091
1.182258,-0.593781,0.178050
1.180685,-0.592704,0.169618
1.179885,-0.592156,0.161337
1.180682,-0.592702,0.153308
1.180617,-0.592658,0.145163
1.181332,-0.593147,0.137128
1.182006,-0.593608,0.129089
1.184282,-0.595167,0.121228
1.180765,-0.592759,0.112738
1.183783,-0.594825,0.104942
1.181826,-0.593485,0.096664
1.184764,-0.595497,0.088824
1.184370,-0.595227,0.080698
1.184758,-0.595493,0.072637
1.185106,-0.595731,0.064573
1.185412,-0.595941,0.056507
1.185678,-0.596123,0.048438
1.181779,-0.593453,0.040215
1.181962,-0.593578,0.032174
1.182105,-0.593676,0.024131
1.187982,-0.597700,0.016174
1.182268,-0.593788,0.008044
1.188064,-0.597756,0.000000
1.188043,-0.597742,-0.008087
1.187982,-0.597700,-0.016174
1.188704,-0.598195,-0.024278
1.180826,-0.595954,0.194418
1.180157,-0.595494,0.186091
1.181077,-0.596127,0.178050
1.180323,-0.595608,0.169746
1.180343,-0.595622,0.161582
1.181958,-0.596733,0.153657
1.181895,-0.596690,0.145493
1.180152,-0.595491,0.137128
1.180825,-0.595954,0.129089
1.181458,-0.596389,0.121044
1.182049,-0.596796,0.112995
1.180957,-0.596045,0.104782
1.181467,-0.596395,0.096737
1.181936,-0.596717,0.088689
1.182364,-0.597012,0.080637
1.178637,-0.594449,0.072306
1.178982,-0.594687,0.064279
1.179287,-0.594896,0.056249
1.179551,-0.595078,0.048217
1.179775,-0.595232,0.040184
1.180781,-0.595924,0.032174
1.180924,-0.596022,0.024131
1.181025,-0.596092,0.016088
1.181086,-0.596134,0.008044
1.181107,-0.596148,0.000000
1.182734,-0.597267,-0.008056
1.184321,-0.598358,-0.016137
1.185867,-0.599421,-0.024242
1.180572,-0.598628,0.194565
1.177460,-0.596480,0.185810
1.178378,-0.597113,0.177781
1.177623,-0.596592,0.169489
1.178459,-0.597169,0.161460
1.180888,-0.598846,0.153657
1.180008,-0.598239,0.145383
1.180722,-0.598731,0.137336
1.179757,-0.598065,0.129089
1.180389,-0.598501,0.121044
1.180980,-0.598909,0.112995
1.181530,-0.599289,0.104942
1.176294,-0.595675,0.096370
1.179224,-0.597697,0.088554
1.182937,-0.600260,0.080759
1.183324,-0.600528,0.072692
1.183671,-0.600767,0.064622
1.183977,-0.600978,0.056550
1.185887,-0.602296,0.048549
1.186111,-0.602452,0.040460
1.180536,-0.598603,0.032198
1.180678,-0.598701,0.024150
1.180780,-0.598772,0.016100
1.180018,-0.598246,0.008044
1.178392,-0.597123,0.000000
1.178372,-0.597109,-0.008032
1.178311,-0.597067,-0.016063
1.178210,-0.596997,-0.024094
1.177218,-0.599123,0.185950
1.177321,-0.599195,0.177781
1.178197,-0.599802,0.169746
1.179849,-0.600946,0.161827
1.179012,-0.600367,0.153541
1.179766,-0.600889,0.145493
1.178027,-0.599684,0.137128
1.175426,-0.597882,0.128697
1.175237,-0.597751,0.120585
1.176644,-0.598726,0.112652
1.176372,-0.598538,0.104543
1.177699,-0.599457,0.096590
1.178986,-0.600349,0.088621
1.179413,-0.600644,0.080575
1.178978,-0.600343,0.072471
1.180144,-0.601151,0.064475
1.180449,-0.601362,0.056421
1.179892,-0.600976,0.048328
1.180937,-0.601700,0.040307
1.181120,-0.601827,0.032247
1.180440,-0.601356,0.024168
1.180542,-0.601427,0.016113
1.180603,-0.601469,0.008056
1.178979,-0.600344,0.000000
1.180603,-0.601469,-0.008056
1.181364,-0.601996,-0.016125
1.177296,-0.603284,0.186232
1.177400,-0.603357,0.178050
1.175022,-0.601699,0.169489
1.175855,-0.602280,0.161460
1.176648,-0.602832,0.153424
1.177400,-0.603356,0.145383
1.178111,-0.603852,0.137336
1.178783,-0.604320,0.129285
1.178596,-0.604190,0.121136
1.172646,-0.600044,0.112394
1.170738,-0.598715,0.104145
1.172879,-0.600206,0.096296
1.173343,-0.600530,0.088284
1.173768,-0.600826,0.080269
1.176609,-0.602805,0.072416
1.176954,-0.603045,0.064377
1.178077,-0.603828,0.056378
1.179161,-0.604583,0.048365
1.179384,-0.604739,0.040307
1.180387,-0.605437,0.032272
1.180529,-0.605536,0.024205
1.180631,-0.605607,0.016137
1.180692,-0.605649,0.008069
1.176609,-0.602805,0.000000
1.176589,-0.602791,-0.008038
1.176528,-0.602749,-0.016076
1.178702,-0.607269,0.178454
1.177954,-0.606745,0.170132
1.173910,-0.603916,0.161337
1.174701,-0.604469,0.153308
1.174637,-0.604425,0.145163
1.175346,-0.604921,0.137128
1.176016,-0.605389,0.129089
1.175013,-0.604688,0.120860
1.175600,-0.605099,0.112823
1.176147,-0.605481,0.104782
1.175837,-0.605264,0.096664
1.176302,-0.605590,0.088621
1.176728,-0.605887,0.080575
1.177113,-0.606157,0.072527
1.177457,-0.606397,0.064475
1.177761,-0.606610,0.056421
1.178024,-0.606794,0.048365
1.179066,-0.607523,0.040337
1.179249,-0.607651,0.032272
1.179391,-0.607750,0.024205
1.175395,-0.604955,0.016076
1.177095,-0.606144,0.008050
1.174657,-0.604439,0.000000
1.174637,-0.604425,-0.008032
1.177034,-0.606102,-0.016100
1.171805,-0.605646,0.177512
1.170242,-0.604548,0.169104
1.171071,-0.605130,0.161092
1.171047,-0.605113,0.152959
1.171795,-0.605639,0.144942
1.170875,-0.604992,0.136712
1.171541,-0.605460,0.128697
1.172167,-0.605900,0.120676
1.173568,-0.606884,0.112738
1.173298,-0.606695,0.104623
1.174619,-0.607623,0.096664
1.175084,-0.607950,0.088621
1.174693,-0.607674,0.080514
1.175077,-0.607944,0.072471
1.174603,-0.607611,0.064377
1.174906,-0.607824,0.056335
1.175169,-0.608009,0.048291
1.175391,-0.608165,0.040245
1.175573,-0.608293,0.032198
1.175714,-0.608392,0.024150
1.175815,-0.608463,0.016100
1.174239,-0.607356,0.008038
1.175896,-0.608520,0.000000
1.175876,-0.608506,-0.008050
1.175815,-0.608463,-0.016100
1.186120,-0.618565,0.180069
1.170793,-0.607758,0.169361
1.171622,-0.608342,0.161337
1.172411,-0.608899,0.153308
1.170723,-0.607708,0.144942
1.171429,-0.608207,0.136920
1.171283,-0.608103,0.128795
1.171908,-0.608544,0.120768
1.172494,-0.608957,0.112738
1.173039,-0.609342,0.104703
1.172729,-0.609123,0.096590
1.170747,-0.607725,0.088352
1.171170,-0.608024,0.080330
1.174000,-0.610020,0.072471
1.174344,-0.610262,0.064426
1.174647,-0.610475,0.056378
1.174909,-0.610660,0.048328
1.174314,-0.610241,0.040245
1.173679,-0.609793,0.032174
1.171369,-0.608164,0.024076
1.171469,-0.608235,0.016051
1.167444,-0.605396,0.007995
1.167464,-0.605410,0.000000
1.167444,-0.605396,-0.007995
1.167383,-0.605354,-0.015990
1.169704,-0.609851,0.169361
1.170532,-0.610437,0.161337
1.171320,-0.610995,0.153308
1.172067,-0.611524,0.145273
1.171963,-0.611450,0.137128
1.172630,-0.611922,0.129089
1.170818,-0.610640,0.120768
1.171402,-0.611054,0.112738
1.170320,-0.610287,0.104543
1.168381,-0.608915,0.096296
1.168843,-0.609242,0.088284
1.171709,-0.611271,0.080453
1.172092,-0.611542,0.072416
1.170804,-0.610630,0.064279
1.172737,-0.611998,0.056335
1.176262,-0.614493,0.048438
1.176484,-0.614651,0.040368
1.175850,-0.614202,0.032272
1.175992,-0.614302,0.024205
1.172012,-0.611485,0.016076
1.169623,-0.609795,0.008020
1.169644,-0.609809,0.000000
1.169623,-0.609795,-0.008020
1.169433,-0.612492,0.169489
1.168642,-0.611930,0.161215
1.166999,-0.610763,0.152843
1.167744,-0.611292,0.144832
1.168448,-0.611792,0.136816
1.167490,-0.611112,0.128598
1.167302,-0.610978,0.120493
1.167884,-0.611392,0.112480
1.168427,-0.611777,0.104464
1.168929,-0.612134,0.096443
1.169392,-0.612463,0.088419
1.169814,-0.612763,0.080391
1.171010,-0.613612,0.072416
1.172980,-0.615012,0.064475
1.172468,-0.614648,0.056378
1.171915,-0.614256,0.048291
1.172137,-0.614413,0.040245
1.172318,-0.614542,0.032198
1.170014,-0.612905,0.024094
1.169299,-0.612397,0.016051
1.169359,-0.612440,0.008026
1.169379,-0.612454,0.000000
1.174010,-0.618630,0.162194
1.169948,-0.615733,0.153424
1.170694,-0.616266,0.145383
1.171401,-0.616769,0.137336
1.172067,-0.617244,0.129285
1.169449,-0.615378,0.120860
1.170033,-0.615794,0.112823
1.168954,-0.615024,0.104623
1.171080,-0.616541,0.096737
1.171543,-0.616871,0.088689
1.171966,-0.617172,0.080637
1.170723,-0.616286,0.072471
1.169439,-0.615370,0.064328
1.169740,-0.615585,0.056292
1.169187,-0.615191,0.048217
1.170222,-0.615929,0.040215
1.170403,-0.616058,0.032174
1.172986,-0.617899,0.024186
1.169016,-0.615068,0.016063
1.164191,-0.611628,0.007995
1.164211,-0.611642,0.000000
1.173147,-0.618014,-0.008063
1.166306,-0.616324,0.169361
1.162290,-0.613447,0.160603
1.163071,-0.614007,0.152610
1.166236,-0.616274,0.144942
1.164514,-0.615040,0.136608
1.167603,-0.617252,0.128893
1.168226,-0.617698,0.120860
1.164758,-0.615215,0.112394
1.165299,-0.615602,0.104384
1.168232,-0.617703,0.096590
1.167883,-0.617453,0.088486
1.168304,-0.617755,0.080453
1.168685,-0.618028,0.072416
1.168215,-0.617690,0.064328
1.168516,-0.617906,0.056292
1.167151,-0.616929,0.048181
1.167372,-0.617087,0.040153
1.167552,-0.617216,0.032124
1.169318,-0.618481,0.024131
1.166166,-0.616224,0.016039
1.163787,-0.614520,0.008001
1.170312,-0.619192,0.000000
1.170291,-0.619178,-0.008050
1.164710,-0.619320,0.153075
1.165453,-0.619855,0.145052
1.163734,-0.618617,0.136712
1.166817,-0.620837,0.128991
1.165015,-0.619540,0.120676
1.165596,-0.619958,0.112652
1.165328,-0.619765,0.104543
1.162592,-0.617795,0.096222
1.163051,-0.618125,0.088217
1.163470,-0.618427,0.080208
1.162229,-0.617534,0.072085
1.162568,-0.617778,0.064082
1.167732,-0.621496,0.056335
1.160694,-0.616428,0.047960
1.168213,-0.621842,0.040245
1.168393,-0.621972,0.032198
1.163665,-0.618568,0.024039
1.162953,-0.618055,0.016014
1.163825,-0.618683,0.008013
1.163845,-0.618697,0.000000
1.164406,-0.621985,0.153192
1.165147,-0.622521,0.145163
1.164237,-0.621863,0.136920
1.163285,-0.621175,0.128697
1.163905,-0.621623,0.120676
1.164485,-0.622042,0.112652
1.165025,-0.622433,0.104623
1.165526,-0.622794,0.096590
1.166795,-0.623712,0.088621
1.167215,-0.624016,0.080575
1.169215,-0.625461,0.072637
1.167937,-0.624537,0.064475
1.168237,-0.624754,0.056421
1.164448,-0.622016,0.048181
1.163858,-0.621589,0.040123
1.164038,-0.621719,0.032100
1.164177,-0.621820,0.024076
1.163467,-0.621306,0.016039
1.165147,-0.622521,0.008032
1.166788,-0.623707,0.000000
1.162287,-0.623691,0.144942
1.161377,-0.623030,0.136712
1.162036,-0.623508,0.128697
1.162655,-0.623958,0.120676
1.163234,-0.624378,0.112652
1.163774,-0.624770,0.104623
1.164273,-0.625133,0.096590
1.163118,-0.624294,0.088419
1.164345,-0.625185,0.080453
1.164725,-0.625460,0.072416
1.164256,-0.625120,0.064328
1.161321,-0.622990,0.056120
1.165624,-0.626113,0.048291
1.161799,-0.623337,0.040092
1.161978,-0.623467,0.032075
1.161309,-0.622980,0.024039
1.161408,-0.623053,0.016027
1.161468,-0.623096,0.008013
1.163106,-0.624285,0.000000
1.157166,-0.622817,0.144391
1.157863,-0.623325,0.136399
1.158519,-0.623803,0.128402
1.159136,-0.624252,0.120401
1.159713,-0.624673,0.112394
1.160251,-0.625065,0.104384
1.160749,-0.625427,0.096370
1.158788,-0.623998,0.088149
1.161625,-0.626066,0.080330
1.162004,-0.626341,0.072306
1.159920,-0.624824,0.064131
1.158604,-0.623864,0.056034
1.160477,-0.625229,0.048107
1.159080,-0.624212,0.040031
1.159259,-0.624342,0.032026
1.159398,-0.624443,0.024021
1.155456,-0.621571,0.015953
1.155515,-0.621615,0.007977
1.162809,-0.626929,0.000000
1.161729,-0.629039,0.153308
1.156852,-0.625473,0.144501
1.157548,-0.625982,0.136503
1.159008,-0.627049,0.128598
1.159625,-0.627501,0.120585
1.159398,-0.627335,0.112480
1.159131,-0.627139,0.104384
1.159628,-0.627503,0.096370
1.160085,-0.627837,0.088352
1.160503,-0.628143,0.080330
1.160881,-0.628419,0.072306
1.160413,-0.628077,0.064230
1.159905,-0.627705,0.056163
1.160163,-0.627894,0.048144
1.160382,-0.628054,0.040123
1.160561,-0.628185,0.032100
1.161507,-0.628877,0.024094
1.161606,-0.628950,0.016063
1.165702,-0.631945,0.008063
1.167336,-0.633140,0.000000
1.162053,-0.632146,0.137232
1.157096,-0.628508,0.128500
1.157712,-0.628960,0.120493
1.159091,-0.629972,0.112566
1.159628,-0.630366,0.104543
1.160125,-0.630731,0.096517
1.160583,-0.631067,0.088486
1.161001,-0.631374,0.080453
1.156549,-0.628106,0.072085
1.152055,-0.624808,0.063788
1.152351,-0.625025,0.055820
1.157441,-0.628761,0.048070
1.157659,-0.628921,0.040061
1.159449,-0.630235,0.032100
1.159588,-0.630337,0.024076
1.159687,-0.630410,0.016051
1.162165,-0.632228,0.008044
1.157221,-0.632773,0.136816
1.154673,-0.630893,0.128402
1.155287,-0.631347,0.120401
1.155862,-0.631771,0.112394
1.156397,-0.632166,0.104384
1.158498,-0.633716,0.096517
1.158954,-0.634053,0.088486
1.150537,-0.627841,0.079778
1.149305,-0.626932,0.071699
1.149639,-0.627178,0.063739
1.149934,-0.627396,0.055777
1.149386,-0.626991,0.047776
1.155232,-0.631305,0.040031
1.157823,-0.633218,0.032100
1.157961,-0.633320,0.024076
1.158060,-0.633393,0.016051
1.161338,-0.635812,0.008050
1.152054,-0.631572,0.128206
1.152666,-0.632026,0.120217
1.153239,-0.632450,0.112223
1.154574,-0.633439,0.104304
1.155069,-0.633805,0.096296
1.155524,-0.634142,0.088284
1.155137,-0.633856,0.080208
1.155513,-0.634134,0.072195
1.155849,-0.634383,0.064181
1.156146,-0.634602,0.056163
1.156403,-0.634793,0.048144
1.156621,-0.634954,0.040123
1.160816,-0.638061,0.032223
1.156937,-0.635189,0.024076
1.157036,-0.635262,0.016051
1.162721,-0.639471,0.008069
1.157186,-0.638609,0.128991
1.154605,-0.636690,0.120585
1.155179,-0.637116,0.112566
1.155714,-0.637514,0.104543
1.151407,-0.634312,0.096075
1.149459,-0.632863,0.087879
1.157080,-0.638530,0.080453
1.155854,-0.637618,0.072306
1.152183,-0.634888,0.064033
1.154082,-0.636300,0.056120
1.156744,-0.638280,0.048217
1.154556,-0.636653,0.040092
1.153129,-0.635592,0.032026
1.153267,-0.635694,0.024021
1.153365,-0.635768,0.016014
1.153425,-0.635812,0.008007
1.153465,-0.638754,0.120585
1.147650,-0.634415,0.111880
1.148181,-0.634811,0.103906
1.148672,-0.635177,0.095928
1.149124,-0.635515,0.087947
1.152737,-0.638211,0.080208
1.154712,-0.639685,0.072306
1.153447,-0.638741,0.064181
1.155344,-0.640157,0.056249
1.156402,-0.640946,0.048254
1.155818,-0.640511,0.040184
1.155996,-0.640643,0.032149
1.156134,-0.640747,0.024113
1.156233,-0.640820,0.016076
1.156292,-0.640865,0.008038
1.150740,-0.639598,0.120401
1.151312,-0.640026,0.112394
1.147855,-0.637436,0.103986
1.149144,-0.638402,0.096075
1.149596,-0.638741,0.088082
1.150009,-0.639050,0.080085
1.150383,-0.639330,0.072085
1.150717,-0.639580,0.064082
1.151012,-0.639801,0.056077
1.149668,-0.638795,0.047997
1.151484,-0.640155,0.040061
1.150061,-0.639089,0.032002
1.150199,-0.639192,0.024002
1.151898,-0.640465,0.016027
1.144089,-0.638792,0.111794
1.144618,-0.639190,0.103826
1.145107,-0.639558,0.095855
1.145557,-0.639897,0.087879
1.145968,-0.640207,0.079901
1.149531,-0.642890,0.072140
1.150663,-0.643742,0.064181
1.150958,-0.643965,0.056163
1.151213,-0.644157,0.048144
1.151430,-0.644320,0.040123
1.151607,-0.644453,0.032100
1.154939,-0.646963,0.024150
1.155038,-0.647037,0.016100
1.145455,-0.642415,0.112051
1.145984,-0.642815,0.104065
1.146474,-0.643185,0.096075
1.146925,-0.643526,0.088082
1.148133,-0.644438,0.080146
1.148506,-0.644720,0.072140
1.148839,-0.644972,0.064131
1.149931,-0.645797,0.056163
1.150186,-0.645990,0.048144
1.144820,-0.641935,0.039908
1.144995,-0.642068,0.031928
1.145132,-0.642171,0.023947
1.145230,-0.642245,0.015965
1.155823,-0.653524,0.105181
1.151551,-0.650282,0.096664
1.148824,-0.648214,0.088352
1.148441,-0.647923,0.080269
1.148019,-0.647602,0.072195
1.147556,-0.647252,0.064131
1.146258,-0.646267,0.056034
1.146513,-0.646460,0.048033
1.145932,-0.646019,0.040000
1.142922,-0.643735,0.031904
1.143059,-0.643839,0.023929
1.143156,-0.643913,0.015953
1.151480,-0.653175,0.104862
1.147212,-0.649924,0.096370
1.142900,-0.646641,0.087947
1.143310,-0.646953,0.079962
1.143681,-0.647235,0.071975
1.143218,-0.646883,0.063935
1.143511,-0.647106,0.055949
1.144559,-0.647904,0.047997
1.144774,-0.648068,0.040000
1.153699,-0.654864,0.032272
1.144780,-0.650971,0.104304
1.144477,-0.650739,0.096222
1.143341,-0.649871,0.088082
1.143751,-0.650185,0.080085
1.144122,-0.650468,0.072085
1.144454,-0.650722,0.064082
1.144747,-0.650946,0.056077
1.141825,-0.648712,0.047923
1.142039,-0.648876,0.039939
1.142214,-0.649010,0.031953
1.142350,-0.649114,0.023966
1.144894,-0.654000,0.096370
1.144552,-0.653738,0.088284
1.141794,-0.651622,0.080024
1.142164,-0.651906,0.072030
1.141703,-0.651552,0.063984
1.143580,-0.652992,0.056077
1.142248,-0.651970,0.047997
1.142462,-0.652135,0.040000
1.142638,-0.652269,0.032002
1.144361,-0.653591,0.024039
1.140350,-0.654743,0.104145
1.139258,-0.653900,0.096002
1.139705,-0.654244,0.088014
1.140113,-0.654559,0.080024
1.139692,-0.654234,0.071975
1.136068,-0.651439,0.063739
1.135567,-0.651053,0.055734
1.135818,-0.651247,0.047776
1.136822,-0.652021,0.039847
1.136997,-0.652156,0.031879
1.138716,-0.653482,0.023947
1.139450,-0.656669,0.088082
1.139069,-0.656374,0.080024
1.138648,-0.656049,0.071975
1.138978,-0.656304,0.063984
1.138479,-0.655918,0.055949
1.138731,-0.656113,0.047960
1.138945,-0.656278,0.039969
1.139119,-0.656413,0.031977
1.139255,-0.656518,0.023984
1.137342,-0.658343,0.088014
1.136961,-0.658047,0.079962
1.136541,-0.657720,0.071919
1.135293,-0.656750,0.063837
1.135582,-0.656976,0.055863
1.135834,-0.657171,0.047886
1.138414,-0.659176,0.040000
1.140167,-0.660538,0.032051
1.142093,-0.664965,0.080453
1.141675,-0.664640,0.072361
1.140431,-0.663669,0.064230
1.140722,-0.663897,0.056206
1.140975,-0.664093,0.048181
1.141977,-0.664875,0.040184
1.143728,-0.666241,0.032198
1.136972,-0.663931,0.080146
1.131836,-0.659911,0.071754
1.132163,-0.660168,0.063788
1.137173,-0.664089,0.056077
1.137424,-0.664286,0.048070
1.137637,-0.664452,0.040061
1.139386,-0.665821,0.032100
1.137626,-0.668683,0.080330
1.137995,-0.668973,0.072306
1.136754,-0.667997,0.064181
1.137044,-0.668225,0.056163
1.134940,-0.666569,0.048033
1.135152,-0.666736,0.040031
1.135326,-0.666873,0.032026
1.139088,-0.672963,0.072471
1.137850,-0.671986,0.064328
1.135788,-0.670357,0.056163
1.134471,-0.669316,0.048070
1.134683,-0.669484,0.040061
1.134857,-0.669621,0.032051
1.135403,-0.673362,0.072306
1.134166,-0.672381,0.064181
1.133672,-0.671990,0.056120
1.134706,-0.672809,0.048144
1.136484,-0.674220,0.040184
1.134524,-0.675653,0.064279
1.129342,-0.671528,0.055949
1.129591,-0.671726,0.047960
1.135276,-0.676252,0.040184
1.129101,-0.674279,0.072030
1.125525,-0.671422,0.063788
1.125812,-0.671652,0.055820
1.129964,-0.674969,0.048033
1.131737,-0.676385,0.040092
1.135763,-0.683932,0.056464
1.136014,-0.684134,0.048401
1.136226,-0.684304,0.040337
1.127176,-0.680211,0.064082
1.127463,-0.680443,0.056077
1.127712,-0.680643,0.048070
