1.270445,-0.469929,0.165622
1.271321,-0.470392,0.157379
1.272152,-0.470831,0.149131
1.280055,-0.477982,0.158659
1.280892,-0.478427,0.150343
1.266580,-0.477327,0.173858
1.267498,-0.477819,0.165622
1.265746,-0.476879,0.157030
1.266572,-0.477323,0.148800
1.269984,-0.479153,0.140877
1.278651,-0.487093,0.175785
1.268221,-0.481470,0.165866
1.269094,-0.481941,0.157612
1.269923,-0.482388,0.149351
1.270708,-0.482811,0.141085
1.276703,-0.486043,0.133401
1.270642,-0.486018,0.174757
1.271562,-0.486517,0.166479
1.272438,-0.486991,0.158193
1.273269,-0.487442,0.149902
1.274055,-0.487868,0.141605
1.276547,-0.489218,0.133499
1.269696,-0.488484,0.174757
1.270615,-0.488985,0.166479
1.273235,-0.490411,0.158426
1.274066,-0.490863,0.150123
1.274853,-0.491291,0.141814
1.283461,-0.495977,0.134382
1.269521,-0.491373,0.183299
1.270485,-0.491900,0.175014
1.271405,-0.492403,0.166723
1.272280,-0.492882,0.158426
1.270494,-0.491906,0.149792
1.268661,-0.490903,0.141189
1.272018,-0.492739,0.133205
1.272713,-0.493119,0.124904
1.280356,-0.497298,0.117285
1.274742,-0.497231,0.175785
1.273056,-0.496305,0.167091
1.272191,-0.495830,0.158542
1.272150,-0.495807,0.150123
1.272064,-0.495760,0.141710
1.270187,-0.494728,0.133107
1.273498,-0.496548,0.125088
1.275022,-0.497385,0.116856
1.268329,-0.496700,0.191858
1.269338,-0.497257,0.183568
1.269433,-0.497310,0.175143
1.271221,-0.498296,0.166968
1.275536,-0.500678,0.150674
1.271099,-0.498229,0.141710
1.271838,-0.498636,0.133401
1.272532,-0.499020,0.125088
1.273182,-0.499378,0.116770
1.272558,-0.502042,0.192702
1.265770,-0.498279,0.183164
1.264129,-0.497369,0.174500
1.267647,-0.499320,0.166601
1.265913,-0.498358,0.157961
1.266738,-0.498816,0.149682
1.266650,-0.498767,0.141293
1.267386,-0.499175,0.133009
1.265465,-0.498110,0.124445
1.266110,-0.498468,0.116170
1.266711,-0.498801,0.107890
1.271581,-0.504512,0.192702
1.272591,-0.505075,0.184376
1.273557,-0.505613,0.176042
1.274479,-0.506127,0.167703
1.275355,-0.506615,0.159357
1.270977,-0.504176,0.150343
1.268285,-0.502677,0.141605
1.269022,-0.503087,0.133303
1.269714,-0.503473,0.124996
1.270362,-0.503834,0.116684
1.270599,-0.506980,0.192702
1.268149,-0.505610,0.183837
1.269111,-0.506148,0.175528
1.270029,-0.506662,0.167213
1.270902,-0.507150,0.158891
1.271731,-0.507614,0.150564
1.270779,-0.507081,0.142022
1.271517,-0.507494,0.133695
1.278293,-0.511286,0.126007
1.272859,-0.508245,0.117028
1.272201,-0.510902,0.193124
1.269757,-0.509528,0.184241
1.268126,-0.508612,0.175528
1.269043,-0.509127,0.167213
1.267318,-0.508157,0.158542
1.267277,-0.508134,0.150123
1.268925,-0.509060,0.141918
1.268794,-0.508987,0.133499
1.270354,-0.509864,0.125272
1.270133,-0.509740,0.116856
1.275950,-0.513009,0.109006
1.267580,-0.511289,0.201021
1.266907,-0.510910,0.192420
1.267913,-0.511478,0.184106
1.269738,-0.512508,0.175914
1.271520,-0.513514,0.167703
1.271529,-0.513519,0.159240
1.277550,-0.516919,0.151556
1.278338,-0.517363,0.143167
1.269548,-0.512400,0.133695
1.264170,-0.509364,0.124720
1.264814,-0.509728,0.116427
1.265414,-0.510067,0.108129
1.265970,-0.510380,0.099827
1.270825,-0.513122,0.091859
1.273663,-0.517765,0.193686
1.266918,-0.513938,0.184106
1.275642,-0.518887,0.176942
1.268794,-0.515003,0.167458
1.265346,-0.513047,0.158542
1.266170,-0.513514,0.150233
1.266950,-0.513957,0.141918
1.267685,-0.514374,0.133597
1.268376,-0.514765,0.125272
1.266422,-0.513657,0.116684
1.267023,-0.513998,0.108368
1.267579,-0.514314,0.100048
1.270694,-0.516080,0.091926
1.258709,-0.512290,0.199847
1.259752,-0.512885,0.191577
1.259891,-0.512964,0.183164
1.260845,-0.513507,0.174886
1.261755,-0.514026,0.166601
1.263484,-0.515011,0.158426
1.264307,-0.515480,0.150123
1.265949,-0.516416,0.141918
1.267374,-0.517227,0.125272
1.268019,-0.517595,0.116942
1.266022,-0.516457,0.108368
1.266578,-0.516774,0.100048
1.269690,-0.518547,0.091926
1.273362,-0.523690,0.193968
1.269212,-0.521316,0.184779
1.265010,-0.518910,0.175657
1.265923,-0.519433,0.167335
1.266792,-0.519930,0.159008
1.264166,-0.518427,0.150233
1.262354,-0.517391,0.141605
1.261359,-0.516821,0.133107
1.262046,-0.517214,0.124812
1.262688,-0.517582,0.116513
1.261557,-0.516934,0.108049
1.262110,-0.517251,0.099754
1.265217,-0.519029,0.091656
1.266549,-0.519791,0.083396
1.274211,-0.527236,0.185721
1.269158,-0.524331,0.176428
1.270075,-0.524858,0.168070
1.270085,-0.524864,0.159589
1.270912,-0.525339,0.151225
1.257899,-0.517858,0.141189
1.260353,-0.519269,0.133107
1.266219,-0.522641,0.125364
1.266863,-0.523012,0.117028
1.264871,-0.521867,0.108448
1.265426,-0.522186,0.100121
1.268531,-0.523971,0.091994
1.262322,-0.523436,0.209485
1.261700,-0.523076,0.200874
1.262745,-0.523680,0.192561
1.263746,-0.524258,0.184241
1.264703,-0.524811,0.175914
1.265615,-0.525338,0.167580
1.264763,-0.524846,0.159008
1.265586,-0.525321,0.150674
1.262058,-0.523284,0.141814
1.262790,-0.523706,0.133499
1.263477,-0.524103,0.125180
1.267571,-0.526467,0.117199
1.265582,-0.525319,0.108607
1.266137,-0.525639,0.100268
1.266648,-0.525934,0.091926
1.267114,-0.526203,0.083580
1.267536,-0.526447,0.075231
1.265577,-0.528365,0.210249
1.264104,-0.527511,0.201461
1.265151,-0.528118,0.193124
1.266154,-0.528700,0.184779
1.267113,-0.529256,0.176428
1.268027,-0.529786,0.168070
1.262024,-0.526304,0.158775
1.261125,-0.525782,0.150233
1.261900,-0.526232,0.141918
1.256606,-0.523161,0.132911
1.257289,-0.523557,0.124629
1.258790,-0.524428,0.116427
1.264560,-0.527775,0.108607
1.263389,-0.527096,0.100121
1.263898,-0.527391,0.091791
1.266090,-0.528663,0.083580
1.266511,-0.528907,0.075231
1.261987,-0.529329,0.209791
1.263077,-0.529964,0.201461
1.264123,-0.530574,0.193124
1.265125,-0.531157,0.184779
1.259228,-0.527721,0.175400
1.260136,-0.528250,0.167091
1.260999,-0.528753,0.158775
1.261819,-0.529231,0.150453
1.262595,-0.529683,0.142126
1.263326,-0.530109,0.133793
1.265734,-0.531512,0.125640
1.266378,-0.531887,0.117285
1.260949,-0.528724,0.108368
1.261501,-0.529046,0.100048
1.264596,-0.530849,0.091926
1.262474,-0.529612,0.083396
1.265482,-0.531365,0.075231
1.275351,-0.537116,0.067419
1.262046,-0.532416,0.201461
1.263091,-0.533027,0.193124
1.264091,-0.533613,0.184779
1.265048,-0.534173,0.176428
1.265960,-0.534706,0.168070
1.270257,-0.537221,0.160171
1.265078,-0.534190,0.151004
1.263281,-0.533138,0.142334
1.263153,-0.533064,0.133891
1.267278,-0.535478,0.125915
1.263623,-0.533339,0.117113
1.263361,-0.533185,0.108687
1.261332,-0.531998,0.100121
1.259257,-0.530783,0.091589
1.259720,-0.531054,0.083274
1.260139,-0.531300,0.074955
1.269134,-0.536564,0.067125
1.265611,-0.537536,0.219383
1.257378,-0.532696,0.209332
1.255905,-0.531830,0.200581
1.256944,-0.532441,0.192280
1.257939,-0.533026,0.183972
1.258890,-0.533585,0.175657
1.257231,-0.532609,0.166968
1.260661,-0.534625,0.159008
1.261480,-0.535107,0.150674
1.259682,-0.534050,0.142022
1.266417,-0.538010,0.134382
1.267106,-0.538414,0.126007
1.267750,-0.538793,0.117628
1.268350,-0.539146,0.109245
1.268906,-0.539473,0.100857
1.265977,-0.537751,0.092196
1.261280,-0.534989,0.083458
1.261699,-0.535236,0.075121
1.267241,-0.538494,0.067076
1.266265,-0.540996,0.219701
1.262298,-0.538653,0.210402
1.259981,-0.537285,0.201461
1.261023,-0.537901,0.193124
1.262021,-0.538490,0.184779
1.263830,-0.539558,0.176556
1.264740,-0.540096,0.168192
1.265607,-0.540607,0.159822
1.267285,-0.541598,0.151556
1.259500,-0.537001,0.142126
1.260229,-0.537431,0.133793
1.260913,-0.537836,0.125456
1.262412,-0.538721,0.117199
1.262151,-0.538567,0.108767
1.261845,-0.538386,0.100342
1.262353,-0.538686,0.091994
1.264536,-0.539975,0.083764
1.263237,-0.539208,0.075286
1.269633,-0.542984,0.067272
1.262100,-0.541608,0.210555
1.260637,-0.540740,0.201754
1.261679,-0.541358,0.193405
1.265235,-0.543467,0.185452
1.257662,-0.538975,0.175785
1.257714,-0.539006,0.167335
1.257721,-0.539010,0.158891
1.257682,-0.538988,0.150453
1.258454,-0.539446,0.142126
1.259183,-0.539877,0.133793
1.259867,-0.540283,0.125456
1.260507,-0.540663,0.117113
1.267104,-0.544576,0.109324
1.267659,-0.544905,0.100931
1.268170,-0.545208,0.092533
1.268636,-0.545484,0.084132
1.269058,-0.545734,0.075728
1.270294,-0.546468,0.067370
1.274065,-0.548704,0.059126
1.270601,-0.549749,0.229559
1.257369,-0.541867,0.218430
1.252556,-0.538999,0.209027
1.259584,-0.543186,0.201754
1.260626,-0.543807,0.193405
1.260772,-0.543894,0.184914
1.261725,-0.544462,0.176556
1.263486,-0.545511,0.168315
1.264351,-0.546026,0.159938
1.264318,-0.546007,0.151445
1.264240,-0.545960,0.142959
1.268392,-0.548433,0.134970
1.265659,-0.546805,0.126191
1.261166,-0.544129,0.117285
1.260906,-0.543974,0.108846
1.261458,-0.544303,0.100489
1.261966,-0.544605,0.092128
1.262429,-0.544881,0.083764
1.263707,-0.545642,0.075452
1.267515,-0.547911,0.067272
1.267847,-0.548109,0.058868
1.260221,-0.546645,0.227745
1.261398,-0.547349,0.219383
1.262531,-0.548027,0.211013
1.266167,-0.550202,0.203075
1.267214,-0.550829,0.194671
1.268217,-0.551429,0.186260
1.260665,-0.546910,0.176556
1.261573,-0.547454,0.168192
1.262436,-0.547970,0.159822
1.262403,-0.547950,0.151335
1.259764,-0.546371,0.142543
1.263908,-0.548851,0.134578
1.259468,-0.546194,0.125640
1.258398,-0.545554,0.117113
1.260703,-0.546933,0.108926
1.261255,-0.547263,0.100563
1.258337,-0.545518,0.091926
1.258800,-0.545794,0.083580
1.259218,-0.546044,0.075231
1.257878,-0.545242,0.066781
1.259922,-0.546466,0.058525
1.265075,-0.552647,0.228899
1.265410,-0.552849,0.220336
1.263159,-0.551496,0.211319
1.257465,-0.548074,0.201754
1.258505,-0.548698,0.193405
1.259500,-0.549296,0.185048
1.257901,-0.548336,0.176299
1.258806,-0.548880,0.167947
1.259667,-0.549397,0.159589
1.259633,-0.549376,0.151115
1.259553,-0.549329,0.142647
1.260281,-0.549766,0.134283
1.260112,-0.549664,0.125823
1.261606,-0.550562,0.117542
1.268183,-0.554515,0.109723
1.268738,-0.554848,0.101298
1.261552,-0.550530,0.092263
1.262015,-0.550808,0.083887
1.259867,-0.549517,0.075342
1.260241,-0.549742,0.066977
1.260571,-0.549940,0.058611
1.260857,-0.550112,0.050242
1.267953,-0.554377,0.042117
1.263155,-0.554593,0.228734
1.261799,-0.553774,0.219860
1.262932,-0.554458,0.211471
1.264020,-0.555115,0.203075
1.264217,-0.555234,0.194530
1.260127,-0.552765,0.185318
1.261079,-0.553339,0.176942
1.261986,-0.553887,0.168560
1.262850,-0.554408,0.160171
1.263669,-0.554903,0.151776
1.264444,-0.555371,0.143375
1.265175,-0.555812,0.134970
1.258190,-0.551596,0.125731
1.258829,-0.551981,0.117371
1.256863,-0.550794,0.108767
1.257412,-0.551126,0.100416
1.258772,-0.551947,0.092128
1.259234,-0.552226,0.083764
1.258797,-0.551962,0.075342
1.260026,-0.552704,0.067026
1.259501,-0.552387,0.058611
1.259787,-0.552559,0.050242
1.266751,-0.559879,0.238321
1.258702,-0.554999,0.228075
1.258188,-0.554687,0.219383
1.261008,-0.556397,0.211319
1.262094,-0.557056,0.202928
1.261444,-0.556661,0.194249
1.262441,-0.557266,0.185856
1.265090,-0.558872,0.177713
1.262606,-0.557366,0.168804
1.258374,-0.554800,0.159705
1.258340,-0.554779,0.151225
1.255710,-0.553184,0.142438
1.256435,-0.553624,0.134087
1.257117,-0.554038,0.125731
1.257754,-0.554424,0.117371
1.258348,-0.554784,0.109006
1.258898,-0.555118,0.100636
1.259404,-0.555425,0.092263
1.258159,-0.554670,0.083764
1.258577,-0.554923,0.075397
1.258951,-0.555149,0.067026
1.259280,-0.555349,0.058654
1.259566,-0.555523,0.050279
1.265791,-0.559297,0.042117
1.268554,-0.560972,0.033769
1.259771,-0.558750,0.237124
1.260992,-0.559494,0.228734
1.261325,-0.559697,0.220177
1.262457,-0.560386,0.211777
1.263545,-0.561049,0.203368
1.262052,-0.560139,0.194530
1.259664,-0.558685,0.185587
1.260615,-0.559264,0.177199
1.259826,-0.558784,0.168560
1.260687,-0.559308,0.160171
1.261505,-0.559806,0.151776
1.265676,-0.562346,0.143792
1.263007,-0.560721,0.134970
1.263693,-0.561139,0.126559
1.257526,-0.557383,0.117457
1.257269,-0.557227,0.109006
1.257818,-0.557561,0.100636
1.254915,-0.555793,0.091994
1.255375,-0.556073,0.083641
1.255791,-0.556327,0.075286
1.256164,-0.556554,0.066928
1.259053,-0.558313,0.058697
1.259338,-0.558487,0.050315
1.259580,-0.558634,0.041932
1.262340,-0.560315,0.033621
1.256162,-0.559653,0.236611
1.257379,-0.560397,0.228240
1.258552,-0.561115,0.219860
1.259681,-0.561805,0.211471
1.260765,-0.562469,0.203075
1.261806,-0.563105,0.194671
1.258752,-0.561237,0.160054
1.255328,-0.559143,0.151115
1.256097,-0.559613,0.142751
1.256822,-0.560057,0.134382
1.254106,-0.558396,0.125640
1.254742,-0.558784,0.117285
1.257885,-0.560707,0.109165
1.258435,-0.561043,0.100783
1.258940,-0.561352,0.092398
1.259402,-0.561635,0.084009
1.255561,-0.559285,0.075342
1.255933,-0.559513,0.066977
1.255410,-0.559193,0.058568
1.256547,-0.559888,0.050242
1.259346,-0.561600,0.041963
1.268925,-0.567459,0.033842
1.262171,-0.566451,0.229394
1.262507,-0.566658,0.220813
1.258587,-0.564250,0.211471
1.259671,-0.564916,0.203075
1.260711,-0.565554,0.194671
1.255796,-0.562535,0.185318
1.253363,-0.561041,0.176428
1.254264,-0.561594,0.168070
1.254274,-0.561601,0.159589
1.255087,-0.562100,0.151225
1.255856,-0.562572,0.142855
1.256581,-0.563017,0.134480
1.253019,-0.560830,0.125640
1.253654,-0.561220,0.117285
1.254246,-0.561583,0.108926
1.254794,-0.561919,0.100563
1.255297,-0.562229,0.092196
1.257458,-0.563556,0.083948
1.258726,-0.564335,0.075617
1.258249,-0.564042,0.067174
1.258578,-0.564244,0.058782
1.259715,-0.564942,0.050426
1.259105,-0.564568,0.041994
1.259302,-0.564689,0.033597
1.261160,-0.565830,0.025236
1.266118,-0.571981,0.230384
1.260577,-0.568562,0.220654
1.260866,-0.568741,0.212082
1.261951,-0.569411,0.203662
1.252882,-0.563815,0.193546
1.253871,-0.564425,0.185183
1.253972,-0.564487,0.176685
1.252339,-0.563480,0.167947
1.255730,-0.565572,0.159938
1.254005,-0.564508,0.151225
1.254773,-0.564982,0.142855
1.255497,-0.565429,0.134480
1.255330,-0.565326,0.126007
1.255118,-0.565195,0.117542
1.256559,-0.566083,0.109245
1.256259,-0.565898,0.100783
1.255065,-0.565162,0.092263
1.252976,-0.563873,0.083703
1.251692,-0.563081,0.075231
1.252063,-0.563310,0.066879
1.252391,-0.563512,0.058525
1.252674,-0.563687,0.050168
1.252915,-0.563835,0.041810
1.253962,-0.564481,0.033474
1.256668,-0.566151,0.025162
1.261268,-0.572123,0.238321
1.258298,-0.570282,0.229064
1.259470,-0.571009,0.220654
1.250519,-0.565462,0.210402
1.250753,-0.565608,0.201901
1.245052,-0.562075,0.192420
1.246034,-0.562683,0.184106
1.246972,-0.563265,0.175785
1.253773,-0.567479,0.168315
1.254629,-0.568009,0.159938
1.256286,-0.569036,0.151666
1.257056,-0.569513,0.143271
1.259473,-0.571010,0.135068
1.260794,-0.571829,0.118229
1.261389,-0.572198,0.109802
1.258548,-0.570438,0.101078
1.259054,-0.570751,0.092668
1.259515,-0.571037,0.084255
1.257386,-0.569718,0.075673
1.257759,-0.569949,0.067272
1.258088,-0.570152,0.058868
1.257524,-0.569803,0.050426
1.257765,-0.569952,0.042024
1.256263,-0.569021,0.033572
1.256416,-0.569116,0.025180
1.256525,-0.569184,0.016787
1.253463,-0.570406,0.236953
1.254676,-0.571161,0.228570
1.246901,-0.566323,0.209943
1.253852,-0.570648,0.202635
1.254886,-0.571292,0.194249
1.255876,-0.571908,0.185856
1.256822,-0.572497,0.177456
1.257725,-0.573058,0.169049
1.252681,-0.569919,0.159822
1.260242,-0.574625,0.152327
1.261014,-0.575105,0.143896
1.261742,-0.575558,0.135460
1.262425,-0.575984,0.127018
1.263065,-0.576382,0.118572
1.263661,-0.576752,0.110121
1.258285,-0.573407,0.101151
1.254555,-0.571086,0.092398
1.255014,-0.571372,0.084009
1.255430,-0.571630,0.075617
1.258346,-0.573445,0.067370
1.258675,-0.573650,0.058954
1.258960,-0.573827,0.050536
1.256656,-0.572393,0.042024
1.256853,-0.572516,0.033621
1.257006,-0.572611,0.025217
1.257965,-0.573208,0.016824
1.259444,-0.577271,0.247098
1.245669,-0.568661,0.235585
1.246873,-0.569414,0.227250
1.248034,-0.570139,0.218907
1.249989,-0.571362,0.210707
1.251064,-0.572033,0.202341
1.252095,-0.572678,0.193968
1.253082,-0.573295,0.185587
1.254026,-0.573885,0.177199
1.256610,-0.575499,0.169049
1.260836,-0.578141,0.161101
1.261653,-0.578651,0.152658
1.262425,-0.579134,0.144208
1.259778,-0.577479,0.135362
1.260460,-0.577906,0.126926
1.261099,-0.578305,0.118486
1.255776,-0.574978,0.109484
1.261398,-0.578492,0.101519
1.256828,-0.575636,0.092668
1.255595,-0.574865,0.084132
1.256011,-0.575125,0.075728
1.256383,-0.575358,0.067321
1.255017,-0.574504,0.058825
1.255302,-0.574682,0.050426
1.259780,-0.577481,0.042178
1.255739,-0.574955,0.033621
1.260131,-0.577700,0.025309
1.260241,-0.577769,0.016873
1.260307,-0.577810,0.008437
1.257488,-0.579192,0.246921
1.252073,-0.575793,0.237124
1.253284,-0.576553,0.228734
1.254450,-0.577286,0.220336
1.252226,-0.575889,0.211319
1.254140,-0.577091,0.203075
1.255173,-0.577740,0.194671
1.256163,-0.578361,0.186260
1.252910,-0.576319,0.177199
1.253809,-0.576883,0.168804
1.254664,-0.577420,0.160403
1.255476,-0.577929,0.151996
1.256244,-0.578412,0.143584
1.256968,-0.578866,0.135166
1.257649,-0.579293,0.126742
1.259973,-0.580753,0.118486
1.262256,-0.582185,0.110201
1.262806,-0.582531,0.101740
1.261623,-0.581788,0.093140
1.262085,-0.582078,0.084684
1.264194,-0.583402,0.076335
1.262877,-0.582576,0.067762
1.263207,-0.582783,0.059298
1.263494,-0.582962,0.050831
1.259503,-0.580457,0.042209
1.259700,-0.580581,0.033769
1.254773,-0.577488,0.025217
1.254882,-0.577557,0.016812
1.262542,-0.585530,0.256988
1.251365,-0.578484,0.245859
1.252620,-0.579274,0.237466
1.253830,-0.580038,0.229064
1.249987,-0.577614,0.219701
1.251105,-0.578320,0.211319
1.252180,-0.578997,0.202928
1.253212,-0.579648,0.194530
1.248332,-0.576571,0.185183
1.249272,-0.577164,0.176813
1.251007,-0.578258,0.168560
1.255192,-0.580896,0.152107
1.255960,-0.581380,0.143688
1.259209,-0.583429,0.135558
1.257364,-0.582265,0.126834
1.254629,-0.580541,0.118057
1.254377,-0.580382,0.109563
1.254924,-0.580727,0.101151
1.255427,-0.581044,0.092735
1.255042,-0.580802,0.084255
1.264749,-0.586921,0.076445
1.265123,-0.587157,0.067959
1.257848,-0.582570,0.059083
1.258133,-0.582750,0.050647
1.258373,-0.582902,0.042209
1.256034,-0.581427,0.033695
1.256187,-0.581523,0.025272
1.258834,-0.583192,0.016886
1.258899,-0.583233,0.008443
1.256419,-0.584825,0.255890
1.249408,-0.580386,0.245682
1.239838,-0.574327,0.235073
1.241035,-0.575085,0.226756
1.242189,-0.575815,0.218430
1.257495,-0.585506,0.212694
1.257365,-0.585424,0.178227
1.258267,-0.585995,0.169784
1.259126,-0.586538,0.161334
1.259940,-0.587054,0.152878
1.260711,-0.587542,0.144417
1.260597,-0.587470,0.135852
1.261279,-0.587902,0.127386
1.258550,-0.586174,0.118572
1.256616,-0.584950,0.109882
1.257164,-0.585297,0.101446
1.256825,-0.585082,0.092938
1.255599,-0.584305,0.084377
1.255171,-0.584034,0.075893
1.253854,-0.583201,0.067370
1.255870,-0.584477,0.059040
1.251088,-0.581450,0.050389
1.249639,-0.580532,0.041932
1.247301,-0.579051,0.033474
1.247452,-0.579148,0.025107
1.247561,-0.579216,0.016738
1.252695,-0.582467,0.008406
1.259906,-0.590204,0.248160
1.256181,-0.587835,0.238663
1.254065,-0.586490,0.229559
1.255232,-0.587232,0.221131
1.250518,-0.584234,0.211624
1.249922,-0.583856,0.202928
1.249280,-0.583447,0.194249
1.250264,-0.584073,0.185856
1.251205,-0.584671,0.177456
1.252940,-0.585774,0.169172
1.256308,-0.587916,0.161101
1.257120,-0.588433,0.152658
1.255371,-0.587320,0.143896
1.256094,-0.587780,0.135460
1.256774,-0.588212,0.127018
1.257410,-0.588617,0.118572
1.257161,-0.588458,0.110041
1.257708,-0.588807,0.101593
1.263264,-0.592339,0.093545
1.251935,-0.585135,0.084193
1.250664,-0.584327,0.075673
1.251034,-0.584563,0.067272
1.251361,-0.584770,0.058868
1.251644,-0.584950,0.050463
1.251883,-0.585102,0.042055
1.252079,-0.585227,0.033646
1.252232,-0.585324,0.025236
1.252340,-0.585393,0.016824
1.255781,-0.587581,0.008437
1.256647,-0.588132,0.000000
1.253310,-0.589170,0.255707
1.253781,-0.589471,0.247098
1.252546,-0.588682,0.238150
1.253756,-0.589455,0.229724
1.252425,-0.588605,0.220813
1.252713,-0.588789,0.212235
1.254622,-0.590008,0.203955
1.255655,-0.590668,0.195515
1.255809,-0.590766,0.186933
1.256754,-0.591370,0.178484
1.258492,-0.592479,0.170151
1.256001,-0.590889,0.161218
1.256813,-0.591407,0.152768
1.257581,-0.591898,0.144313
1.258306,-0.592361,0.135852
1.258986,-0.592795,0.127386
1.257104,-0.591593,0.118658
1.256016,-0.590898,0.110041
1.251520,-0.588027,0.101151
1.252021,-0.588347,0.092735
1.251638,-0.588102,0.084255
1.252052,-0.588367,0.075838
1.253264,-0.589141,0.067468
1.256959,-0.591501,0.059212
1.253032,-0.588993,0.050573
1.253272,-0.589146,0.042147
1.248413,-0.586043,0.033572
1.248565,-0.586140,0.025180
1.248673,-0.586209,0.016787
1.251267,-0.587865,0.008412
1.251288,-0.587879,0.000000
1.255481,-0.590557,-0.008443
1.254127,-0.592862,0.264885
1.255474,-0.593726,0.256439
1.256776,-0.594561,0.247983
1.258865,-0.595900,0.239689
1.260081,-0.596680,0.231208
1.261253,-0.597432,0.222719
1.253231,-0.592287,0.212541
1.254307,-0.592977,0.204102
1.254506,-0.593105,0.195515
1.255494,-0.593738,0.187067
1.253099,-0.592203,0.178098
1.253162,-0.592243,0.169539
1.253179,-0.592254,0.160985
1.253989,-0.592773,0.152548
1.254755,-0.593265,0.144104
1.250451,-0.590505,0.135068
1.251966,-0.591476,0.126742
1.252598,-0.591882,0.118314
1.253188,-0.592260,0.109882
1.253734,-0.592610,0.101446
1.254236,-0.592932,0.093005
1.254694,-0.593226,0.084561
1.253428,-0.592414,0.076004
1.249595,-0.589956,0.067321
1.249921,-0.590165,0.058911
1.246839,-0.588188,0.050352
1.249602,-0.589960,0.042055
1.249797,-0.590085,0.033646
1.249949,-0.590182,0.025236
1.250058,-0.590252,0.016824
1.260224,-0.596772,0.008486
1.260246,-0.596786,0.000000
1.256289,-0.597396,0.265641
1.251025,-0.594006,0.255707
1.251495,-0.594308,0.247098
1.253577,-0.595649,0.238834
1.253958,-0.595894,0.230219
1.255123,-0.596645,0.221766
1.256246,-0.597368,0.213305
1.258156,-0.598598,0.204982
1.254197,-0.596048,0.195656
1.253518,-0.595611,0.186933
1.252793,-0.595144,0.178227
1.253691,-0.595722,0.169784
1.254545,-0.596272,0.161334
1.255356,-0.596794,0.152878
1.252778,-0.595134,0.144000
1.250989,-0.593982,0.135264
1.249991,-0.593339,0.126651
1.248947,-0.592667,0.118057
1.249534,-0.593045,0.109643
1.251755,-0.594475,0.101372
1.250579,-0.593718,0.092803
1.251036,-0.594012,0.084377
1.252289,-0.594819,0.076004
1.250140,-0.593435,0.067419
1.250466,-0.593645,0.058997
1.253269,-0.595450,0.050684
1.253509,-0.595605,0.042239
1.249502,-0.593025,0.033671
1.248814,-0.592581,0.025236
1.248922,-0.592651,0.016824
1.248987,-0.592693,0.008412
1.249009,-0.592707,0.000000
1.249828,-0.593234,-0.008418
1.253126,-0.595358,-0.016886
1.252653,-0.598234,0.265074
1.253172,-0.598569,0.256439
1.251992,-0.597806,0.247452
1.249108,-0.595941,0.238150
1.252798,-0.598328,0.230219
1.253963,-0.599081,0.221766
1.255083,-0.599806,0.213305
1.256160,-0.600502,0.204836
1.258857,-0.602246,0.196640
1.259848,-0.602887,0.188144
1.252468,-0.598114,0.178355
1.254219,-0.599247,0.161450
1.254194,-0.599231,0.152878
1.252455,-0.598106,0.144104
1.253176,-0.598572,0.135656
1.251344,-0.597387,0.126926
1.251977,-0.597796,0.118486
1.252565,-0.598177,0.110041
1.252273,-0.597988,0.101519
1.251099,-0.597229,0.092938
1.251556,-0.597524,0.084500
1.251970,-0.597792,0.076059
1.252340,-0.598031,0.067615
1.252666,-0.598242,0.059169
1.252949,-0.598426,0.050720
1.253189,-0.598580,0.042270
1.252546,-0.598164,0.033793
1.252698,-0.598263,0.025346
1.252807,-0.598333,0.016898
1.252032,-0.597832,0.008443
1.252054,-0.597846,0.000000
1.256231,-0.600548,-0.008474
1.262882,-0.604850,-0.017045
1.249842,-0.599595,0.264696
1.251183,-0.600466,0.256256
1.250829,-0.600236,0.247452
1.252080,-0.601049,0.239005
1.254115,-0.602371,0.230713
1.255281,-0.603128,0.222243
1.248944,-0.599012,0.212388
1.250015,-0.599707,0.203955
1.249382,-0.599296,0.195234
1.249534,-0.599395,0.186663
1.250473,-0.600005,0.178227
1.251368,-0.600586,0.169784
1.248888,-0.598976,0.160869
1.248028,-0.598416,0.152217
1.248789,-0.598911,0.143792
1.250182,-0.599816,0.126926
1.249978,-0.599683,0.118400
1.249730,-0.599522,0.109882
1.250273,-0.599875,0.101446
1.249937,-0.599657,0.092938
1.250394,-0.599953,0.084500
1.250807,-0.600222,0.076059
1.257039,-0.604270,0.067959
1.255692,-0.603395,0.059384
1.255975,-0.603579,0.050904
1.256215,-0.603735,0.042423
1.250543,-0.600051,0.033769
1.250695,-0.600149,0.025328
1.245773,-0.596952,0.016812
1.245838,-0.596994,0.008406
1.246698,-0.597553,0.000000
1.252546,-0.601352,-0.008455
1.254158,-0.602399,-0.016935
1.259080,-0.605596,-0.025512
1.252788,-0.604703,0.265641
1.253308,-0.605043,0.256988
1.253783,-0.605352,0.248337
1.255037,-0.606170,0.239860
1.250465,-0.603188,0.230219
1.251627,-0.603946,0.221766
1.251917,-0.604135,0.213152
1.252162,-0.604295,0.204542
1.250704,-0.603344,0.195656
1.251688,-0.603986,0.187202
1.250136,-0.602974,0.178355
1.246875,-0.600846,0.169294
1.246891,-0.600857,0.160752
1.247696,-0.601382,0.152327
1.248457,-0.601878,0.143896
1.249175,-0.602346,0.135460
1.249849,-0.602786,0.127018
1.250480,-0.603198,0.118572
1.248563,-0.601947,0.109882
1.249106,-0.602302,0.101446
1.249606,-0.602628,0.093005
1.250062,-0.602925,0.084561
1.250475,-0.603195,0.076114
1.250844,-0.603436,0.067664
1.251171,-0.603648,0.059212
1.251453,-0.603833,0.050757
1.251692,-0.603989,0.042301
1.255237,-0.606301,0.033941
1.257064,-0.607493,0.025493
1.257174,-0.607564,0.016996
1.253052,-0.604875,0.008468
1.253911,-0.605436,0.000000
1.253052,-0.604875,-0.008468
1.252986,-0.604833,-0.016935
1.253715,-0.605308,-0.025420
1.255149,-0.609452,0.275272
1.255718,-0.609825,0.266587
1.248841,-0.605320,0.256256
1.250135,-0.606167,0.247806
1.248913,-0.605367,0.238834
1.252592,-0.607777,0.230878
1.254875,-0.609273,0.213916
1.252641,-0.607809,0.204836
1.253671,-0.608484,0.196359
1.251341,-0.606958,0.187336
1.250622,-0.606487,0.178612
1.248196,-0.604897,0.169661
1.246553,-0.603821,0.160869
1.247357,-0.604348,0.152437
1.249782,-0.605936,0.144208
1.250500,-0.606407,0.135754
1.253674,-0.608486,0.127570
1.254307,-0.608901,0.119087
1.259899,-0.612564,0.111077
1.255442,-0.609644,0.102108
1.255110,-0.609427,0.093545
1.249724,-0.605898,0.084623
1.250137,-0.606169,0.076169
1.250506,-0.606411,0.067713
1.250832,-0.606624,0.059255
1.246935,-0.604071,0.050610
1.247173,-0.604227,0.042178
1.244023,-0.602163,0.033646
1.244174,-0.602262,0.025236
1.250973,-0.606717,0.016922
1.252711,-0.607855,0.008474
1.252733,-0.607869,0.000000
1.252711,-0.607855,-0.008474
1.255155,-0.609456,-0.016984
1.255046,-0.609385,-0.025475
1.254894,-0.609285,-0.033965
1.249306,-0.608824,0.256622
1.249381,-0.608874,0.239176
1.246465,-0.606956,0.229889
1.247622,-0.607717,0.221448
1.252864,-0.611165,0.213763
1.244021,-0.605348,0.203515
1.250006,-0.609285,0.195937
1.250988,-0.609931,0.187471
1.246957,-0.607279,0.178227
1.246190,-0.606775,0.169539
1.247038,-0.607332,0.161101
1.247012,-0.607315,0.152548
1.247772,-0.607815,0.144104
1.248489,-0.608287,0.135656
1.249163,-0.608730,0.127202
1.249793,-0.609145,0.118743
1.250380,-0.609531,0.110280
1.250090,-0.609340,0.101740
1.248923,-0.608572,0.093140
1.251047,-0.609969,0.084807
1.249792,-0.609144,0.076225
1.250161,-0.609386,0.067762
1.248817,-0.608503,0.059212
1.254108,-0.611983,0.050978
1.249337,-0.608845,0.042301
1.253708,-0.611720,0.033965
1.250520,-0.609623,0.025401
1.250628,-0.609694,0.016935
1.250693,-0.609737,0.008468
1.254057,-0.611950,0.000000
1.263224,-0.617981,-0.008560
1.263158,-0.617937,-0.017119
1.251702,-0.613614,0.266209
1.250582,-0.612875,0.257171
1.248593,-0.611560,0.247983
1.246552,-0.610212,0.238834
1.237055,-0.603938,0.228240
1.238202,-0.604696,0.219860
1.239306,-0.605425,0.211471
1.240368,-0.606126,0.203075
1.241386,-0.606799,0.194671
1.252282,-0.613998,0.187875
1.244120,-0.608605,0.177970
1.244182,-0.608646,0.169416
1.245027,-0.609205,0.160985
1.245830,-0.609735,0.152548
1.246589,-0.610237,0.144104
1.247306,-0.610710,0.135656
1.250471,-0.612801,0.127478
1.250237,-0.612646,0.093342
1.246529,-0.610197,0.084561
1.251106,-0.613220,0.076390
1.251475,-0.613464,0.067910
1.252635,-0.614230,0.059469
1.253751,-0.614968,0.051015
1.253991,-0.615126,0.042515
1.253352,-0.614705,0.033990
1.254339,-0.615356,0.025512
1.251110,-0.613223,0.016959
1.251176,-0.613267,0.008480
1.251197,-0.613281,0.000000
1.249507,-0.612164,-0.008468
1.249442,-0.612121,-0.016935
1.250168,-0.612601,-0.025420
1.250016,-0.612500,-0.033891
1.250760,-0.616211,0.275077
1.252145,-0.617129,0.266587
1.248571,-0.614758,0.256988
1.235101,-0.605822,0.245328
1.236334,-0.606640,0.236953
1.233415,-0.604703,0.227745
1.234558,-0.605461,0.219383
1.235658,-0.606191,0.211013
1.242485,-0.610721,0.203662
1.249280,-0.615229,0.196218
1.250262,-0.615880,0.187740
1.251200,-0.616503,0.179255
1.252095,-0.617096,0.170763
1.252946,-0.617661,0.162264
1.245472,-0.612702,0.152658
1.250375,-0.615955,0.144729
1.246947,-0.613681,0.135754
1.247619,-0.614127,0.127294
1.249079,-0.615095,0.118915
1.250496,-0.616035,0.110520
1.251039,-0.616396,0.102034
1.251539,-0.616727,0.093545
1.251164,-0.616479,0.084991
1.244089,-0.611784,0.076004
1.244456,-0.612028,0.067566
1.244779,-0.612243,0.059126
1.249224,-0.615191,0.050868
1.249462,-0.615350,0.042393
1.254655,-0.618795,0.034063
1.254808,-0.618896,0.025549
1.254917,-0.618968,0.017033
1.254982,-0.619012,0.008517
1.255004,-0.619026,0.000000
1.246649,-0.613483,-0.008455
1.246585,-0.613440,-0.016910
1.246476,-0.613369,-0.025364
1.246325,-0.613268,-0.033818
1.252010,-0.620270,0.275663
1.253396,-0.621193,0.267154
1.249011,-0.618272,0.257354
1.246208,-0.616404,0.247983
1.247453,-0.617234,0.239518
1.239626,-0.612018,0.229229
1.240775,-0.612784,0.220813
1.241881,-0.613521,0.212388
1.246236,-0.616423,0.204542
1.247259,-0.617104,0.196078
1.249175,-0.618381,0.179126
1.249242,-0.618426,0.170518
1.245959,-0.616238,0.161450
1.250897,-0.619528,0.153540
1.247521,-0.617279,0.144521
1.248237,-0.617756,0.136048
1.248910,-0.618204,0.127570
1.249540,-0.618624,0.119087
1.250127,-0.619015,0.110599
1.250670,-0.619377,0.102108
1.251169,-0.619710,0.093612
1.249964,-0.618907,0.084991
1.247053,-0.616967,0.076280
1.247421,-0.617212,0.067812
1.247746,-0.617428,0.059341
1.248027,-0.617616,0.050868
1.254920,-0.622208,0.042638
1.255116,-0.622339,0.034112
1.246115,-0.616342,0.025383
1.242895,-0.614196,0.016873
1.242959,-0.614240,0.008437
1.242981,-0.614254,0.000000
1.244624,-0.615348,-0.008449
1.245391,-0.615860,-0.016910
1.248611,-0.618005,-0.025438
1.248460,-0.617904,-0.033916
1.252424,-0.620546,-0.042546
1.247169,-0.620594,0.266020
1.240334,-0.616019,0.255707
1.241616,-0.616877,0.247275
1.242855,-0.617707,0.238834
1.240773,-0.616313,0.229724
1.241923,-0.617083,0.221289
1.247957,-0.621122,0.213763
1.240806,-0.616335,0.203809
1.246760,-0.620320,0.196218
1.253503,-0.624834,0.188682
1.248674,-0.621602,0.179255
1.243793,-0.618335,0.169906
1.250416,-0.622768,0.162264
1.248678,-0.621604,0.144833
1.249395,-0.622084,0.136342
1.259998,-0.629182,0.128948
1.250699,-0.622957,0.119344
1.250457,-0.622795,0.110759
1.251000,-0.623159,0.102255
1.250671,-0.622938,0.093680
1.251127,-0.623243,0.085175
1.251539,-0.623520,0.076666
1.249418,-0.622100,0.068008
1.249744,-0.622318,0.059512
1.250025,-0.622506,0.051015
1.248603,-0.621554,0.042454
1.248797,-0.621684,0.033965
1.248949,-0.621786,0.025475
1.245733,-0.619633,0.016935
1.245798,-0.619677,0.008468
1.247482,-0.620804,0.000000
1.247460,-0.620789,-0.008480
1.247395,-0.620746,-0.016959
1.247287,-0.620673,-0.025438
1.244644,-0.618904,-0.033842
1.244449,-0.618774,-0.042301
1.246704,-0.620283,-0.050868
1.247732,-0.624496,0.275272
1.242593,-0.621040,0.265263
1.241475,-0.620288,0.256256
1.238674,-0.618405,0.246921
1.239910,-0.619236,0.238492
1.244377,-0.622240,0.230713
1.244711,-0.622464,0.222084
1.246640,-0.623762,0.213763
1.247707,-0.624479,0.205276
1.248731,-0.625167,0.196781
1.248889,-0.625273,0.188144
1.244887,-0.622583,0.178869
1.245777,-0.623181,0.170396
1.246623,-0.623750,0.161916
1.251549,-0.627062,0.153980
1.255613,-0.629795,0.145874
1.256334,-0.630280,0.137322
1.257011,-0.630735,0.128764
1.251858,-0.627270,0.119601
1.250791,-0.626552,0.110918
1.250506,-0.626361,0.102328
1.251833,-0.627254,0.093882
1.251462,-0.627003,0.085297
1.250217,-0.626167,0.076666
1.252243,-0.627529,0.068253
1.253398,-0.628306,0.059770
1.251193,-0.626823,0.051125
1.245626,-0.623079,0.042393
1.245820,-0.623210,0.033916
1.245971,-0.623312,0.025438
1.246079,-0.623384,0.016959
1.246144,-0.623428,0.008480
1.245335,-0.622884,0.000000
1.244484,-0.622312,-0.008468
1.244419,-0.622268,-0.016935
1.244312,-0.622196,-0.025401
1.244161,-0.622094,-0.033867
1.245626,-0.623079,-0.042393
1.248705,-0.625150,-0.051015
1.243349,-0.625105,0.283356
1.242330,-0.624417,0.274297
1.243703,-0.625345,0.265831
1.241775,-0.624042,0.256622
1.243058,-0.624909,0.248160
1.244298,-0.625746,0.239689
1.245496,-0.626555,0.231208
1.246650,-0.627335,0.222719
1.242028,-0.624213,0.213152
1.243090,-0.624930,0.204689
1.246571,-0.627281,0.196640
1.250012,-0.629606,0.188548
1.248484,-0.628574,0.179640
1.249376,-0.629176,0.171130
1.250224,-0.629749,0.162613
1.246911,-0.627512,0.153540
1.245198,-0.626354,0.144729
1.245912,-0.626837,0.136244
1.246583,-0.627290,0.127753
1.247211,-0.627714,0.119258
1.247796,-0.628109,0.110759
1.248338,-0.628475,0.102255
1.247182,-0.627695,0.093612
1.248048,-0.628279,0.076611
1.243450,-0.625173,0.067812
1.243773,-0.625392,0.059341
1.249022,-0.628937,0.051088
1.244291,-0.625741,0.042393
1.241999,-0.624193,0.033842
1.246292,-0.627093,0.025475
1.246400,-0.627166,0.016984
1.246465,-0.627210,0.008492
1.246487,-0.627225,0.000000
1.246465,-0.627210,-0.008492
1.248886,-0.628846,-0.017021
1.248778,-0.628772,-0.025530
1.249455,-0.629230,-0.034063
1.249260,-0.629098,-0.042577
1.253162,-0.631734,-0.051272
1.252880,-0.631543,-0.059813
1.239369,-0.625970,0.273907
1.240739,-0.626899,0.265452
1.245319,-0.630008,0.257720
1.246606,-0.630881,0.249222
1.247849,-0.631725,0.240714
1.249050,-0.632540,0.232198
1.250207,-0.633325,0.223672
1.251321,-0.634081,0.215138
1.246662,-0.630919,0.205569
1.247684,-0.631613,0.197062
1.247843,-0.631721,0.188413
1.248778,-0.632355,0.179897
1.248849,-0.632403,0.171253
1.248875,-0.632421,0.162613
1.250501,-0.633525,0.154201
1.251263,-0.634041,0.145666
1.251980,-0.634529,0.137126
1.250183,-0.633309,0.128305
1.250813,-0.633736,0.119773
1.248925,-0.632455,0.110998
1.245341,-0.630023,0.102108
1.244187,-0.629239,0.093477
1.242988,-0.628426,0.084868
1.242571,-0.628143,0.076335
1.243763,-0.628952,0.067910
1.245740,-0.630294,0.059512
1.248501,-0.632167,0.051125
1.248739,-0.632329,0.042607
1.248934,-0.632461,0.034088
1.243294,-0.628634,0.025438
1.243402,-0.628707,0.016959
1.241812,-0.627627,0.008468
1.243488,-0.628765,0.000000
1.245121,-0.629874,-0.008492
1.253330,-0.635445,-0.017107
1.244949,-0.629757,-0.025475
1.244798,-0.629654,-0.033965
1.244604,-0.629523,-0.042454
1.244367,-0.629362,-0.050941
1.244087,-0.629171,-0.059427
1.243014,-0.631689,0.275077
1.244388,-0.632625,0.266587
1.245718,-0.633532,0.258086
1.241312,-0.630529,0.248337
1.242550,-0.631372,0.239860
1.260045,-0.643295,0.234671
1.248159,-0.635195,0.223513
1.248454,-0.635396,0.214833
1.249522,-0.636124,0.206303
1.250546,-0.636822,0.197765
1.249890,-0.636375,0.188951
1.250826,-0.637013,0.180411
1.250079,-0.636504,0.171620
1.252569,-0.638201,0.163311
1.253375,-0.638750,0.154752
1.254138,-0.639270,0.146187
1.246634,-0.634156,0.136636
1.245660,-0.633492,0.127937
1.242170,-0.631114,0.119001
1.240281,-0.629826,0.110280
1.240819,-0.630193,0.101813
1.240489,-0.629968,0.093275
1.239291,-0.629152,0.084684
1.241349,-0.630554,0.076335
1.241714,-0.630803,0.067861
1.242037,-0.631023,0.059384
1.243142,-0.631777,0.050941
1.243379,-0.631938,0.042454
1.238616,-0.628692,0.033818
1.238766,-0.628794,0.025364
1.238874,-0.628867,0.016910
1.238938,-0.628911,0.008455
1.238959,-0.628926,0.000000
1.242243,-0.631164,-0.008480
1.242179,-0.631120,-0.016959
1.245376,-0.633299,-0.025512
1.243573,-0.632070,-0.033965
1.245031,-0.633064,-0.042515
1.247272,-0.634590,-0.051125
1.248642,-0.635524,-0.059727
1.242595,-0.634656,0.275272
1.243157,-0.635040,0.266587
1.244485,-0.635949,0.258086
1.245771,-0.636829,0.249576
1.247013,-0.637679,0.241056
1.246584,-0.637385,0.232198
1.247738,-0.638175,0.223672
1.244771,-0.636145,0.214374
1.245836,-0.636873,0.205863
1.246856,-0.637572,0.197344
1.247834,-0.638241,0.188817
1.245495,-0.636640,0.179769
1.246384,-0.637248,0.171253
1.247229,-0.637827,0.162730
1.246391,-0.637253,0.153980
1.248791,-0.638896,0.145666
1.254288,-0.642658,0.129040
1.249987,-0.639714,0.119945
1.250573,-0.640115,0.111396
1.251115,-0.640486,0.102843
1.256554,-0.644208,0.094691
1.245480,-0.636630,0.085236
1.245890,-0.636911,0.076721
1.251203,-0.640546,0.068498
1.251528,-0.640769,0.059942
1.246862,-0.637575,0.051162
1.244625,-0.636044,0.042546
1.243168,-0.635048,0.033990
1.243319,-0.635151,0.025493
1.239301,-0.632401,0.016935
1.241841,-0.634139,0.008486
1.241862,-0.634154,0.000000
1.242666,-0.634704,-0.008492
1.242601,-0.634660,-0.016984
1.242494,-0.634586,-0.025475
1.242343,-0.634483,-0.033965
1.242975,-0.634915,-0.042485
1.241913,-0.634189,-0.050941
1.241634,-0.633998,-0.059427
1.249554,-0.639418,-0.068400
1.248396,-0.641902,0.268099
1.240007,-0.636137,0.257354
1.241287,-0.637017,0.248868
1.242524,-0.637867,0.240372
1.243718,-0.638688,0.231868
1.244869,-0.639479,0.223355
1.245977,-0.640240,0.214833
1.247042,-0.640972,0.206303
1.248064,-0.641674,0.197765
1.249043,-0.642346,0.189220
1.249978,-0.642989,0.180668
1.244326,-0.639105,0.171130
1.245170,-0.639685,0.162613
1.245971,-0.640235,0.154091
1.246728,-0.640756,0.145562
1.241933,-0.637461,0.110679
1.240828,-0.636701,0.102034
1.242967,-0.638171,0.093680
1.241774,-0.637351,0.085052
1.242183,-0.637632,0.076556
1.240079,-0.636186,0.067910
1.240401,-0.636408,0.059427
1.240680,-0.636599,0.050941
1.240916,-0.636762,0.042454
1.241109,-0.636894,0.033965
1.242083,-0.637564,0.025493
1.242191,-0.637638,0.016996
1.243904,-0.638815,0.008510
1.252167,-0.644493,0.000000
1.252080,-0.644433,-0.017143
1.251148,-0.643793,-0.025696
1.250996,-0.643689,-0.034260
1.248330,-0.641856,-0.042730
1.248092,-0.641693,-0.051272
1.247811,-0.641500,-0.059813
1.245531,-0.643209,0.267721
1.243625,-0.641894,0.258452
1.241668,-0.640544,0.249222
1.242094,-0.640838,0.240543
1.244099,-0.642222,0.232198
1.248501,-0.645259,0.224308
1.246359,-0.643781,0.215138
1.244981,-0.642830,0.206156
1.243556,-0.641847,0.197203
1.244531,-0.642519,0.188682
1.243013,-0.641472,0.179769
1.239815,-0.639265,0.170640
1.240656,-0.639845,0.162148
1.241453,-0.640395,0.153650
1.239752,-0.639221,0.144833
1.241281,-0.640277,0.136440
1.241129,-0.640172,0.127845
1.236833,-0.637207,0.118829
1.239873,-0.639305,0.110599
1.240410,-0.639676,0.102108
1.238441,-0.638317,0.093410
1.238891,-0.638627,0.084929
1.239299,-0.638909,0.076445
1.239663,-0.639160,0.067959
1.239985,-0.639382,0.059469
1.240264,-0.639575,0.050978
1.243791,-0.642008,0.042607
1.243984,-0.642142,0.034088
1.248249,-0.645085,0.025659
1.241015,-0.640093,0.008498
1.241036,-0.640108,0.000000
1.241015,-0.640093,-0.008498
1.240950,-0.640049,-0.016996
1.244135,-0.642246,-0.025567
1.243984,-0.642142,-0.034088
1.248727,-0.645414,-0.042791
1.248489,-0.645250,-0.051346
1.248208,-0.645057,-0.059899
1.246431,-0.647080,0.259368
1.247717,-0.647971,0.250815
1.248960,-0.648833,0.242253
1.250161,-0.649664,0.233682
1.243202,-0.644843,0.223513
1.244308,-0.645609,0.214986
1.247810,-0.648036,0.206890
1.246391,-0.647052,0.197906
1.242480,-0.644343,0.188548
1.250746,-0.650070,0.181182
1.250822,-0.650123,0.172477
1.238608,-0.641660,0.162032
1.241855,-0.643910,0.153870
1.242610,-0.644433,0.145354
1.240867,-0.643225,0.136538
1.241534,-0.643687,0.128029
1.239702,-0.642418,0.119258
1.240282,-0.642820,0.110759
1.240819,-0.643192,0.102255
1.246234,-0.646944,0.094152
1.242585,-0.644416,0.085297
1.244635,-0.645836,0.076887
1.245002,-0.646090,0.068351
1.244504,-0.645745,0.059770
1.243962,-0.645370,0.051199
1.245020,-0.646103,0.042699
1.244393,-0.645668,0.034137
1.244543,-0.645772,0.025604
1.244651,-0.645847,0.017070
1.241428,-0.643613,0.008510
1.241449,-0.643628,0.000000
1.241428,-0.643613,-0.008510
1.240541,-0.642999,-0.017008
1.241256,-0.643494,-0.025530
1.242749,-0.644529,-0.034088
1.244199,-0.645534,-0.042669
1.250533,-0.649923,-0.051493
1.254358,-0.652573,-0.060285
1.245979,-0.650060,0.259551
1.240801,-0.646458,0.249576
1.242037,-0.647318,0.241056
1.243230,-0.648148,0.232527
1.244379,-0.648947,0.223990
1.246921,-0.650716,0.189490
1.247853,-0.651365,0.180925
1.245484,-0.649716,0.171865
1.238991,-0.645198,0.162264
1.239787,-0.645752,0.153760
1.240540,-0.646276,0.145250
1.241250,-0.646770,0.136734
1.241917,-0.647234,0.128213
1.239270,-0.645393,0.119344
1.239850,-0.645796,0.110838
1.244156,-0.648792,0.094084
1.244609,-0.649107,0.085542
1.245018,-0.649392,0.076997
1.251124,-0.653640,0.068793
1.245708,-0.649872,0.059899
1.245168,-0.649496,0.051309
1.244584,-0.649090,0.042730
1.238213,-0.644657,0.033990
1.238363,-0.644761,0.025493
1.240932,-0.646549,0.017033
1.237713,-0.644309,0.008492
1.237734,-0.644324,0.000000
1.240996,-0.646594,-0.008517
1.240932,-0.646549,-0.017033
1.244928,-0.649330,-0.025641
1.244778,-0.649225,-0.034186
1.244584,-0.649090,-0.042730
1.244347,-0.648925,-0.051272
1.244068,-0.648731,-0.059813
1.243578,-0.651684,0.250461
1.244008,-0.651985,0.241740
1.242777,-0.651125,0.232692
1.243926,-0.651928,0.224149
1.240171,-0.649305,0.214680
1.234743,-0.645512,0.204982
1.235752,-0.646217,0.196500
1.236719,-0.646893,0.188009
1.237644,-0.647539,0.179512
1.238525,-0.648155,0.171008
1.237736,-0.647603,0.162264
1.244234,-0.652143,0.154532
1.244990,-0.652671,0.145979
1.235913,-0.646329,0.136244
1.236577,-0.646793,0.127753
1.238831,-0.648368,0.119430
1.236959,-0.647060,0.110679
1.237495,-0.647434,0.102181
1.240441,-0.649493,0.093882
1.240892,-0.649808,0.085358
1.237207,-0.647233,0.076556
1.244121,-0.652064,0.068449
1.244444,-0.652289,0.059899
1.248000,-0.654774,0.051493
1.248238,-0.654940,0.042914
1.248432,-0.655076,0.034333
1.241206,-0.650028,0.025585
1.241314,-0.650103,0.017057
1.241378,-0.650148,0.008529
1.241400,-0.650163,0.000000
1.240558,-0.649575,-0.008523
1.241314,-0.650103,-0.017057
1.241206,-0.650028,-0.025585
1.241056,-0.649923,-0.034112
1.239225,-0.648643,-0.042577
1.240627,-0.649623,-0.051162
1.246082,-0.653434,-0.059985
1.241504,-0.653533,0.250284
1.239514,-0.652136,0.241056
1.235859,-0.649572,0.231538
1.236192,-0.649806,0.222878
1.234863,-0.648874,0.213916
1.235916,-0.649612,0.205423
1.236116,-0.649753,0.196781
1.233839,-0.648155,0.187740
1.234760,-0.648801,0.179255
1.235640,-0.649418,0.170763
1.236476,-0.650005,0.162264
1.237270,-0.650562,0.153760
1.238835,-0.651660,0.145354
1.236285,-0.649871,0.136440
1.236949,-0.650337,0.127937
1.241648,-0.653633,0.119859
1.242229,-0.654041,0.111316
1.238684,-0.651554,0.102402
1.242444,-0.654192,0.094152
1.239627,-0.652216,0.085358
1.240035,-0.652502,0.076832
1.243670,-0.655052,0.068498
1.243993,-0.655278,0.059942
1.244272,-0.655474,0.051383
1.248600,-0.658511,0.042975
1.248794,-0.658647,0.034382
1.244853,-0.655882,0.025696
1.244961,-0.655957,0.017131
1.243388,-0.654854,0.008553
1.243409,-0.654869,0.000000
1.241751,-0.653705,-0.008541
1.243323,-0.654809,-0.017107
1.245521,-0.656350,-0.034284
1.245327,-0.656214,-0.042853
1.244256,-0.658776,0.251169
1.243078,-0.657946,0.242082
1.233789,-0.651402,0.231373
1.230892,-0.649362,0.222084
1.231985,-0.650132,0.213610
1.233035,-0.650872,0.205129
1.229187,-0.648160,0.195796
1.230148,-0.648837,0.187336
1.235931,-0.652911,0.179640
1.236810,-0.653531,0.171130
1.239271,-0.655264,0.162846
1.246266,-0.660192,0.129132
1.244449,-0.658912,0.120288
1.247476,-0.661044,0.111954
1.245570,-0.659701,0.103138
1.243619,-0.658327,0.094354
1.239991,-0.655771,0.085481
1.240398,-0.656058,0.076942
1.240763,-0.656315,0.068400
1.241084,-0.656542,0.059856
1.242180,-0.657314,0.051346
1.244051,-0.658631,0.042853
1.244244,-0.658767,0.034284
1.244394,-0.658873,0.025714
1.244502,-0.658949,0.017143
1.243749,-0.658419,0.008566
1.243770,-0.658434,0.000000
1.238026,-0.654387,-0.008523
1.237962,-0.654342,-0.017045
1.237855,-0.654267,-0.025567
1.239340,-0.655313,-0.034137
1.239148,-0.655177,-0.042669
1.238912,-0.655012,-0.051199
1.244600,-0.662340,0.233847
1.238496,-0.658022,0.223831
1.239595,-0.658800,0.215291
1.230154,-0.652122,0.204836
1.231159,-0.652833,0.196359
1.232121,-0.653514,0.187875
1.234661,-0.655310,0.179640
1.235539,-0.655931,0.171130
1.237997,-0.657670,0.162846
1.238791,-0.658231,0.154311
1.247662,-0.664507,0.146812
1.240252,-0.659264,0.137224
1.241730,-0.660311,0.128764
1.238287,-0.657875,0.119773
1.242935,-0.661162,0.111635
1.241030,-0.659815,0.102843
1.241524,-0.660164,0.094287
1.241975,-0.660483,0.085726
1.244013,-0.661925,0.077273
1.242748,-0.661030,0.068597
1.241439,-0.660104,0.059942
1.244981,-0.662610,0.051530
1.246033,-0.663354,0.042975
1.238882,-0.658296,0.034161
1.240664,-0.659556,0.025659
1.240771,-0.659632,0.017107
1.240835,-0.659677,0.008553
1.235142,-0.655650,0.000000
1.235121,-0.655635,-0.008510
1.235057,-0.655590,-0.017021
1.236583,-0.656669,-0.025567
1.234801,-0.655409,-0.034039
1.236241,-0.656428,-0.042607
1.235694,-0.659345,0.241056
1.234466,-0.658473,0.232033
1.235606,-0.659282,0.223513
1.236702,-0.660061,0.214986
1.240176,-0.662529,0.206890
1.235539,-0.659235,0.197344
1.236505,-0.659921,0.188817
1.234194,-0.658280,0.179769
1.235072,-0.658904,0.171253
1.235908,-0.659497,0.162730
1.236700,-0.660060,0.154201
1.241505,-0.663472,0.146187
1.242215,-0.663976,0.137616
1.241258,-0.663297,0.128856
1.238632,-0.661432,0.119945
1.240023,-0.662420,0.111476
1.240560,-0.662801,0.102917
1.241053,-0.663151,0.094354
1.241504,-0.663472,0.085788
1.245167,-0.666074,0.077439
1.247162,-0.667490,0.068940
1.247485,-0.667720,0.060328
1.242062,-0.663868,0.051456
1.243928,-0.665194,0.042945
1.242491,-0.664173,0.034309
1.238566,-0.661385,0.025641
1.238673,-0.661461,0.017094
1.238737,-0.661506,0.008547
1.237943,-0.660943,0.000000
1.237922,-0.660927,-0.008541
1.228890,-0.654513,-0.016947
1.228784,-0.654437,-0.025420
1.228636,-0.654332,-0.033891
1.243624,-0.668314,0.234177
1.244773,-0.669133,0.225579
1.234614,-0.661888,0.214833
1.235666,-0.662638,0.206303
1.234257,-0.661633,0.197344
1.235222,-0.662321,0.188817
1.236143,-0.662978,0.180283
1.237831,-0.664182,0.171865
1.237051,-0.663626,0.163079
1.239462,-0.665346,0.154752
1.240214,-0.665882,0.146187
1.242543,-0.667543,0.137812
1.240778,-0.666284,0.128948
1.243834,-0.668464,0.120631
1.244416,-0.668878,0.112034
1.244954,-0.669262,0.103432
1.244637,-0.669036,0.094759
1.245089,-0.669358,0.086156
1.238181,-0.664432,0.077053
1.238545,-0.664691,0.068498
1.238052,-0.664340,0.059899
1.238330,-0.664538,0.051346
1.241820,-0.667027,0.042914
1.242013,-0.667165,0.034333
1.238907,-0.664950,0.025677
1.244713,-0.669090,0.017205
1.239100,-0.665087,0.000000
1.239078,-0.665072,-0.008560
1.239014,-0.665026,-0.017119
1.238907,-0.664950,-0.025677
1.238758,-0.664843,-0.034235
1.235909,-0.666133,0.232857
1.237050,-0.666950,0.224308
1.233326,-0.664284,0.214833
1.234377,-0.665036,0.206303
1.241824,-0.670369,0.198891
1.243723,-0.671729,0.181696
1.244608,-0.672363,0.173089
1.242220,-0.670652,0.164009
1.243017,-0.671223,0.155413
1.238110,-0.667709,0.146083
1.236390,-0.666478,0.137224
1.239482,-0.668692,0.128948
1.240104,-0.669137,0.120374
1.239062,-0.668391,0.111635
1.239598,-0.668775,0.103064
1.241713,-0.670290,0.094624
1.242164,-0.670612,0.086033
1.240948,-0.669742,0.077329
1.237252,-0.667095,0.068498
1.243258,-0.671396,0.060242
1.237850,-0.667523,0.051383
1.238085,-0.667691,0.042822
1.238277,-0.667829,0.034260
1.234362,-0.665026,0.025604
1.234469,-0.665102,0.017070
1.234533,-0.665147,0.008535
1.232928,-0.663998,0.000000
1.233720,-0.664565,-0.008529
1.233656,-0.664520,-0.017057
1.233549,-0.664443,-0.025585
1.233401,-0.664337,-0.034112
1.240875,-0.672997,0.216514
1.241932,-0.673757,0.207917
1.241339,-0.673330,0.199031
1.247136,-0.677499,0.191239
1.237600,-0.670642,0.180925
1.238480,-0.671274,0.172354
1.238511,-0.671297,0.163660
1.240112,-0.672448,0.155193
1.240864,-0.672988,0.146603
1.240764,-0.672917,0.137910
1.244664,-0.675721,0.129684
1.245288,-0.676170,0.121060
1.244251,-0.675424,0.112273
1.244789,-0.675811,0.103652
1.245284,-0.676167,0.095028
1.245736,-0.676492,0.086401
1.239660,-0.672123,0.077329
1.240024,-0.672384,0.068744
1.239534,-0.672032,0.060114
1.239000,-0.671649,0.051493
1.237612,-0.670651,0.042853
1.236993,-0.670205,0.034260
1.233895,-0.667978,0.025622
1.234002,-0.668054,0.017082
1.234065,-0.668100,0.008541
1.234087,-0.668115,0.000000
1.234065,-0.668100,-0.008541
1.234002,-0.668054,-0.017082
1.229836,-0.665059,-0.025530
1.229688,-0.664953,-0.034039
1.229497,-0.664815,-0.042546
1.236866,-0.673456,0.224784
1.237963,-0.674248,0.216208
1.235008,-0.672114,0.206890
1.234410,-0.671682,0.198047
1.235374,-0.672378,0.189490
1.236295,-0.673043,0.180925
1.237174,-0.673678,0.172354
1.237205,-0.673700,0.163660
1.238804,-0.674854,0.155193
1.239554,-0.675396,0.146603
1.238649,-0.674742,0.137812
1.242542,-0.677554,0.129592
1.243746,-0.678423,0.112352
1.236198,-0.672973,0.102990
1.236689,-0.673327,0.094421
1.237137,-0.673651,0.085849
1.231876,-0.669853,0.076887
1.232237,-0.670114,0.068351
1.232556,-0.670344,0.059813
1.237694,-0.674053,0.051493
1.234687,-0.671882,0.042791
1.234879,-0.672021,0.034235
1.235028,-0.672128,0.025677
1.235134,-0.672205,0.017119
1.234387,-0.671666,0.008553
1.234408,-0.671681,0.000000
1.240652,-0.679550,0.216972
1.236904,-0.676833,0.207477
1.234707,-0.675240,0.198328
1.232462,-0.673612,0.189220
1.233380,-0.674279,0.180668
1.234257,-0.674914,0.172109
1.235090,-0.675518,0.163544
1.235882,-0.676092,0.154972
1.237435,-0.677218,0.146499
1.237336,-0.677146,0.137812
1.237999,-0.677627,0.129224
1.237813,-0.677492,0.120545
1.237584,-0.677326,0.111874
1.238118,-0.677713,0.103285
1.238610,-0.678070,0.094691
1.234210,-0.674880,0.085726
1.234615,-0.675174,0.077163
1.234977,-0.675436,0.068597
1.233679,-0.674495,0.059942
1.231528,-0.672936,0.051272
1.231762,-0.673105,0.042730
1.231953,-0.673244,0.034186
1.232101,-0.673351,0.025641
1.237065,-0.676950,0.017168
1.237129,-0.676996,0.008584
1.237150,-0.677011,0.000000
1.235510,-0.675822,-0.008572
1.235446,-0.675776,-0.017143
1.235339,-0.675699,-0.025714
1.235336,-0.679050,0.216208
1.236387,-0.679815,0.207624
1.236595,-0.679967,0.198891
1.235958,-0.679503,0.190028
1.235276,-0.679007,0.181182
1.231339,-0.676141,0.171865
1.232170,-0.676746,0.163311
1.232960,-0.677320,0.154752
1.233706,-0.677864,0.146187
1.236019,-0.679547,0.137812
1.236681,-0.680030,0.129224
1.237301,-0.680481,0.120631
1.236266,-0.679727,0.111874
1.238413,-0.681290,0.103432
1.237291,-0.680473,0.094691
1.234512,-0.678450,0.085849
1.231687,-0.676394,0.077053
1.229626,-0.674894,0.068351
1.229944,-0.675125,0.059813
1.230219,-0.675326,0.051272
1.235301,-0.679025,0.042914
1.237109,-0.680341,0.034382
1.237258,-0.680450,0.025788
1.237365,-0.680527,0.017192
1.239046,-0.681751,0.008609
1.239067,-0.681766,0.000000
1.235004,-0.678808,-0.008578
1.234131,-0.678173,-0.017143
1.234025,-0.678096,-0.025714
1.233876,-0.677988,-0.034284
1.237206,-0.683780,0.216819
1.233467,-0.681047,0.207330
1.234473,-0.681782,0.198750
1.235437,-0.682486,0.190163
1.236357,-0.683159,0.181568
1.245288,-0.689687,0.165405
1.234852,-0.682059,0.155193
1.235599,-0.682605,0.146603
1.233090,-0.680772,0.137616
1.232947,-0.680667,0.128948
1.233564,-0.681118,0.120374
1.234140,-0.681538,0.111794
1.234672,-0.681928,0.103211
1.235162,-0.682286,0.094624
1.236415,-0.683202,0.086094
1.231984,-0.679963,0.077163
1.233958,-0.681406,0.068695
1.238310,-0.684586,0.060328
1.235360,-0.682431,0.051567
1.234787,-0.682012,0.042945
1.234979,-0.682152,0.034358
1.235128,-0.682261,0.025769
1.229583,-0.678208,0.017094
1.229647,-0.678255,0.008547
1.229668,-0.678270,0.000000
1.232876,-0.680615,-0.008572
1.232812,-0.680568,-0.017143
1.235935,-0.682851,-0.025788
1.241712,-0.690464,0.209091
1.242725,-0.691207,0.200438
1.231712,-0.683125,0.189759
1.229432,-0.681452,0.180668
1.229504,-0.681505,0.171987
1.230334,-0.682114,0.163428
1.231121,-0.682691,0.154862
1.231866,-0.683238,0.146291
1.232569,-0.683753,0.137714
1.234834,-0.685416,0.129316
1.231436,-0.682923,0.120288
1.231207,-0.682754,0.111635
1.232542,-0.683734,0.103138
1.233031,-0.684093,0.094556
1.233477,-0.684420,0.085972
1.233881,-0.684717,0.077384
1.234243,-0.684982,0.068793
1.235367,-0.685807,0.060242
1.230810,-0.682463,0.051420
1.230237,-0.682043,0.042822
1.230428,-0.682183,0.034260
1.241162,-0.690060,0.017291
1.241226,-0.690107,0.008645
1.241248,-0.690123,0.000000
1.239614,-0.688924,-0.008633
1.239550,-0.688877,-0.017266
1.239443,-0.688798,-0.025898
1.230813,-0.685832,0.207330
1.229425,-0.684809,0.198328
1.227991,-0.683752,0.189355
1.231300,-0.686191,0.181182
1.232174,-0.686834,0.172599
1.230606,-0.685679,0.163660
1.231394,-0.686260,0.155083
1.232138,-0.686808,0.146499
1.230437,-0.685555,0.137616
1.227889,-0.683678,0.128673
1.228504,-0.684130,0.120116
1.229076,-0.684552,0.111555
1.230409,-0.685534,0.103064
1.230897,-0.685894,0.094489
1.231342,-0.686222,0.085910
1.230942,-0.685927,0.077273
1.231302,-0.686192,0.068695
1.231620,-0.686427,0.060114
1.231896,-0.686630,0.051530
1.232129,-0.686802,0.042945
1.232320,-0.686943,0.034358
1.238908,-0.691797,0.025917
1.237405,-0.690689,0.017254
1.232639,-0.687177,0.008590
1.233465,-0.687786,0.000000
1.233444,-0.687770,-0.008596
1.233380,-0.687723,-0.017192
1.233274,-0.687645,-0.025788
1.234460,-0.691906,0.199453
1.232237,-0.690261,0.190297
1.230762,-0.689170,0.181311
1.231636,-0.689816,0.172721
1.232466,-0.690431,0.164126
1.224466,-0.684511,0.154311
1.225206,-0.685059,0.145770
1.235504,-0.692678,0.138400
1.234565,-0.691983,0.129592
1.235183,-0.692440,0.120974
1.235758,-0.692866,0.112352
1.238696,-0.695040,0.103947
1.236781,-0.693623,0.095096
1.234822,-0.692173,0.086278
1.232818,-0.690691,0.077494
1.233179,-0.690958,0.068891
1.231892,-0.690005,0.060199
1.232167,-0.690209,0.051604
1.232401,-0.690382,0.043006
1.232592,-0.690523,0.034407
1.237563,-0.694201,0.025917
1.237669,-0.694280,0.017278
1.232910,-0.690759,0.008603
1.232931,-0.690774,0.000000
1.231302,-0.689569,-0.008590
1.231238,-0.689522,-0.017180
1.241581,-0.697174,-0.026009
1.234704,-0.695482,0.199735
1.230099,-0.692061,0.190163
1.229422,-0.691558,0.181311
1.231887,-0.693390,0.172966
1.232718,-0.694007,0.164358
1.231911,-0.693407,0.155524
1.232656,-0.693960,0.146916
1.234956,-0.695669,0.138498
1.234817,-0.695566,0.129775
1.235435,-0.696025,0.121146
1.236011,-0.696453,0.112512
1.237344,-0.697443,0.103947
1.237034,-0.697213,0.095231
1.238283,-0.698141,0.086646
1.234681,-0.695465,0.077715
1.231835,-0.693351,0.068891
1.232153,-0.693587,0.060285
1.232429,-0.693792,0.051677
1.229453,-0.691581,0.042945
1.229643,-0.691723,0.034358
1.233805,-0.694814,0.025861
1.233911,-0.694893,0.017242
1.233974,-0.694940,0.008621
1.234798,-0.695552,0.000000
1.234777,-0.695536,-0.008627
1.234713,-0.695489,-0.017254
1.241028,-0.700180,-0.026027
1.234313,-0.698595,0.191105
1.228077,-0.693944,0.181311
1.228948,-0.694594,0.172721
1.229776,-0.695211,0.164126
1.229765,-0.695204,0.155413
1.230509,-0.695758,0.146812
1.231210,-0.696281,0.138204
1.231868,-0.696772,0.129592
1.232484,-0.697232,0.120974
1.233857,-0.698256,0.112432
1.234389,-0.698652,0.103800
1.234078,-0.698421,0.095096
1.234525,-0.698754,0.086462
1.230927,-0.696070,0.077549
1.231287,-0.696339,0.068940
1.231605,-0.696576,0.060328
1.231881,-0.696781,0.051714
1.232114,-0.696955,0.043098
1.236311,-0.700086,0.034603
1.231652,-0.696611,0.025843
1.241376,-0.703864,0.017376
1.231842,-0.696753,0.000000
1.231821,-0.696737,-0.008615
1.225831,-0.695618,0.189893
1.225949,-0.695706,0.181182
1.226023,-0.695762,0.172477
1.226849,-0.696380,0.163893
1.227633,-0.696967,0.155303
1.227578,-0.696927,0.146603
1.228277,-0.697450,0.138008
1.234513,-0.702120,0.130051
1.227953,-0.697208,0.120631
1.228525,-0.697636,0.112034
1.229054,-0.698032,0.103432
1.229541,-0.698396,0.094826
1.229985,-0.698729,0.086217
1.230388,-0.699031,0.077605
1.230748,-0.699300,0.068989
1.230266,-0.698939,0.060328
1.230541,-0.699145,0.051714
1.230774,-0.699320,0.043098
1.230964,-0.699462,0.034480
1.228711,-0.697775,0.025806
1.240022,-0.706246,0.017376
1.232103,-0.700315,0.000000
1.232082,-0.700299,-0.008627
1.234107,-0.705237,0.182724
1.228636,-0.701123,0.173089
1.229464,-0.701746,0.164475
1.230249,-0.702336,0.155854
1.230992,-0.702895,0.147228
1.232489,-0.704020,0.138694
1.233148,-0.704516,0.130051
1.233764,-0.704979,0.121403
1.231948,-0.703614,0.112512
1.234073,-0.705212,0.104020
1.232967,-0.704380,0.095231
1.229424,-0.701716,0.086278
1.229028,-0.701418,0.077605
1.229388,-0.701689,0.068989
1.229705,-0.701927,0.060371
1.229980,-0.702134,0.051751
1.230212,-0.702309,0.043129
1.228006,-0.700649,0.034431
1.228153,-0.700761,0.025825
1.225062,-0.698436,0.017168
1.225125,-0.698484,0.008584
1.223548,-0.697298,0.000000
1.225125,-0.698484,-0.008584
1.228259,-0.700840,-0.017217
1.228064,-0.704106,0.173211
1.227306,-0.703533,0.164358
1.228090,-0.704125,0.155744
1.228038,-0.704086,0.147020
1.227942,-0.704014,0.138302
1.228598,-0.704509,0.129684
1.229212,-0.704973,0.121060
1.229784,-0.705404,0.112432
1.231905,-0.707006,0.103947
1.233986,-0.708576,0.095433
1.234432,-0.708913,0.086769
1.234836,-0.709218,0.078101
1.232008,-0.707083,0.069234
1.231529,-0.706721,0.060543
1.229412,-0.705123,0.051788
1.229644,-0.705298,0.043159
1.226643,-0.703033,0.034431
1.225992,-0.702542,0.025806
1.223704,-0.700814,0.017168
1.223767,-0.700861,0.008584
1.222990,-0.700275,0.000000
1.223767,-0.700861,-0.008584
1.233061,-0.711315,0.165405
1.229097,-0.708309,0.156075
1.227461,-0.707070,0.147124
1.228159,-0.707599,0.138498
1.231196,-0.709901,0.130143
1.231811,-0.710367,0.121489
1.233178,-0.711404,0.112910
1.233709,-0.711806,0.104241
1.229427,-0.708560,0.095163
1.229076,-0.708294,0.086462
1.230273,-0.709202,0.077880
1.229837,-0.708871,0.069185
1.230154,-0.709111,0.060543
1.230429,-0.709320,0.051898
1.233848,-0.711911,0.043374
1.230852,-0.709640,0.034603
1.231000,-0.709752,0.025953
1.227919,-0.707416,0.017254
1.227982,-0.707464,0.008627
1.228003,-0.707480,0.000000
1.230059,-0.712476,0.173946
1.229307,-0.711903,0.165056
1.230092,-0.712500,0.156405
1.232417,-0.714270,0.147957
1.230743,-0.712996,0.138988
1.231400,-0.713496,0.130327
1.230430,-0.712758,0.121489
1.231002,-0.713193,0.112830
1.228357,-0.711180,0.103873
1.232019,-0.713967,0.095501
1.229689,-0.712194,0.077936
1.227664,-0.710653,0.069136
1.230365,-0.712709,0.060629
1.228255,-0.711102,0.051861
1.230873,-0.713095,0.043313
1.226290,-0.709607,0.034505
1.224846,-0.708508,0.025843
1.219382,-0.704349,0.017143
1.219444,-0.704397,0.008572
1.219465,-0.704413,0.000000
1.229501,-0.715495,0.165289
1.227916,-0.714284,0.156295
1.227867,-0.714246,0.147540
1.228565,-0.714780,0.138890
1.229221,-0.715281,0.130235
1.230627,-0.716355,0.121661
1.228822,-0.714977,0.112751
1.229351,-0.715380,0.104094
1.225081,-0.712117,0.095028
1.224730,-0.711849,0.086340
1.224337,-0.711549,0.077660
1.224694,-0.711822,0.069038
1.225010,-0.712063,0.060414
1.226871,-0.713486,0.051861
1.227897,-0.714270,0.043251
1.228087,-0.714415,0.034603
1.227440,-0.713920,0.025935
1.223573,-0.710965,0.017229
1.223636,-0.711013,0.008615
1.223657,-0.711030,0.000000
1.226815,-0.713442,-0.008639
1.226533,-0.716672,0.165056
1.224950,-0.715457,0.156075
1.225689,-0.716024,0.147436
1.216910,-0.709289,0.137616
1.217560,-0.709787,0.129040
1.223700,-0.714498,0.121060
1.217942,-0.710080,0.111794
1.224795,-0.715338,0.103800
1.225279,-0.715710,0.095163
1.226513,-0.716656,0.086585
1.222953,-0.713925,0.077660
1.227272,-0.717239,0.069284
1.223625,-0.714440,0.060414
1.227862,-0.717691,0.051972
1.225715,-0.716044,0.043221
1.225905,-0.716189,0.034579
1.217326,-0.709608,0.025733
1.215050,-0.707862,0.017119
1.211939,-0.705475,0.008535
1.211960,-0.705491,0.000000
1.215113,-0.707910,-0.008560
1.229860,-0.722688,0.165754
1.230645,-0.723293,0.157067
1.222720,-0.717188,0.147228
1.223415,-0.717723,0.138596
1.232745,-0.724911,0.130970
1.229195,-0.722176,0.113069
1.229724,-0.722583,0.104388
1.230210,-0.722958,0.095703
1.230654,-0.723300,0.087014
1.223146,-0.717517,0.077770
1.223503,-0.717792,0.069136
1.225401,-0.719254,0.060586
1.227258,-0.720684,0.052009
1.225906,-0.719643,0.043282
1.227680,-0.721009,0.034677
1.226243,-0.719902,0.025972
1.228725,-0.721814,0.017352
1.228788,-0.721862,0.008676
1.226046,-0.723212,0.147853
1.220445,-0.718880,0.138400
1.221095,-0.719383,0.129775
1.218552,-0.717416,0.120803
1.219117,-0.717853,0.112193
1.220430,-0.718869,0.103652
1.223280,-0.721073,0.095231
1.223721,-0.721414,0.086585
1.224910,-0.722334,0.077991
1.225268,-0.722610,0.069333
1.225583,-0.722854,0.060672
1.225857,-0.723066,0.052009
1.226879,-0.723856,0.043374
1.223905,-0.721556,0.034603
1.219307,-0.718000,0.025843
1.227321,-0.724198,0.017352
1.227384,-0.724247,0.008676
1.225487,-0.726211,0.156736
1.222298,-0.723734,0.147540
1.216704,-0.719391,0.138106
1.223645,-0.724780,0.130235
1.228189,-0.728309,0.122004
1.218524,-0.720804,0.112273
1.219048,-0.721210,0.103652
1.231350,-0.730763,0.096040
1.224699,-0.725598,0.086769
1.220366,-0.722234,0.077770
1.222300,-0.723736,0.069234
1.224982,-0.725818,0.060715
1.225255,-0.726031,0.052045
1.223118,-0.724371,0.043282
1.223307,-0.724518,0.034628
1.225823,-0.726471,0.026027
1.228297,-0.728393,0.017389
1.228361,-0.728442,0.008695
1.224028,-0.728552,0.147957
1.223938,-0.728482,0.139184
1.224591,-0.728991,0.130511
1.225987,-0.730080,0.121918
1.226556,-0.730523,0.113229
1.227083,-0.730934,0.104535
1.233076,-0.735606,0.096310
1.229585,-0.732884,0.087259
1.228411,-0.731969,0.078432
1.227982,-0.731635,0.069676
1.230662,-0.733724,0.061101
1.230936,-0.733938,0.052377
1.229592,-0.732890,0.043589
1.229782,-0.733038,0.034873
1.229930,-0.733153,0.026156
1.230035,-0.733235,0.017438
1.230098,-0.733285,0.008719
1.224178,-0.732154,0.148165
1.220171,-0.729017,0.138890
1.220821,-0.729526,0.130235
1.225352,-0.733073,0.122004
1.225920,-0.733518,0.113308
1.226447,-0.733930,0.104609
1.229288,-0.736154,0.096108
1.227374,-0.734655,0.087198
1.225415,-0.733122,0.078322
1.223413,-0.731555,0.069480
1.226088,-0.733649,0.060929
1.226361,-0.733863,0.052229
1.229741,-0.736508,0.043650
1.231505,-0.737889,0.034971
1.231653,-0.738005,0.026230
1.231759,-0.738088,0.017487
1.232610,-0.738754,0.008750
1.224230,-0.735690,0.139576
1.224882,-0.736202,0.130878
1.225493,-0.736682,0.122175
1.226061,-0.737129,0.113468
1.226588,-0.737542,0.104756
1.227857,-0.738539,0.096108
1.229084,-0.739504,0.087443
1.227915,-0.738585,0.078598
1.224346,-0.735781,0.069627
1.229374,-0.739732,0.061187
1.224934,-0.736243,0.052229
1.225165,-0.736424,0.043528
1.224568,-0.735955,0.034799
1.229432,-0.739777,0.026211
1.229537,-0.739860,0.017475
1.229600,-0.739910,0.008737
1.219674,-0.735599,0.139184
1.220324,-0.736112,0.130511
1.220932,-0.736592,0.121832
1.221498,-0.737038,0.113149
1.224370,-0.739305,0.104682
1.228770,-0.742776,0.096310
1.229213,-0.743126,0.087566
1.229614,-0.743442,0.078819
1.229972,-0.743725,0.070069
1.230289,-0.743974,0.061316
1.225071,-0.739858,0.052303
1.225302,-0.740040,0.043589
1.225491,-0.740189,0.034873
1.225638,-0.740305,0.026156
1.225743,-0.740388,0.017438
1.225806,-0.740438,0.008719
1.229039,-0.746518,0.131706
1.225747,-0.743910,0.122519
1.226315,-0.744360,0.113787
1.224496,-0.742919,0.104830
1.224979,-0.743302,0.096108
1.227768,-0.745511,0.087566
1.225820,-0.743968,0.078653
1.226177,-0.744251,0.069921
1.228842,-0.746362,0.061316
1.229116,-0.746579,0.052561
1.228564,-0.746142,0.043773
1.228753,-0.746292,0.035020
1.228901,-0.746409,0.026266
1.229006,-0.746492,0.017511
1.221353,-0.743945,0.130970
1.221961,-0.744428,0.122261
1.222527,-0.744878,0.113547
1.223832,-0.745916,0.104903
1.224315,-0.746300,0.096175
1.224756,-0.746651,0.087443
1.225155,-0.746968,0.078708
1.229420,-0.750361,0.070216
1.223481,-0.745637,0.061101
1.230010,-0.750830,0.052671
1.227302,-0.748676,0.035020
1.227449,-0.748793,0.026266
1.224406,-0.749908,0.122690
1.224194,-0.749739,0.113866
1.224719,-0.750158,0.105124
1.225982,-0.751166,0.096445
1.226423,-0.751519,0.087689
1.229944,-0.754330,0.079150
1.230302,-0.754616,0.070363
1.223592,-0.749258,0.061187
1.223084,-0.748852,0.052413
1.223314,-0.749036,0.043681
1.223503,-0.749187,0.034947
1.224430,-0.749927,0.026230
1.225317,-0.750635,0.017499
1.229166,-0.757269,0.123377
1.227403,-0.755855,0.114344
1.224816,-0.753782,0.105271
1.224521,-0.753545,0.096445
1.223404,-0.752650,0.087566
1.223024,-0.752345,0.078764
1.223380,-0.752630,0.070020
1.222135,-0.751632,0.061187
1.216949,-0.747475,0.052193
1.217178,-0.747659,0.043497
1.220486,-0.750310,0.034898
1.220632,-0.750427,0.026174
1.225156,-0.757612,0.114265
1.221020,-0.754283,0.105050
1.221501,-0.754670,0.096310
1.221941,-0.755024,0.087566
1.222338,-0.755344,0.078819
1.222694,-0.755631,0.070069
1.223008,-0.755883,0.061316
1.219388,-0.752969,0.052377
1.219617,-0.753154,0.043650
1.219805,-0.753305,0.034922
1.227576,-0.763095,0.114663
1.220345,-0.757253,0.105124
1.220826,-0.757641,0.096377
1.223594,-0.759878,0.087811
1.227875,-0.763337,0.079316
1.224349,-0.760488,0.070265
1.224663,-0.760742,0.061488
1.223381,-0.759706,0.052634
1.223611,-0.759892,0.043865
1.223800,-0.760044,0.035094
1.225551,-0.765039,0.096917
1.221341,-0.761624,0.087750
1.221739,-0.761946,0.078984
1.218216,-0.759088,0.069971
1.218528,-0.759341,0.061230
1.217247,-0.758302,0.052413
1.219029,-0.759747,0.043742
1.219216,-0.759899,0.034996
1.222468,-0.762537,0.026322
1.221262,-0.765135,0.105492
1.217875,-0.762376,0.096377
1.218312,-0.762733,0.087627
1.218708,-0.763055,0.078874
1.217514,-0.762083,0.070020
1.217826,-0.762337,0.061273
1.218097,-0.762557,0.052524
1.217551,-0.762113,0.043742
1.217738,-0.762265,0.034996
1.217884,-0.762384,0.026248
1.222862,-0.770030,0.105786
1.220254,-0.767898,0.096715
1.220692,-0.768256,0.087934
1.221089,-0.768581,0.079150
1.221444,-0.768871,0.070363
1.219437,-0.767230,0.061445
1.229765,-0.775675,0.053150
1.229997,-0.775865,0.044294
1.220303,-0.771532,0.096849
1.216884,-0.768725,0.087750
1.217279,-0.769050,0.078984
1.217633,-0.769340,0.070216
1.222579,-0.773400,0.061702
1.225940,-0.776159,0.053039
1.227715,-0.777617,0.044264
1.217263,-0.772630,0.096715
1.217700,-0.772991,0.087934
1.218095,-0.773317,0.079150
1.218449,-0.773609,0.070363
1.224158,-0.778314,0.061874
1.224430,-0.778538,0.053039
1.226975,-0.780635,0.044294
1.223515,-0.781409,0.079647
1.222332,-0.780430,0.070707
1.220336,-0.778779,0.061745
1.219837,-0.778366,0.052892
1.220836,-0.779193,0.044110
1.221024,-0.779348,0.035290
1.223902,-0.785367,0.088670
1.220459,-0.782508,0.079536
1.214668,-0.777696,0.070314
1.217284,-0.779870,0.061659
1.221398,-0.783287,0.053039
1.221627,-0.783478,0.044202
1.222005,-0.787434,0.079757
1.215456,-0.781972,0.070461
1.215768,-0.782232,0.061659
1.219875,-0.785657,0.053039
1.220104,-0.785848,0.044202
1.213584,-0.784036,0.079260
1.213936,-0.784331,0.070461
1.214247,-0.784591,0.061659
1.219113,-0.788666,0.053076
1.220875,-0.790141,0.044294
1.218389,-0.792041,0.070854
1.216407,-0.790374,0.061874
1.216677,-0.790601,0.053039
1.216905,-0.790793,0.044202
1.221271,-0.798511,0.071148
1.221583,-0.798775,0.062260
1.221854,-0.799004,0.053370
