   8.9550900e-01  -7.2683800e-01  -1.5476800e-01
   9.0099200e-01  -7.2628800e-01  -1.5530600e-01
   9.0507300e-01  -7.2746400e-01  -1.5584400e-01
   9.2497000e-01  -7.5265700e-01  -1.5278400e-01
   9.2504900e-01  -7.6646900e-01  -1.5394100e-01
   9.3125400e-01  -7.5273600e-01  -1.6082400e-01
   9.3736300e-01  -7.3243100e-01  -1.6710200e-01
   9.3779500e-01  -7.6331100e-01  -1.5496900e-01
   9.4045600e-01  -7.8016100e-01  -1.5663900e-01
   9.4210600e-01  -7.6113500e-01  -1.6270800e-01
   9.4263400e-01  -7.7907000e-01  -1.5676800e-01
   9.4281800e-01  -7.7577400e-01  -1.6405400e-01
   9.4333300e-01  -7.4547000e-01  -1.6149700e-01
   9.4372700e-01  -7.2260400e-01  -1.6696100e-01
   9.4498100e-01  -7.3380300e-01  -1.6808700e-01
   9.4502000e-01  -7.3055600e-01  -1.6780500e-01
   9.4526700e-01  -7.5092000e-01  -1.6217000e-01
   9.4545800e-01  -7.4435800e-01  -1.6163100e-01
   9.4625500e-01  -7.6223700e-01  -1.6324600e-01
   9.4843700e-01  -7.6115700e-01   0.0000000e+00
   9.4865600e-01  -7.7172500e-01  -1.5676800e-01
   9.4973500e-01  -7.6255700e-01  -1.4787000e-02
   9.4973500e-01  -7.6255700e-01   1.4787000e-02
   9.4975400e-01  -7.6257800e-01  -1.6365000e-01
   9.4978100e-01  -7.6260700e-01  -7.3940000e-03
   9.4978100e-01  -7.6260700e-01   7.3940000e-03
   9.4985100e-01  -7.5924800e-01  -1.4763000e-02
   9.4985100e-01  -7.5924800e-01   1.4763000e-02
   9.4989800e-01  -7.5929800e-01  -7.3810000e-03
   9.4989800e-01  -7.5929800e-01   7.3810000e-03
   9.4995800e-01  -7.5594100e-01   1.4738000e-02
   9.5000500e-01  -7.5599100e-01   7.3690000e-03
   9.5015300e-01  -7.6988200e-01  -1.5676800e-01
   9.5030600e-01  -7.4612100e-01  -1.6230400e-01
   9.5033800e-01  -7.6320700e-01   2.2199000e-02
   9.5045500e-01  -7.5989700e-01   2.2162000e-02
   9.5055000e-01  -7.3300500e-01  -1.6864900e-01
   9.5059400e-01  -7.6004600e-01   0.0000000e+00
   9.5070300e-01  -7.5673800e-01   0.0000000e+00
   9.5088900e-01  -7.6725500e-01   2.2254000e-02
   9.5089200e-01  -7.7068500e-01   7.4310000e-03
   9.5090900e-01  -7.6382400e-01  -2.9621000e-02
   9.5096600e-01  -7.6733800e-01   1.4836000e-02
   9.5101300e-01  -7.6738800e-01  -7.4180000e-03
   9.5101300e-01  -7.6738800e-01   7.4180000e-03
   9.5101700e-01  -7.6394100e-01  -2.2217000e-02
   9.5102800e-01  -7.6740500e-01   0.0000000e+00
   9.5113700e-01  -7.6062900e-01  -2.2180000e-02
   9.5156700e-01  -7.6798900e-01  -2.2272000e-02
   9.5164500e-01  -7.6807300e-01  -1.4849000e-02
   9.5177000e-01  -7.6475200e-01  -1.5651100e-01
   9.5212200e-01  -7.7202200e-01  -2.2327000e-02
   9.5213700e-01  -7.6860600e-01  -2.9719000e-02
   9.5219900e-01  -7.7210600e-01  -1.4885000e-02
   9.5243500e-01  -7.4499300e-01  -1.6243900e-01
   9.5258300e-01  -7.6218300e-01  -1.6391900e-01
   9.5269100e-01  -7.7264000e-01  -2.9793000e-02
   9.5275100e-01  -7.6927000e-01  -5.9519000e-02
   9.5280900e-01  -7.6587300e-01  -3.7117000e-02
   9.5283000e-01  -7.7279200e-01  -1.1203700e-01
   9.5283900e-01  -7.5560300e-01   7.3810000e-03
   9.5287000e-01  -7.6940000e-01  -7.4443000e-02
   9.5292300e-01  -7.7289200e-01  -7.4490000e-03
   9.5293200e-01  -7.6255800e-01  -3.7055000e-02
   9.5293800e-01  -7.7290900e-01   0.0000000e+00
   9.5297500e-01  -7.6951300e-01  -1.5702500e-01
   9.5298300e-01  -7.6952200e-01  -5.2084000e-02
   9.5302400e-01  -7.7300300e-01  -9.7053000e-02
   9.5307200e-01  -7.6270800e-01  -2.9646000e-02
   9.5316500e-01  -7.6971900e-01  -6.7007000e-02
   9.5318400e-01  -7.6974000e-01  -4.4647000e-02
   9.5328000e-01  -7.7328100e-01  -1.0458700e-01
   9.5335500e-01  -7.6992400e-01  -3.7209000e-02
   9.5339900e-01  -7.5620000e-01   2.2162000e-02
   9.5347600e-01  -7.7349400e-01  -1.4983100e-01
   9.5347600e-01  -7.7349400e-01   2.2364000e-02
   9.5347700e-01  -7.5628300e-01   1.4775000e-02
   9.5352300e-01  -7.5633300e-01  -7.3880000e-03
   9.5353900e-01  -7.5634900e-01   0.0000000e+00
   9.5355300e-01  -7.7357800e-01   1.4910000e-02
   9.5355800e-01  -7.5979300e-01  -4.4426000e-02
   9.5371300e-01  -7.7375200e-01  -6.7173000e-02
   9.5372900e-01  -7.5997600e-01  -3.7024000e-02
   9.5386800e-01  -7.6012500e-01  -2.9621000e-02
   9.5392900e-01  -7.6362900e-01  -1.5663900e-01
   9.5397700e-01  -7.6024200e-01  -2.2217000e-02
   9.5405500e-01  -7.6032500e-01  -1.4812000e-02
   9.5408300e-01  -7.7415400e-01  -1.4237400e-01
   9.5408700e-01  -7.7415800e-01  -8.9675000e-02
   9.5409800e-01  -7.6381100e-01  -9.6655000e-02
   9.5411400e-01  -7.2674500e-01  -1.6850900e-01
   9.5418000e-01  -7.5362000e-01   2.2143000e-02
   9.5428600e-01  -7.7093300e-01  -1.4970800e-01
   9.5435700e-01  -7.6754300e-01  -8.9381000e-02
   9.5441100e-01  -7.7451000e-01  -4.4794000e-02
   9.5444400e-01  -7.7454600e-01  -8.2214000e-02
   9.5448700e-01  -7.6422800e-01  -8.9234000e-02
   9.5456800e-01  -7.6431600e-01  -1.4921900e-01
   9.5458200e-01  -7.7469600e-01  -3.7331000e-02
   9.5471500e-01  -7.6792800e-01  -8.1944000e-02
   9.5476700e-01  -7.3073100e-01  -1.6893100e-01
   9.5477000e-01  -7.7490100e-01  -7.4750000e-02
   9.5478400e-01  -7.6110500e-01  -7.4120000e-03
   9.5480400e-01  -7.6457000e-01  -4.4574000e-02
   9.5484400e-01  -7.6461200e-01  -8.1809000e-02
   9.5489500e-01  -7.7159200e-01  -8.9602000e-02
   9.5504100e-01  -7.6828000e-01  -7.4505000e-02
   9.5504400e-01  -7.7519900e-01  -1.1987500e-01
   9.5520400e-01  -7.7537200e-01  -1.2744500e-01
   9.5525300e-01  -7.7198000e-01  -8.2147000e-02
   9.5528800e-01  -7.6164500e-01  -8.9160000e-02
   9.5532900e-01  -7.7550800e-01  -5.9813000e-02
   9.5533600e-01  -7.6859900e-01  -6.7062000e-02
   9.5540300e-01  -7.6176800e-01  -5.1955000e-02
   9.5541000e-01  -7.6177500e-01  -1.5663900e-01
   9.5545100e-01  -7.5838800e-01  -2.2217000e-02
   9.5553000e-01  -7.5847200e-01  -1.5638200e-01
   9.5556200e-01  -7.7576200e-01  -5.2342000e-02
   9.5556800e-01  -7.7232100e-01  -1.4237400e-01
   9.5560100e-01  -7.6888400e-01  -5.9617000e-02
   9.5578100e-01  -7.6907900e-01  -1.4970800e-01
   9.5583400e-01  -7.6913500e-01  -5.2170000e-02
   9.5585200e-01  -7.6224800e-01  -5.9421000e-02
   9.5585300e-01  -7.6569600e-01  -1.4190900e-01
   9.5593000e-01  -7.4529500e-01  -1.6284300e-01
   9.5597300e-01  -7.6237800e-01  -7.4321000e-02
   9.5599600e-01  -7.7973400e-01  -1.5056500e-01
   9.5600200e-01  -7.6931700e-01  -9.7053000e-02
   9.5602600e-01  -7.5900100e-01  -2.9646000e-02
   9.5603600e-01  -7.6935300e-01  -4.4721000e-02
   9.5605000e-01  -7.6246100e-01  -1.4921900e-01
   9.5614500e-01  -7.7294600e-01  -1.3491200e-01
   9.5617100e-01  -7.5915500e-01  -1.4897400e-01
   9.5621300e-01  -7.5920000e-01  -1.4824000e-02
   9.5626900e-01  -7.6269400e-01  -6.6897000e-02
   9.5630000e-01  -7.6617600e-01  -1.2692400e-01
   9.5632100e-01  -7.5589300e-01  -1.5625400e-01
   9.5639000e-01  -7.6973600e-01  -1.4225800e-01
   9.5643100e-01  -7.6631700e-01  -1.3447100e-01
   9.5653100e-01  -7.7336400e-01  -1.1987500e-01
   9.5653600e-01  -7.7336900e-01  -9.7292000e-02
   9.5666000e-01  -7.6311300e-01  -1.4179200e-01
   9.5667800e-01  -7.7004500e-01  -1.1967900e-01
   9.5668000e-01  -7.5969700e-01  -1.3403000e-01
   9.5669100e-01  -7.7353700e-01  -1.2744500e-01
   9.5678100e-01  -7.5980500e-01  -1.4156000e-01
   9.5679100e-01  -7.7364500e-01  -1.0484400e-01
   9.5690600e-01  -7.2630900e-01  -1.6879000e-01
   9.5694300e-01  -7.6341600e-01  -1.1928700e-01
   9.5696300e-01  -7.5657500e-01  -1.4885100e-01
   9.5696700e-01  -7.8784700e-01  -1.5130000e-01
   9.5696800e-01  -7.7035900e-01  -1.3480200e-01
   9.5707300e-01  -7.6700700e-01  -1.0450100e-01
   9.5710700e-01  -7.6359100e-01  -1.2682000e-01
   9.5716100e-01  -7.7056700e-01  -1.1222100e-01
   9.5722700e-01  -7.6028100e-01  -1.2661200e-01
   9.5735100e-01  -7.7770600e-01  -1.3535300e-01
   9.5739000e-01  -7.6389400e-01   2.2309000e-02
   9.5742800e-01  -7.4016800e-01  -1.6257400e-01
   9.5749300e-01  -7.6745800e-01  -1.1958100e-01
   9.5751500e-01  -7.7094900e-01  -1.2734100e-01
   9.5761400e-01  -7.7105500e-01  -1.0475900e-01
   9.5769000e-01  -7.7461900e-01  -1.1249700e-01
   9.5774300e-01  -7.6083100e-01  -1.1918900e-01
   9.5797700e-01  -7.6797800e-01  -1.1212900e-01
   9.5810700e-01  -7.6466200e-01  -1.1194500e-01
   9.5817600e-01  -7.3759400e-01  -1.6243900e-01
   9.5822700e-01  -7.6134700e-01  -1.1176100e-01
   9.5822800e-01  -7.3430800e-01  -1.6217000e-01
   9.5827100e-01  -7.3102500e-01  -1.6190100e-01
   9.5856000e-01  -7.6514700e-01  -1.0450100e-01
   9.5857100e-01  -7.6861600e-01  -7.4689000e-02
   9.5866500e-01  -7.4145700e-01   2.2070000e-02
   9.5872900e-01  -7.4489000e-01  -1.6311200e-01
   9.5898200e-01  -7.6559900e-01  -9.7053000e-02
   9.5899700e-01  -7.2845300e-01  -1.6176600e-01
   9.5907600e-01  -7.5539800e-01   2.2235000e-02
   9.5913400e-01  -7.6231400e-01  -4.4647000e-02
   9.5930600e-01  -7.6249700e-01  -3.7209000e-02
   9.5934000e-01  -7.4887400e-01  -1.5599700e-01
   9.5954800e-01  -7.6966600e-01  -6.7283000e-02
   9.5971900e-01  -7.2258800e-01  -1.6879000e-01
   9.5973300e-01  -7.6640200e-01  -8.2147000e-02
   9.5981400e-01  -7.6995100e-01  -5.9813000e-02
   9.5983100e-01  -7.5619700e-01  -1.5663900e-01
   9.5993200e-01  -7.5289300e-01  -1.5638200e-01
   9.5995300e-01  -7.6663700e-01  -1.3480200e-01
   9.6004800e-01  -7.7020300e-01  -5.2342000e-02
   9.6029800e-01  -7.6355500e-01  -5.2170000e-02
   9.6048000e-01  -7.6374900e-01  -6.7117000e-02
   9.6054100e-01  -7.5353500e-01   2.2235000e-02
   9.6062300e-01  -7.5022100e-01   2.2199000e-02
   9.6072600e-01  -7.6401100e-01  -1.0458700e-01
   9.6074600e-01  -7.6403300e-01  -5.9666000e-02
   9.6137000e-01  -7.4765200e-01   2.2180000e-02
   9.6154100e-01  -7.6488000e-01  -8.9675000e-02
   9.6183100e-01  -7.6518900e-01  -9.7213000e-02
   9.6194300e-01  -7.5501200e-01  -1.4921900e-01
   9.6197300e-01  -7.8625700e-01  -1.4400200e-01
   9.6229300e-01  -7.4186600e-01  -1.5574000e-01
   9.6235400e-01  -7.2234200e-01  -1.6907100e-01
   9.6247000e-01  -7.2869500e-01  -1.6963400e-01
   9.6258500e-01  -7.6599200e-01  -8.2282000e-02
   9.6291400e-01  -7.6634400e-01  -7.4811000e-02
   9.6292800e-01  -7.3916600e-01   2.2106000e-02
   9.6294100e-01  -7.4253800e-01  -1.4836200e-01
   9.6320300e-01  -7.5976400e-01  -1.4970800e-01
   9.6322600e-01  -7.8762400e-01  -1.3656500e-01
   9.6362000e-01  -7.1573600e-01  -1.6864900e-01
   9.6373200e-01  -7.3999600e-01  -1.5574000e-01
   9.6377600e-01  -7.8822400e-01  -1.2900700e-01
   9.6409200e-01  -7.5386200e-01  -1.4934100e-01
   9.6439500e-01  -7.3398900e-01   2.2070000e-02
   9.6459700e-01  -7.2755100e-01  -1.6230400e-01
   9.6478300e-01  -8.0002400e-01  -1.6075100e-01
   9.6497200e-01  -7.4802500e-01  -1.5651100e-01
   9.6507100e-01  -7.4138000e-01  -1.4848400e-01
   9.6526200e-01  -7.3154700e-01  -1.6270800e-01
   9.6562100e-01  -7.4870100e-01  -1.4909600e-01
   9.6565400e-01  -7.4535300e-01   2.2217000e-02
   9.6566500e-01  -7.0801800e-01  -1.6822700e-01
   9.6571400e-01  -7.2112100e-01  -1.6935300e-01
   9.6592900e-01  -6.8590600e-01  -1.6639900e-01
   9.6638900e-01  -7.2643500e-01   2.2014000e-02
   9.6710800e-01  -7.1596500e-01  -1.6907100e-01
   9.6714800e-01  -7.4016300e-01   2.2180000e-02
   9.6724000e-01  -7.4025700e-01  -1.5612500e-01
   9.6733200e-01  -7.3366100e-01  -1.5561100e-01
   9.6763000e-01  -7.5419800e-01  -1.5728200e-01
   9.6765700e-01  -7.9245900e-01  -1.2193300e-01
   9.6776800e-01  -7.9258100e-01  -8.3698000e-02
   9.6789100e-01  -7.4092800e-01  -1.4872900e-01
   9.6810000e-01  -7.9294200e-01  -7.6099000e-02
   9.6828200e-01  -7.5487800e-01  -1.4983100e-01
   9.6849600e-01  -7.1408600e-01  -1.6907100e-01
   9.6853200e-01  -7.9698200e-01  -1.5313600e-01
   9.6867900e-01  -7.3503600e-01  -1.4836200e-01
   9.6922100e-01  -7.2465800e-01  -1.6257400e-01
   9.6931600e-01  -7.3568700e-01   2.2162000e-02
   9.6945000e-01  -7.3248900e-01  -1.5574000e-01
   9.6973400e-01  -7.1532000e-01   2.1941000e-02
   9.6985400e-01  -7.0892700e-01  -1.6879000e-01
   9.6990700e-01  -7.2535000e-01  -1.5522600e-01
   9.7002400e-01  -7.3012000e-01  -1.6311200e-01
   9.7062600e-01  -7.2277500e-01  -1.6257400e-01
   9.7144300e-01  -7.3451700e-01   2.2180000e-02
   9.7144800e-01  -7.9659600e-01  -9.1735000e-02
   9.7182800e-01  -7.0121000e-01  -1.6836800e-01
   9.7196000e-01  -7.2742000e-01  -1.4811700e-01
   9.7202800e-01  -7.2088800e-01  -1.6257400e-01
   9.7213700e-01  -7.4192800e-01  -1.5676800e-01
   9.7244700e-01  -7.9768600e-01  -6.8828000e-02
   9.7259100e-01  -7.2805600e-01   2.2125000e-02
   9.7271300e-01  -7.2487100e-01  -1.5548300e-01
   9.7271600e-01  -7.9798000e-01  -6.1187000e-02
   9.7279300e-01  -7.4260000e-01  -1.4934100e-01
   9.7280000e-01  -7.3293500e-01  -1.5612500e-01
   9.7341300e-01  -7.1571200e-01  -1.6230400e-01
   9.7341800e-01  -7.2228000e-01  -1.5535400e-01
   9.7345700e-01  -7.3360100e-01  -1.4872900e-01
   9.7352900e-01  -7.9886700e-01  -1.1507000e-01
   9.7358200e-01  -7.3669400e-01  -1.4897400e-01
   9.7389700e-01  -7.0001300e-01  -1.6850900e-01
   9.7392600e-01  -7.1295500e-01   2.1978000e-02
   9.7399000e-01  -7.9937000e-01  -1.0741800e-01
   9.7430400e-01  -7.9971300e-01  -5.3630000e-02
   9.7442000e-01  -7.9983900e-01  -9.9762000e-02
   9.7450600e-01  -8.0352700e-01  -1.4644500e-01
   9.7466800e-01  -7.1695800e-01   2.2033000e-02
   9.7470400e-01  -7.2356700e-01   2.2106000e-02
   9.7470400e-01  -7.0725700e-01  -1.6921200e-01
   9.7470800e-01  -7.2687500e-01   2.2143000e-02
   9.7525400e-01  -6.9812100e-01  -1.6850900e-01
   9.7550600e-01  -7.1451700e-01  -1.6243900e-01
   9.7598000e-01  -6.9882500e-01  -1.6122800e-01
   9.7602100e-01  -7.1176400e-01   2.1996000e-02
   9.7618000e-01  -7.2504400e-01  -1.4836200e-01
   9.7635100e-01  -6.8642200e-01  -1.6766500e-01
   9.7644600e-01  -6.8968700e-01  -1.6794600e-01
   9.7687100e-01  -7.1260100e-01  -1.6991500e-01
   9.7721100e-01  -8.0288500e-01  -4.6119000e-02
   9.7733500e-01  -6.9692900e-01  -1.6122800e-01
   9.7763600e-01  -7.2319700e-01  -1.6338100e-01
   9.7795800e-01  -6.9432800e-01  -1.6850900e-01
   9.7806200e-01  -8.0381300e-01  -3.8466000e-02
   9.7820500e-01  -8.0397000e-01  -3.0775000e-02
   9.7821900e-01  -7.0745900e-01  -1.6217000e-01
   9.7827100e-01  -7.3045500e-01  -1.4897400e-01
   9.7830300e-01  -7.1401300e-01  -1.6270800e-01
   9.7831400e-01  -7.1729500e-01  -1.5548300e-01
   9.7832600e-01  -7.2059000e-01  -1.5574000e-01
   9.7833000e-01  -7.2388900e-01  -1.5599700e-01
   9.7889300e-01  -6.7936400e-01  -1.6738300e-01
   9.7898800e-01  -7.2124800e-01  -1.4836200e-01
   9.7899200e-01  -7.2454900e-01  -1.4860700e-01
   9.7899800e-01  -7.1469800e-01  -1.5535400e-01
   9.7911700e-01  -6.8589000e-01  -1.6794600e-01
   9.7959100e-01  -7.0555800e-01  -1.6217000e-01
   9.7967200e-01  -7.1213300e-01  -1.6270800e-01
   9.7999400e-01  -6.9949800e-01   2.1922000e-02
   9.8024000e-01  -7.1269100e-01   2.2070000e-02
   9.8029400e-01  -8.1350100e-01  -1.4772500e-01
   9.8036800e-01  -7.1604700e-01  -1.4811700e-01
   9.8104100e-01  -7.1021900e-01  -1.5522600e-01
   9.8109300e-01  -7.2004300e-01  -1.4848400e-01
   9.8135000e-01  -6.9759300e-01   2.1922000e-02
   9.8170600e-01  -7.1086900e-01  -1.4787200e-01
   9.8188400e-01  -6.8535000e-01  -1.6822700e-01
   9.8238400e-01  -6.8582400e-01   2.1812000e-02
   9.8238600e-01  -6.8900100e-01   2.9130000e-02
   9.8249900e-01  -6.8910800e-01   2.1849000e-02
   9.8305200e-01  -7.1218400e-01   2.2106000e-02
   9.8319900e-01  -7.1559500e-01  -1.5586800e-01
   9.8371600e-01  -7.0957600e-01   2.2088000e-02
   9.8386600e-01  -7.1625000e-01  -1.4848400e-01
   9.8477500e-01  -6.9446800e-01   2.1941000e-02
   9.8509200e-01  -7.0766500e-01   2.2088000e-02
   9.8516200e-01  -7.0449200e-01  -1.5522600e-01
   9.8559000e-01  -6.9204900e-01  -1.6176600e-01
   9.8582500e-01  -7.0190200e-01  -1.6257400e-01
   9.8583100e-01  -7.0513800e-01  -1.4787200e-01
   9.8592800e-01  -7.0847500e-01  -1.5561100e-01
   9.8621300e-01  -6.8945200e-01  -1.6163100e-01
   9.8652800e-01  -7.0257800e-01  -1.5522600e-01
   9.8659700e-01  -7.0912400e-01  -1.4823900e-01
   9.8668700e-01  -6.8358800e-01  -1.6864900e-01
   9.8703300e-01  -6.9983900e-01   2.2033000e-02
   9.8719800e-01  -7.0322300e-01  -1.4787200e-01
   9.8741600e-01  -8.2501200e-01  -1.5717500e-01
   9.8755000e-01  -6.8753600e-01  -1.6163100e-01
   9.8773000e-01  -6.9408500e-01  -1.5471200e-01
   9.8804800e-01  -8.2570900e-01  -1.4935300e-01
   9.8833400e-01  -6.7254100e-01  -1.6794600e-01
   9.8840100e-01  -6.9472400e-01  -1.4738200e-01
   9.8861000e-01  -6.7907500e-01  -1.6850900e-01
   9.8873400e-01  -6.8234700e-01  -1.6879000e-01
   9.8926000e-01  -6.9875200e-01  -1.6270800e-01
   9.8933200e-01  -7.0204400e-01  -1.6297700e-01
   9.8985900e-01  -6.8024100e-01   2.1867000e-02
   9.8992700e-01  -6.7715500e-01  -1.6850900e-01
   9.8996600e-01  -6.9942600e-01  -1.5535400e-01
   9.9041800e-01  -6.9024400e-01  -1.5471200e-01
   9.9047600e-01  -8.1736000e-01  -2.3413000e-02
   9.9063900e-01  -7.0006900e-01  -1.4799500e-01
   9.9072600e-01  -6.8421300e-01   2.1922000e-02
   9.9094400e-01  -7.1661500e-01  -1.5676800e-01
   9.9109300e-01  -6.7196300e-01  -1.6822700e-01
   9.9161700e-01  -7.1727100e-01  -1.4934100e-01
   9.9166700e-01  -6.6936700e-01  -1.6808700e-01
   9.9171100e-01  -6.9146500e-01   2.2014000e-02
   9.9175500e-01  -6.8835400e-01  -1.6217000e-01
   9.9218500e-01  -7.0477900e-01  -1.5599700e-01
   9.9223400e-01  -6.6677200e-01  -1.6794600e-01
   9.9230900e-01  -6.8887500e-01   2.1996000e-02
   9.9286000e-01  -7.0542600e-01  -1.4860700e-01
   9.9325700e-01  -6.9292400e-01  -1.4775000e-01
   9.9339400e-01  -6.9625900e-01  -1.5548300e-01
   9.9369600e-01  -6.8382200e-01  -1.6203500e-01
   9.9381300e-01  -6.8710500e-01  -1.6230400e-01
   9.9407000e-01  -6.9690000e-01  -1.4811700e-01
   9.9429600e-01  -6.8121700e-01  -1.6190100e-01
   9.9469400e-01  -6.7843000e-01   2.1922000e-02
   9.9513200e-01  -6.8516100e-01  -1.5484000e-01
   9.9535300e-01  -6.9173800e-01  -1.5535400e-01
   9.9557200e-01  -6.8240200e-01   2.1978000e-02
   9.9561700e-01  -6.7928500e-01  -1.6190100e-01
   9.9581000e-01  -6.8579400e-01  -1.4750500e-01
   9.9596200e-01  -8.2334500e-01  -1.5708000e-02
   9.9645000e-01  -8.3871800e-01  -1.5913400e-01
   9.9646000e-01  -6.8322800e-01  -1.5484000e-01
   9.9678800e-01  -6.7407200e-01  -1.6163100e-01
   9.9705700e-01  -6.8061800e-01  -1.5471200e-01
   9.9714000e-01  -6.8385900e-01  -1.4750500e-01
   9.9732100e-01  -6.7456200e-01   2.1922000e-02
   9.9741800e-01  -6.9048200e-01  -1.5548300e-01
   9.9747700e-01  -6.9373600e-01  -1.4823900e-01
   9.9771700e-01  -6.6866400e-01   2.1867000e-02
   9.9809800e-01  -6.9111900e-01  -1.4811700e-01
   9.9839100e-01  -6.7869400e-01  -1.6217000e-01
   9.9910600e-01  -6.7935300e-01  -1.5484000e-01
   9.9919400e-01  -6.8259600e-01  -1.4762700e-01
   9.9919900e-01  -6.6692900e-01  -1.6879000e-01
   9.9938100e-01  -6.7018000e-01  -1.6907100e-01
   9.9978800e-01  -6.7998200e-01  -1.4750500e-01
   1.0004230e+00  -6.7741200e-01  -1.5484000e-01
   1.0008380e+00  -6.6219300e-01   2.1849000e-02
   1.0008630e+00  -6.7153200e-01  -1.6190100e-01
   1.0011060e+00  -6.7804000e-01  -1.4750500e-01
   1.0012270e+00  -6.6565200e-01  -1.6893100e-01
   1.0015800e+00  -6.7218600e-01  -1.5458300e-01
   1.0019000e+00  -8.3353600e-01  -1.4317900e-01
   1.0019590e+00  -6.6943600e-01   2.1941000e-02
   1.0022650e+00  -6.7281000e-01  -1.4726000e-01
   1.0026240e+00  -6.8259800e-01   2.2088000e-02
   1.0027140e+00  -6.6699700e-01  -1.6176600e-01
   1.0028660e+00  -6.6091600e-01   2.1867000e-02
   1.0030550e+00  -6.7667500e-01   2.2033000e-02
   1.0034330e+00  -6.6764800e-01  -1.5445500e-01
   1.0036110e+00  -6.5848900e-01  -1.6864900e-01
   1.0048880e+00  -6.5653900e-01  -1.6864900e-01
   1.0052780e+00  -6.6308100e-01  -1.6921200e-01
   1.0055920e+00  -6.6960000e-01  -1.4738200e-01
   1.0056380e+00  -6.6030100e-01   2.1904000e-02
   1.0059460e+00  -6.5132000e-01  -1.6836800e-01
   1.0060340e+00  -6.6376000e-01  -1.6190100e-01
   1.0062230e+00  -6.7017200e-01   2.2014000e-02
   1.0067560e+00  -6.6440800e-01  -1.5458300e-01
   1.0069300e+00  -6.6768300e-01  -1.6977400e-01
   1.0072850e+00  -6.7427200e-01  -1.6284300e-01
   1.0073210e+00  -6.6180500e-01  -1.6190100e-01
   1.0074460e+00  -6.6502700e-01  -1.4726000e-01
   1.0076880e+00  -6.6836500e-01  -1.6243900e-01
   1.0080080e+00  -6.7492800e-01  -1.5548300e-01
   1.0086980e+00  -6.7555500e-01  -1.4811700e-01
   1.0089420e+00  -6.5705400e-01   2.1922000e-02
   1.0091230e+00  -6.5721400e-01  -1.6921200e-01
   1.0092350e+00  -6.5114900e-01   2.1867000e-02
   1.0097910e+00  -6.8283900e-01  -1.6378500e-01
   1.0098850e+00  -6.7034500e-01  -1.5535400e-01
   1.0102160e+00  -6.5509400e-01   2.1922000e-02
   1.0105160e+00  -6.8350300e-01  -1.5638200e-01
   1.0105760e+00  -6.7096800e-01  -1.4799500e-01
   1.0106510e+00  -6.6167100e-01   2.1996000e-02
   1.0109880e+00  -6.4658900e-01   2.1849000e-02
   1.0110020e+00  -6.6509600e-01  -1.5509700e-01
   1.0112000e+00  -6.4677400e-01  -1.6864900e-01
   1.0112070e+00  -6.8413500e-01  -1.4897400e-01
   1.0114450e+00  -6.5002000e-01  -1.6893100e-01
   1.0115640e+00  -6.6248400e-01  -1.6243900e-01
   1.0116950e+00  -6.6571600e-01  -1.4775000e-01
   1.0122910e+00  -6.6313200e-01  -1.5509700e-01
   1.0128480e+00  -6.6051900e-01  -1.6243900e-01
   1.0129850e+00  -6.6375000e-01  -1.4775000e-01
   1.0131540e+00  -6.5459900e-01  -1.6949300e-01
   1.0135770e+00  -6.6116500e-01  -1.5509700e-01
   1.0139180e+00  -6.5527100e-01  -1.6217000e-01
   1.0141470e+00  -6.3109500e-01  -1.6780500e-01
   1.0142020e+00  -6.4939600e-01  -1.6176600e-01
   1.0142720e+00  -6.6178200e-01  -1.4775000e-01
   1.0148710e+00  -6.5920700e-01  -1.6257400e-01
   1.0149320e+00  -6.5003400e-01  -1.5445500e-01
   1.0149500e+00  -6.4087300e-01  -1.6864900e-01
   1.0151880e+00  -6.5330100e-01  -1.6217000e-01
   1.0152010e+00  -6.4413900e-01  -1.6893100e-01
   1.0153440e+00  -6.5652700e-01  -1.4750500e-01
   1.0154420e+00  -6.4740900e-01  -1.6921200e-01
   1.0156020e+00  -6.5985300e-01  -1.5522600e-01
   1.0156290e+00  -6.5064200e-01  -1.4713800e-01
   1.0159200e+00  -6.5394200e-01  -1.5484000e-01
   1.0159670e+00  -6.4480300e-01  -1.6163100e-01
   1.0161930e+00  -6.3890100e-01  -1.6864900e-01
   1.0162080e+00  -6.4807500e-01  -1.6190100e-01
   1.0165120e+00  -6.5446100e-01   2.2014000e-02
   1.0166170e+00  -6.5455400e-01  -1.4750500e-01
   1.0166790e+00  -6.3628300e-01  -1.6850900e-01
   1.0167430e+00  -6.2128900e-01  -1.6738300e-01
   1.0168810e+00  -6.5787900e-01  -1.5522600e-01
   1.0171750e+00  -6.3367800e-01  -1.6095900e-01
   1.0173980e+00  -6.4604400e-01  -1.4701500e-01
   1.0176090e+00  -5.7533300e-01  -1.7138100e-01
   1.0176400e+00  -6.4932100e-01  -1.4726000e-01
   1.0180460e+00  -6.1348200e-01  -1.6696100e-01
   1.0181990e+00  -6.4673700e-01  -1.5458300e-01
   1.0188170e+00  -5.7915000e-01  -1.7182100e-01
   1.0189230e+00  -5.6699500e-01  -1.7094100e-01
   1.0191860e+00  -6.5066500e-01  -1.5496900e-01
   1.0198950e+00  -6.1799200e-01  -1.6752400e-01
   1.0200180e+00  -6.6375400e-01  -1.4848400e-01
   1.0217180e+00  -6.4671400e-01  -1.6243900e-01
   1.0222200e+00  -6.4408300e-01  -1.6230400e-01
   1.0223480e+00  -6.2900600e-01  -1.6864900e-01
   1.0224360e+00  -6.3816600e-01  -1.5445500e-01
   1.0226360e+00  -6.3226900e-01  -1.6893100e-01
   1.0229150e+00  -6.3553500e-01  -1.6921200e-01
   1.0229580e+00  -6.4471800e-01  -1.5496900e-01
   1.0230130e+00  -8.6048200e-01  -1.4692600e-01
   1.0231400e+00  -6.3876600e-01  -1.4713800e-01
   1.0234100e+00  -6.3292400e-01  -1.6163100e-01
   1.0236620e+00  -6.4532300e-01  -1.4762700e-01
   1.0236890e+00  -6.3619300e-01  -1.6190100e-01
   1.0238140e+00  -6.1528900e-01  -1.6780500e-01
   1.0244290e+00  -6.3682200e-01  -1.5458300e-01
   1.0244750e+00  -6.2180700e-01  -1.6095900e-01
   1.0245670e+00  -6.3087700e-01  -1.4677000e-01
   1.0247080e+00  -6.4929400e-01  -1.5548300e-01
   1.0253950e+00  -6.3157400e-01  -1.6176600e-01
   1.0254130e+00  -6.4990300e-01  -1.4811700e-01
   1.0255420e+00  -6.2566600e-01  -1.6879000e-01
   1.0257270e+00  -6.4403100e-01  -1.6270800e-01
   1.0259780e+00  -6.2306000e-01  -1.5381200e-01
   1.0261360e+00  -6.3219900e-01  -1.5445500e-01
   1.0261950e+00  -6.1130800e-01  -1.6780500e-01
   1.0264680e+00  -6.4466500e-01  -1.5535400e-01
   1.0266480e+00  -6.3870600e-01  -1.4750500e-01
   1.0268810e+00  -6.1782400e-01  -1.6095900e-01
   1.0273780e+00  -6.3021900e-01  -1.6190100e-01
   1.0274310e+00  -6.0345000e-01  -1.6738300e-01
   1.0277400e+00  -6.1257500e-01  -1.6068900e-01
   1.0279350e+00  -6.3675300e-01  -1.5496900e-01
   1.0281210e+00  -6.3084300e-01  -1.5458300e-01
   1.0282110e+00  -6.2492000e-01  -1.4677000e-01
   1.0282120e+00  -6.0408300e-01  -1.6015100e-01
   1.0291540e+00  -6.1970300e-01  -1.5394100e-01
   1.0293600e+00  -6.2885900e-01  -1.6203500e-01
   1.0295930e+00  -6.1707500e-01  -1.6864900e-01
   1.0300970e+00  -6.0856800e-01  -1.6808700e-01
   1.0301050e+00  -6.2948200e-01  -1.5471200e-01
   1.0301430e+00  -5.9685900e-01  -1.6724300e-01
   1.0303740e+00  -6.1771900e-01  -1.6136200e-01
   1.0304470e+00  -6.1182000e-01  -1.6836800e-01
   1.0304990e+00  -6.0593600e-01  -1.5317000e-01
   1.0323200e+00  -6.1633000e-01  -1.5406900e-01
   1.0324530e+00  -6.0456300e-01  -1.6808700e-01
   1.0324740e+00  -5.9872500e-01  -1.6028600e-01
   1.0326520e+00  -6.1959400e-01  -1.5432600e-01
   1.0327650e+00  -6.1371300e-01  -1.6136200e-01
   1.0333050e+00  -6.2614500e-01  -1.6230400e-01
   1.0336120e+00  -6.0258000e-01  -1.6808700e-01
   1.0339740e+00  -5.7009100e-01  -1.7314200e-01
   1.0340550e+00  -6.2676600e-01  -1.5496900e-01
   1.0340980e+00  -5.7592000e-01  -1.7358200e-01
   1.0344310e+00  -5.7330600e-01  -1.7343500e-01
   1.0347240e+00  -6.1233200e-01  -1.6149700e-01
   1.0354750e+00  -6.1294300e-01  -1.5419800e-01
   1.0355540e+00  -5.9531700e-01  -1.6780500e-01
   1.0359430e+00  -6.0445400e-01  -1.6109300e-01
   1.0360030e+00  -5.6025400e-01  -1.7270200e-01
   1.0361800e+00  -5.6607200e-01  -1.7314200e-01
   1.0365870e+00  -6.1683400e-01  -1.5458300e-01
   1.0366960e+00  -6.0505900e-01  -1.5381200e-01
   1.0370940e+00  -6.0830900e-01  -1.6149700e-01
   1.0371190e+00  -5.9656000e-01  -1.6068900e-01
   1.0372650e+00  -5.6408100e-01  -1.7314200e-01
   1.0374350e+00  -5.6988600e-01  -1.7358200e-01
   1.0386190e+00  -6.0954000e-01  -1.5432600e-01
   1.0386350e+00  -5.9190400e-01  -1.6794600e-01
   1.0386430e+00  -6.0366500e-01  -1.5394100e-01
   1.0389500e+00  -5.5684300e-01  -1.7284800e-01
   1.0390400e+00  -6.0103100e-01  -1.6864900e-01
   1.0392530e+00  -4.7013500e-01  -1.6712600e-01
   1.0394270e+00  -5.9252800e-01  -1.6068900e-01
   1.0398130e+00  -5.9576300e-01  -1.6836800e-01
   1.0401840e+00  -5.9312500e-01  -1.5342700e-01
   1.0402030e+00  -5.9901000e-01  -1.5381200e-01
   1.0404330e+00  -5.9072500e-01  -1.6808700e-01
   1.0406060e+00  -6.0228000e-01  -1.6149700e-01
   1.0406060e+00  -5.9639000e-01  -1.6109300e-01
   1.0406220e+00  -5.7232500e-01  -1.6682100e-01
   1.0412260e+00  -5.9134800e-01  -1.6082400e-01
   1.0413630e+00  -6.0288400e-01  -1.5419800e-01
   1.0413640e+00  -5.9698900e-01  -1.5381200e-01
   1.0416160e+00  -5.8464500e-01  -1.6780500e-01
   1.0419850e+00  -5.9194400e-01  -1.5355500e-01
   1.0430950e+00  -5.7999100e-01  -1.6766500e-01
   1.0434340e+00  -5.7736100e-01  -1.6752400e-01
   1.0437780e+00  -5.7474100e-01  -1.6001600e-01
   1.0442010e+00  -5.6359700e-01  -1.7402200e-01
   1.0443810e+00  -5.8971300e-01  -1.6850900e-01
   1.0445400e+00  -5.7532400e-01  -1.5278400e-01
   1.0463220e+00  -5.8830500e-01  -1.6122800e-01
   1.0467400e+00  -5.9155600e-01  -1.6149700e-01
   1.0469450e+00  -5.5431500e-01  -1.7372900e-01
   1.0470300e+00  -5.8302700e-01  -1.6095900e-01
   1.0470860e+00  -5.8889900e-01  -1.5394100e-01
   1.0472230e+00  -5.5169400e-01  -1.7358200e-01
   1.0474460e+00  -5.8625900e-01  -1.6864900e-01
   1.0475030e+00  -5.9215200e-01  -1.5419800e-01
   1.0480300e+00  -5.7510500e-01  -1.6794600e-01
   1.0481600e+00  -5.8099300e-01  -1.6095900e-01
   1.0490290e+00  -5.8748600e-01  -1.6149700e-01
   1.0494120e+00  -8.8558500e-01  -1.4254300e-01
   1.0497120e+00  -5.8218500e-01  -1.5381200e-01
   1.0497950e+00  -5.8807900e-01  -1.5419800e-01
   1.0499210e+00  -5.7369100e-01  -1.6808700e-01
   1.0503310e+00  -5.6252100e-01  -1.7475600e-01
   1.0505720e+00  -5.6839500e-01  -1.6780500e-01
   1.0506280e+00  -5.5989000e-01  -1.7460900e-01
   1.0509350e+00  -5.8604000e-01  -1.5419800e-01
   1.0516610e+00  -5.6637700e-01  -1.6780500e-01
   1.0518350e+00  -5.7222600e-01  -1.6822700e-01
   1.0521680e+00  -5.6959700e-01  -1.6068900e-01
   1.0523030e+00  -5.7550000e-01  -1.6109300e-01
   1.0526410e+00  -5.7283500e-01  -1.6095900e-01
   1.0530730e+00  -5.7608400e-01  -1.5381200e-01
   1.0533520e+00  -5.5906300e-01  -1.6752400e-01
   1.0534110e+00  -5.7341700e-01  -1.5368400e-01
   1.0535600e+00  -5.7932100e-01  -1.6149700e-01
   1.0540520e+00  -5.6817100e-01  -1.6082400e-01
   1.0541470e+00  -5.5112900e-01  -1.7446300e-01
   1.0543310e+00  -5.7990800e-01  -1.5419800e-01
   1.0546470e+00  -5.6288000e-01  -1.6794600e-01
   1.0554660e+00  -5.5493200e-01  -1.7490300e-01
   1.0568990e+00  -5.7316000e-01  -1.5406900e-01
   1.0570670e+00  -5.4763500e-01  -1.7460900e-01
   1.0575180e+00  -5.6789000e-01  -1.6864900e-01
   1.0578410e+00  -5.6525700e-01  -1.6109300e-01
   1.0579970e+00  -5.7113000e-01  -1.5406900e-01
   1.0581880e+00  -5.5408700e-01  -1.6780500e-01
   1.0583290e+00  -5.6849600e-01  -1.6136200e-01
   1.0585950e+00  -4.7486100e-01  -1.6288200e-01
   1.0586160e+00  -5.6583300e-01  -1.5381200e-01
   1.0589360e+00  -5.6320200e-01  -1.6109300e-01
   1.0592110e+00  -5.5199500e-01  -1.7519600e-01
   1.0592280e+00  -4.8059500e-01  -1.6330400e-01
   1.0598990e+00  -5.6966800e-01  -1.5419800e-01
   1.0599890e+00  -5.4410400e-01  -1.7475600e-01
   1.0603010e+00  -5.5848600e-01  -1.6836800e-01
   1.0605090e+00  -5.6436700e-01  -1.5394100e-01
   1.0607220e+00  -5.3620000e-01  -1.7431600e-01
   1.0608620e+00  -5.5319800e-01  -1.6808700e-01
   1.0611150e+00  -5.5908500e-01  -1.6109300e-01
   1.0613350e+00  -5.4790000e-01  -1.7519600e-01
   1.0618940e+00  -5.5965700e-01  -1.5381200e-01
   1.0624010e+00  -5.6289600e-01  -1.6893100e-01
   1.0627230e+00  -5.5174200e-01  -1.6822700e-01
   1.0628990e+00  -5.4055900e-01  -1.7490300e-01
   1.0632170e+00  -5.6349800e-01  -1.6163100e-01
   1.0634550e+00  -5.4377500e-01  -1.7519600e-01
   1.0639970e+00  -5.6407400e-01  -1.5432600e-01
   1.0648800e+00  -5.5612800e-01  -1.6136200e-01
   1.0651440e+00  -5.5350000e-01  -1.6122800e-01
   1.0653300e+00  -4.7656300e-01  -1.5665200e-01
   1.0653970e+00  -5.5083800e-01  -1.6850900e-01
   1.0657890e+00  -5.6252000e-01   1.4628000e-02
   1.0659190e+00  -5.4554200e-01  -1.6822700e-01
   1.0659260e+00  -5.5406800e-01  -1.5394100e-01
   1.0663030e+00  -5.6577600e-01   1.4652000e-02
   1.0664640e+00  -5.4876800e-01  -1.6850900e-01
   1.0666780e+00  -5.2646600e-01  -1.7446300e-01
   1.0667400e+00  -5.4613100e-01  -1.6095900e-01
   1.0674110e+00  -5.3814300e-01  -1.7534300e-01
   1.0676130e+00  -5.6963200e-01   1.4689000e-02
   1.0677960e+00  -5.6112100e-01  -1.6203500e-01
   1.0685800e+00  -5.6169500e-01  -1.5471200e-01
   1.0686840e+00  -5.3342500e-01  -1.7519600e-01
   1.0688670e+00  -5.5903500e-01  -1.5458300e-01
   1.0692620e+00  -5.3663900e-01  -1.7549000e-01
   1.0700750e+00  -4.8500100e-01  -1.7226200e-01
   1.0701990e+00  -5.4577400e-01  -1.6879000e-01
   1.0702310e+00  -5.5433400e-01  -1.6190100e-01
   1.0703760e+00  -5.5158600e-01   1.4615000e-02
   1.0706320e+00  -5.4892300e-01   1.4603000e-02
   1.0710180e+00  -5.5490300e-01  -1.5458300e-01
   1.0711650e+00  -5.3516800e-01  -1.6822700e-01
   1.0712560e+00  -5.4369500e-01  -1.6879000e-01
   1.0717340e+00  -5.5542100e-01   1.4652000e-02
   1.0718290e+00  -5.4693900e-01  -1.6163100e-01
   1.0720820e+00  -5.4428200e-01  -1.6149700e-01
   1.0721480e+00  -5.3305000e-01  -1.7563600e-01
   1.0723590e+00  -5.5016200e-01  -1.5445500e-01
   1.0725510e+00  -5.3896000e-01  -1.6864900e-01
   1.0728710e+00  -5.4484400e-01  -1.5419800e-01
   1.0729140e+00  -5.5341300e-01  -1.6217000e-01
   1.0731180e+00  -5.4218600e-01  -1.6893100e-01
   1.0733230e+00  -5.4800600e-01   1.4628000e-02
   1.0733780e+00  -5.3954400e-01  -1.6136200e-01
   1.0737030e+00  -5.5398200e-01  -1.5484000e-01
   1.0739450e+00  -5.4277200e-01  -1.6163100e-01
   1.0741690e+00  -5.4010100e-01  -1.5406900e-01
   1.0746360e+00  -5.3479100e-01  -1.6864900e-01
   1.0747360e+00  -5.4333300e-01  -1.5432600e-01
   1.0754650e+00  -5.3537100e-01  -1.6136200e-01
   1.0758460e+00  -5.4980800e-01  -1.5484000e-01
   1.0759190e+00  -4.8880900e-01  -1.6597700e-01
   1.0760150e+00  -5.4708000e-01   1.4652000e-02
   1.0763420e+00  -5.3320200e-01   1.4579000e-02
   1.0764460e+00  -5.2208100e-01  -1.7549000e-01
   1.0766370e+00  -5.3059800e-01  -1.7607700e-01
   1.0775470e+00  -5.3965300e-01   1.4628000e-02
   1.0778740e+00  -5.2585200e-01  -1.7593000e-01
   1.0781320e+00  -5.2323700e-01  -1.6836800e-01
   1.0784770e+00  -5.4030700e-01  -1.6203500e-01
   1.0784790e+00  -5.2906900e-01  -1.7622300e-01
   1.0786490e+00  -5.1524700e-01  -1.7534300e-01
   1.0789090e+00  -5.3499100e-01  -1.6921200e-01
   1.0790910e+00  -5.2110500e-01  -1.7578300e-01
   1.0791330e+00  -5.3233000e-01  -1.6907100e-01
   1.0792720e+00  -5.4086600e-01  -1.5471200e-01
   1.0793500e+00  -5.2967100e-01  -1.6893100e-01
   1.0794120e+00  -5.3813400e-01   1.4640000e-02
   1.0795230e+00  -5.4672400e-01   1.4689000e-02
   1.0797650e+00  -5.4405100e-01   1.4677000e-02
   1.0800490e+00  -5.3015500e-01   1.4603000e-02
   1.0801950e+00  -4.8888000e-01  -1.5920900e-01
   1.0803200e+00  -5.3876900e-01  -1.5471200e-01
   1.0803760e+00  -5.2757400e-01  -1.6893100e-01
   1.0806310e+00  -4.9733500e-01  -1.6710200e-01
   1.0809190e+00  -5.1956500e-01  -1.7593000e-01
   1.0813680e+00  -5.3670500e-01  -1.6217000e-01
   1.0814820e+00  -5.3396100e-01   1.4640000e-02
   1.0820910e+00  -5.0103500e-01  -1.7490300e-01
   1.0821660e+00  -5.3726100e-01  -1.5484000e-01
   1.0822850e+00  -5.1215700e-01  -1.7563600e-01
   1.0824090e+00  -5.3460400e-01  -1.6217000e-01
   1.0826290e+00  -5.3193800e-01  -1.6203500e-01
   1.0830520e+00  -5.2660900e-01  -1.6176600e-01
   1.0832070e+00  -5.3515900e-01  -1.5484000e-01
   1.0834290e+00  -5.3249100e-01  -1.5471200e-01
   1.0836600e+00  -5.2983500e-01  -1.6203500e-01
   1.0837490e+00  -5.1591600e-01  -1.7607700e-01
   1.0837740e+00  -4.9393000e-01  -2.8910000e-02
   1.0839040e+00  -4.9401400e-01  -2.1683000e-02
   1.0842500e+00  -5.2182900e-01  -1.6907100e-01
   1.0844410e+00  -5.1916800e-01  -1.6893100e-01
   1.0848700e+00  -5.2505000e-01  -1.6935300e-01
   1.0854880e+00  -5.2827900e-01  -1.5471200e-01
   1.0856340e+00  -5.1718700e-01  -8.0393000e-02
   1.0857100e+00  -5.2562300e-01  -1.6203500e-01
   1.0857500e+00  -4.9795600e-01  -1.6042000e-01
   1.0858000e+00  -5.2008700e-01  -1.3204600e-01
   1.0860190e+00  -5.3145800e-01   1.4677000e-02
   1.0860250e+00  -5.1745100e-01  -7.3094000e-02
   1.0863780e+00  -5.1768900e-01  -6.5793000e-02
   1.0863810e+00  -5.1490700e-01  -7.2960000e-03
   1.0863990e+00  -5.1491900e-01   0.0000000e+00
   1.0865120e+00  -5.2617100e-01  -1.5471200e-01
   1.0866940e+00  -5.1790200e-01  -5.8489000e-02
   1.0867250e+00  -5.0961800e-01  -1.7607700e-01
   1.0872110e+00  -5.1546400e-01   7.3020000e-03
   1.0872710e+00  -5.1550400e-01  -1.6907100e-01
   1.0877120e+00  -5.0750700e-01  -1.7607700e-01
   1.0877280e+00  -5.3263500e-01  -1.5522600e-01
   1.0878730e+00  -5.2991400e-01   1.4689000e-02
   1.0886850e+00  -5.1645400e-01  -7.3217000e-02
   1.0888000e+00  -5.1377700e-01  -1.3204600e-01
   1.0890230e+00  -4.9735100e-01  -1.4530000e-02
   1.0890230e+00  -4.9735100e-01   1.4530000e-02
   1.0890790e+00  -4.9738700e-01  -7.2650000e-03
   1.0890790e+00  -4.9738700e-01   7.2650000e-03
   1.0890980e+00  -4.9740000e-01   0.0000000e+00
   1.0893420e+00  -5.1968600e-01  -8.8057000e-02
   1.0893840e+00  -5.2251400e-01  -1.6230400e-01
   1.0894550e+00  -5.1421500e-01  -1.2473800e-01
   1.0897260e+00  -5.2836500e-01   1.4701000e-02
   1.0900720e+00  -5.1462800e-01  -1.1742500e-01
   1.0901900e+00  -5.2305900e-01  -1.5496900e-01
   1.0903270e+00  -5.2035100e-01  -1.4738200e-01
   1.0903730e+00  -5.2038200e-01  -1.6977400e-01
   1.0904760e+00  -5.1765600e-01  -1.4652000e-02
   1.0904760e+00  -5.1765600e-01   1.4652000e-02
   1.0905430e+00  -5.1494300e-01  -2.1959000e-02
   1.0905820e+00  -5.1772700e-01  -1.6217000e-01
   1.0906520e+00  -5.1501600e-01  -1.1010700e-01
   1.0906670e+00  -5.1502600e-01  -1.7695700e-01
   1.0906930e+00  -5.1504300e-01   7.3200000e-03
   1.0907110e+00  -5.1505500e-01   0.0000000e+00
   1.0908700e+00  -5.1516200e-01  -4.3948000e-02
   1.0909580e+00  -5.2358000e-01  -1.4762700e-01
   1.0910580e+00  -5.2084400e-01  -1.4004800e-01
   1.0911950e+00  -5.1537900e-01  -1.0278500e-01
   1.0912180e+00  -5.2095100e-01  -1.6243900e-01
   1.0913890e+00  -5.1826900e-01  -1.5484000e-01
   1.0914060e+00  -5.0441700e-01  -1.6149700e-01
   1.0914580e+00  -5.1555400e-01  -5.1311000e-02
   1.0916760e+00  -5.2126000e-01  -1.0304300e-01
   1.0917180e+00  -5.0186200e-01  -8.0326000e-02
   1.0917260e+00  -5.1294800e-01  -1.6949300e-01
   1.0917520e+00  -5.2131200e-01  -1.3270800e-01
   1.0918950e+00  -5.1028000e-01  -1.6935300e-01
   1.0919060e+00  -5.1585400e-01  -3.6656000e-02
   1.0919560e+00  -5.2144900e-01   1.4689000e-02
   1.0919800e+00  -4.9927800e-01  -3.6442000e-02
   1.0920260e+00  -5.2149600e-01  -1.5509700e-01
   1.0920290e+00  -5.1036900e-01  -4.3911000e-02
   1.0920750e+00  -5.1596700e-01  -2.9327000e-02
   1.0921810e+00  -5.2160100e-01  -9.5699000e-02
   1.0921840e+00  -5.0769700e-01  -4.3874000e-02
   1.0922350e+00  -5.1050600e-01  -3.6595000e-02
   1.0922590e+00  -5.0774700e-01  -8.0528000e-02
   1.0922800e+00  -4.9947400e-01   2.1867000e-02
   1.0922990e+00  -5.1611700e-01  -1.4664000e-02
   1.0923240e+00  -5.0502100e-01  -6.5793000e-02
   1.0923550e+00  -5.1615500e-01  -7.3320000e-03
   1.0923900e+00  -5.0783300e-01  -3.6564000e-02
   1.0924040e+00  -5.2737200e-01   1.4726000e-02
   1.0924040e+00  -5.1061700e-01  -2.9278000e-02
   1.0924090e+00  -5.2175400e-01  -1.2536200e-01
   1.0924650e+00  -5.2741300e-01  -1.6297700e-01
   1.0925020e+00  -5.1346500e-01  -1.4726000e-01
   1.0925200e+00  -5.1626400e-01  -6.6069000e-02
   1.0925350e+00  -5.1070400e-01  -2.1959000e-02
   1.0925570e+00  -5.1350100e-01  -1.5471200e-01
   1.0925590e+00  -5.0794500e-01  -2.9253000e-02
   1.0925730e+00  -5.1351200e-01  -1.6217000e-01
   1.0926190e+00  -5.1076000e-01  -5.1268000e-02
   1.0926280e+00  -5.1076600e-01  -1.4640000e-02
   1.0926430e+00  -5.0523100e-01  -5.8489000e-02
   1.0926520e+00  -5.0800600e-01  -7.3217000e-02
   1.0926840e+00  -5.1080400e-01  -7.3200000e-03
   1.0926900e+00  -5.0803100e-01  -2.1941000e-02
   1.0927030e+00  -5.1081600e-01   0.0000000e+00
   1.0927420e+00  -5.1084200e-01  -1.6203500e-01
   1.0928330e+00  -5.1923800e-01  -8.8277000e-02
   1.0928380e+00  -5.1647700e-01  -5.8734000e-02
   1.0928730e+00  -5.1926500e-01  -2.2033000e-02
   1.0929240e+00  -5.0541600e-01  -5.1182000e-02
   1.0929550e+00  -5.0267200e-01  -8.7763000e-02
   1.0930280e+00  -5.2217100e-01  -1.1801300e-01
   1.0930620e+00  -5.1662700e-01  -1.4004800e-01
   1.0931310e+00  -5.0278700e-01   7.3020000e-03
   1.0931500e+00  -5.0279900e-01   0.0000000e+00
   1.0931680e+00  -5.0557600e-01  -4.3874000e-02
   1.0931700e+00  -5.1112600e-01  -5.8636000e-02
   1.0931970e+00  -5.1671700e-01  -1.6991500e-01
   1.0932640e+00  -5.1952700e-01  -8.0933000e-02
   1.0932730e+00  -5.2796300e-01  -1.5561100e-01
   1.0932990e+00  -5.1399500e-01  -1.4664000e-02
   1.0932990e+00  -5.1399500e-01   1.4664000e-02
   1.0933270e+00  -5.0845200e-01  -5.8587000e-02
   1.0933550e+00  -5.1403300e-01  -7.3320000e-03
   1.0933550e+00  -5.1403300e-01   7.3320000e-03
   1.0933580e+00  -5.1682500e-01  -9.5619000e-02
   1.0933740e+00  -5.1404500e-01   0.0000000e+00
   1.0933740e+00  -5.0571100e-01  -3.6564000e-02
   1.0934260e+00  -5.2525000e-01   1.4726000e-02
   1.0935180e+00  -5.1135600e-01   7.3260000e-03
   1.0935520e+00  -5.1137900e-01  -1.5471200e-01
   1.0936080e+00  -5.0863800e-01  -5.1268000e-02
   1.0936100e+00  -5.2256400e-01  -1.1065800e-01
   1.0936180e+00  -5.0864400e-01  -1.4640000e-02
   1.0936370e+00  -5.0588400e-01  -7.3217000e-02
   1.0936440e+00  -5.0588900e-01  -8.7910000e-02
   1.0936740e+00  -5.0868100e-01  -7.3200000e-03
   1.0937820e+00  -5.0321300e-01  -7.3156000e-02
   1.0938270e+00  -5.1713900e-01  -8.8277000e-02
   1.0939120e+00  -5.0329800e-01   1.4615000e-02
   1.0939320e+00  -5.1441600e-01  -1.3259700e-01
   1.0939680e+00  -5.0333500e-01  -7.3080000e-03
   1.0939790e+00  -5.1724000e-01  -1.4762700e-01
   1.0940630e+00  -5.1450300e-01  -1.4004800e-01
   1.0940760e+00  -5.0617300e-01  -8.0595000e-02
   1.0942320e+00  -5.1182900e-01  -1.3993100e-01
   1.0942590e+00  -5.1742700e-01  -8.0933000e-02
   1.0943240e+00  -5.1189100e-01  -1.4738200e-01
   1.0943780e+00  -5.0637100e-01  -2.9278000e-02
   1.0945090e+00  -5.0923200e-01   7.3260000e-03
   1.0945270e+00  -5.0924400e-01   0.0000000e+00
   1.0945900e+00  -5.1485500e-01  -1.2525800e-01
   1.0946220e+00  -5.2043900e-01  -1.1065800e-01
   1.0946530e+00  -5.1769100e-01  -7.3585000e-02
   1.0947390e+00  -5.1495300e-01  -2.9376000e-02
   1.0948570e+00  -5.2059700e-01  -4.4169000e-02
   1.0948700e+00  -5.1504100e-01  -2.2033000e-02
   1.0949290e+00  -5.1229100e-01  -1.3259700e-01
   1.0951290e+00  -5.1242400e-01   1.4677000e-02
   1.0951670e+00  -5.2080500e-01  -1.0330000e-01
   1.0952320e+00  -5.2084900e-01  -2.9449000e-02
   1.0953450e+00  -5.0700700e-01  -2.1978000e-02
   1.0954390e+00  -5.0706900e-01  -1.4652000e-02
   1.0954560e+00  -5.2099900e-01  -1.4799500e-01
   1.0954950e+00  -5.0710600e-01  -7.3260000e-03
   1.0955850e+00  -5.0439300e-01  -1.4640000e-02
   1.0956750e+00  -5.2114600e-01  -9.5938000e-02
   1.0956920e+00  -5.2115800e-01  -1.1820900e-01
   1.0956930e+00  -5.1838600e-01  -1.6284300e-01
   1.0958090e+00  -5.0454000e-01  -6.5958000e-02
   1.0958270e+00  -5.1288700e-01  -8.8277000e-02
   1.0959890e+00  -5.1020900e-01  -8.8204000e-02
   1.0960400e+00  -5.1582000e-01  -1.1801300e-01
   1.0961290e+00  -5.0474900e-01  -5.8636000e-02
   1.0961880e+00  -5.1034100e-01  -1.6991500e-01
   1.0962600e+00  -5.1317400e-01  -8.0933000e-02
   1.0963410e+00  -5.1602000e-01  -1.0321400e-01
   1.0965050e+00  -5.1892900e-01  -1.5548300e-01
   1.0966240e+00  -5.1620800e-01  -1.1065800e-01
   1.0966550e+00  -5.1343600e-01  -7.3585000e-02
   1.0966730e+00  -5.1066100e-01  -1.0304300e-01
   1.0966770e+00  -5.0233900e-01  -1.6203500e-01
   1.0967510e+00  -5.1071200e-01  -1.3270800e-01
   1.0968880e+00  -5.2196100e-01  -1.3325900e-01
   1.0969560e+00  -5.1084700e-01   1.4689000e-02
   1.0969580e+00  -5.1084900e-01  -1.1047500e-01
   1.0970130e+00  -5.1367300e-01  -6.6234000e-02
   1.0970160e+00  -5.2204600e-01  -1.4074600e-01
   1.0970320e+00  -5.0534100e-01  -2.9327000e-02
   1.0970400e+00  -5.1090300e-01  -1.6257400e-01
   1.0970660e+00  -5.1650300e-01  -3.6810000e-02
   1.0971640e+00  -5.0542700e-01  -2.1996000e-02
   1.0971820e+00  -5.1099700e-01  -9.5699000e-02
   1.0972460e+00  -5.1382700e-01  -1.2546700e-01
   1.0973400e+00  -5.0831800e-01  -9.5619000e-02
   1.0974910e+00  -5.0287000e-01  -1.5471200e-01
   1.0975490e+00  -5.2240400e-01  -1.2588300e-01
   1.0976790e+00  -5.1691100e-01  -9.5938000e-02
   1.0976910e+00  -5.1691900e-01  -4.4205000e-02
   1.0977100e+00  -5.1134500e-01  -1.4028000e-01
   1.0980210e+00  -5.0876600e-01   0.0000000e+00
   1.0980350e+00  -5.1155900e-01  -1.1801300e-01
   1.0981180e+00  -5.2000700e-01   1.4750000e-02
   1.0981500e+00  -5.1722500e-01  -8.8572000e-02
   1.0981580e+00  -5.2281300e-01  -6.6510000e-02
   1.0984780e+00  -5.2302800e-01  -5.9127000e-02
   1.0986290e+00  -5.1195200e-01  -1.4787200e-01
   1.0986810e+00  -5.1198600e-01  -1.5535400e-01
   1.0987610e+00  -5.2321700e-01  -5.1741000e-02
   1.0990720e+00  -5.1224400e-01  -1.2557100e-01
   1.0991100e+00  -5.1786300e-01  -5.1655000e-02
   1.0995280e+00  -5.1534000e-01  -1.1830700e-01
   1.1000430e+00  -5.2407800e-01  -3.6994000e-02
   1.1001140e+00  -5.1572900e-01  -1.1093400e-01
   1.1005020e+00  -5.1039700e-01  -1.5548300e-01
   1.1005080e+00  -5.1319200e-01  -6.6400000e-02
   1.1006620e+00  -5.1609200e-01  -1.0355700e-01
   1.1010750e+00  -5.1917200e-01  -8.1405000e-02
   1.1011730e+00  -5.1643100e-01  -9.6177000e-02
   1.1012880e+00  -5.1091300e-01   1.4738000e-02
   1.1013210e+00  -5.1933600e-01  -5.9176000e-02
   1.1013450e+00  -5.1095100e-01   7.3690000e-03
   1.1014270e+00  -5.0821700e-01  -5.1569000e-02
   1.1014720e+00  -5.1943600e-01  -7.4014000e-02
   1.1016730e+00  -5.0837800e-01  -4.4205000e-02
   1.1018310e+00  -5.1967500e-01  -6.6621000e-02
   1.1018810e+00  -5.0851400e-01  -3.6840000e-02
   1.1024950e+00  -5.0891600e-01  -9.6017000e-02
   1.1029390e+00  -5.1199900e-01  -1.4836200e-01
   1.1036810e+00  -5.1248600e-01  -1.4097800e-01
   1.1042190e+00  -5.1284000e-01  -1.2609100e-01
   1.1043850e+00  -5.1294900e-01  -1.3358900e-01
   1.1044330e+00  -5.0183400e-01  -1.5548300e-01
   1.1046050e+00  -5.1309400e-01  -1.1121000e-01
   1.1048470e+00  -5.1325300e-01  -1.1869900e-01
   1.1051560e+00  -5.1345600e-01  -1.0381500e-01
   1.1054170e+00  -4.9969600e-01  -1.6297700e-01
   1.1117750e+00  -5.0937700e-01  -1.5676800e-01
   1.1164260e+00  -5.1803500e-01  -1.5779600e-01
   1.1204160e+00  -5.0934900e-01  -1.5779600e-01
   1.1288430e+00  -5.2616300e-01  -1.5203400e-01
   1.1290310e+00  -5.2342800e-01  -1.5191200e-01
   1.1358730e+00  -5.2501700e-01  -1.5276900e-01
   1.1361610e+00  -5.3095300e-01  -1.0690300e-01
   1.1703240e+00  -5.5331500e-01  -1.5016700e-01
   1.1722280e+00  -5.5158400e-01  -1.5028400e-01
   1.1835480e+00  -5.6197100e-01  -1.4395000e-01
   1.1942530e+00  -5.6897800e-01  -1.3723200e-01
   1.1949370e+00  -5.6942600e-01  -1.2918700e-01
   1.1955790e+00  -5.6984600e-01  -1.2113600e-01
   1.1957910e+00  -5.6390600e-01  -1.5342400e-01
   1.2087840e+00  -5.7541100e-01  -1.4714700e-01
   1.2282410e+00  -5.8496700e-01  -1.4957200e-01
   1.2286830e+00  -5.8838100e-01  -1.4139700e-01
