   6.5065000e-01  -5.2208200e-01  -9.0382000e-02
   6.5144300e-01  -5.2813000e-01  -8.5796000e-02
   6.5154000e-01  -5.2318400e-01  -9.5614000e-02
   6.5176300e-01  -5.2852900e-01  -8.0766000e-02
   6.5192900e-01  -5.2114600e-01  -9.5498000e-02
   6.5296900e-01  -5.3003400e-01  -9.1154000e-02
   6.5303300e-01  -5.2503200e-01  -1.0098900e-01
   6.5309100e-01  -5.2763900e-01  -8.5900000e-02
   6.5337400e-01  -5.2799000e-01  -9.1044000e-02
   6.5393100e-01  -5.3123400e-01  -7.6009000e-02
   6.5405100e-01  -5.2376300e-01  -1.0098900e-01
   6.5525700e-01  -5.2021200e-01  -1.1102900e-01
   6.5565900e-01  -5.3596100e-01  -9.1815000e-02
   6.5589700e-01  -5.0370700e-01  -1.2994600e-01
   6.5591800e-01  -5.2353700e-01  -1.0626800e-01
   6.5600100e-01  -5.3638900e-01  -8.6733000e-02
   6.5612300e-01  -5.2378800e-01  -1.1143300e-01
   6.5632000e-01  -5.2403100e-01  -1.0123400e-01
   6.5632300e-01  -5.3679300e-01  -8.1648000e-02
   6.5677500e-01  -5.2712000e-01  -1.0665300e-01
   6.5698400e-01  -5.1734200e-01  -1.2119900e-01
   6.5713000e-01  -5.1751900e-01  -1.2636300e-01
   6.5724700e-01  -5.3795000e-01  -7.6652000e-02
   6.5737300e-01  -5.3296000e-01  -9.6893000e-02
   6.5745300e-01  -5.0800800e-01  -1.3058100e-01
   6.5805300e-01  -5.4155400e-01  -8.7254000e-02
   6.5832900e-01  -5.4190000e-01  -9.2476000e-02
   6.5837700e-01  -5.4196100e-01  -8.2138000e-02
   6.5868100e-01  -5.4234300e-01  -7.7020000e-02
   6.5885700e-01  -5.3480400e-01  -1.0233500e-01
   6.5912800e-01  -5.2242500e-01  -1.2193300e-01
   6.5949000e-01  -5.3302300e-01  -1.0742400e-01
   6.6005700e-01  -5.2862000e-01  -1.1745000e-01
   6.6006400e-01  -5.3888500e-01  -9.7591000e-02
   6.6039800e-01  -5.1648300e-01  -1.2666900e-01
   6.6065300e-01  -5.1928800e-01  -1.2697400e-01
   6.6108300e-01  -5.2733700e-01  -1.1745000e-01
   6.6115300e-01  -5.1739300e-01  -1.3201100e-01
   6.6152400e-01  -5.1535000e-01  -1.3185200e-01
   6.6152500e-01  -5.3297600e-01  -1.1801200e-01
   6.6186900e-01  -5.2829900e-01  -1.2281300e-01
   6.6197100e-01  -5.3352600e-01  -1.1291300e-01
   6.6216200e-01  -5.4150300e-01  -1.0319200e-01
   6.6310500e-01  -5.0248100e-01  -1.3588800e-01
   6.6334000e-01  -5.3265100e-01  -1.2340000e-01
   6.6334700e-01  -5.1010400e-01  -1.3671300e-01
   6.6342700e-01  -5.4048300e-01  -1.0845200e-01
   6.6379300e-01  -5.5140700e-01  -8.8399000e-02
   6.6397400e-01  -5.4637500e-01  -9.8522000e-02
   6.6403400e-01  -5.0603600e-01  -1.3638300e-01
   6.6412000e-01  -5.5181900e-01  -8.3217000e-02
   6.6422200e-01  -5.3888000e-01  -1.1885600e-01
   6.6433600e-01  -5.0881500e-01  -1.3671300e-01
   6.6442700e-01  -5.5220700e-01  -7.8031000e-02
   6.6467000e-01  -5.3943500e-01  -1.1372100e-01
   6.6490700e-01  -4.8779100e-01  -1.6530800e-01
   6.6520600e-01  -4.8576400e-01  -1.6510700e-01
   6.6529800e-01  -5.5330600e-01  -9.3909000e-02
   6.6577400e-01  -4.9594400e-01  -1.4070200e-01
   6.6581100e-01  -5.2552200e-01  -1.3344100e-01
   6.6600200e-01  -5.5155000e-01  -9.9103000e-02
   6.6647600e-01  -4.7088300e-01  -1.6349800e-01
   6.6703300e-01  -5.5816000e-01  -8.9128000e-02
   6.6730200e-01  -5.5054400e-01  -1.0441600e-01
   6.6736200e-01  -5.5857700e-01  -8.3903000e-02
   6.6751100e-01  -5.5080600e-01  -1.0973700e-01
   6.6752900e-01  -4.7435900e-01  -1.6410100e-01
   6.6767100e-01  -5.5896900e-01  -7.8674000e-02
   6.6838800e-01  -4.8464200e-01  -1.6550900e-01
   6.6867600e-01  -4.8261200e-01  -1.6530800e-01
   6.6870100e-01  -5.1894100e-01  -1.3836200e-01
   6.6870200e-01  -5.5494600e-01  -1.0490600e-01
   6.6922500e-01  -4.7856900e-01  -1.6490600e-01
   6.6930300e-01  -5.3482100e-01  -1.2957200e-01
   6.6938200e-01  -4.8815400e-01  -1.6611200e-01
   6.6946100e-01  -4.9778000e-01  -1.6212000e-01
   6.6978300e-01  -5.4315600e-01  -1.2516100e-01
   6.7028600e-01  -4.5014300e-01  -1.6672500e-01
   6.7044000e-01  -5.5183000e-01  -1.1012300e-01
   6.7044000e-01  -5.3367100e-01  -1.3487100e-01
   6.7061800e-01  -4.9910900e-01  -1.4172700e-01
   6.7069700e-01  -4.8964100e-01  -1.6134000e-01
   6.7074200e-01  -4.9443900e-01  -1.6192500e-01
   6.7090700e-01  -4.8278700e-01  -1.6571000e-01
   6.7096500e-01  -5.4201300e-01  -1.3048900e-01
   6.7105100e-01  -4.9719300e-01  -1.6752000e-01
   6.7134200e-01  -4.9037100e-01  -1.5636000e-01
   6.7147000e-01  -4.6036200e-01  -1.6309600e-01
   6.7166200e-01  -5.6402900e-01  -7.3957000e-02
   6.7170600e-01  -5.0278300e-01  -1.6309600e-01
   6.7196800e-01  -4.9107800e-01  -1.5137400e-01
   6.7210200e-01  -4.6785600e-01  -1.6410100e-01
   6.7264200e-01  -5.4147500e-01  -1.3064200e-01
   6.7277300e-01  -4.5499100e-01  -1.6776000e-01
   6.7284100e-01  -5.0898100e-01  -1.4309500e-01
   6.7294000e-01  -5.5230400e-01  -1.1573900e-01
   6.7317800e-01  -4.7132700e-01  -1.6470500e-01
   6.7323400e-01  -5.1190000e-01  -1.6446100e-01
   6.7323800e-01  -4.6453900e-01  -1.6390000e-01
   6.7358200e-01  -4.7408000e-01  -1.6510700e-01
   6.7358700e-01  -5.0984800e-01  -1.6426600e-01
   6.7372600e-01  -5.5592900e-01  -1.1614300e-01
   6.7393800e-01  -5.2517100e-01  -1.6089700e-01
   6.7397800e-01  -4.7683700e-01  -1.6550900e-01
   6.7407100e-01  -5.6708200e-01  -9.5673000e-02
   6.7411100e-01  -4.4439400e-01  -1.6672500e-01
   6.7432200e-01  -5.5138100e-01  -1.2648200e-01
   6.7434000e-01  -4.6117500e-01  -1.6879600e-01
   6.7447200e-01  -5.0841900e-01  -1.4326600e-01
   6.7456300e-01  -5.7038800e-01  -9.0586000e-02
   6.7457600e-01  -5.0853900e-01  -1.6426600e-01
   6.7461200e-01  -5.6506600e-01  -7.4215000e-02
   6.7489600e-01  -5.7081300e-01  -8.5275000e-02
   6.7521000e-01  -5.7121100e-01  -7.9961000e-02
   6.7521400e-01  -4.8994700e-01  -1.6212000e-01
   6.7529000e-01  -5.2931400e-01  -1.4034100e-01
   6.7550300e-01  -5.7158400e-01  -7.4644000e-02
   6.7559100e-01  -4.9755100e-01  -1.6309600e-01
   6.7570200e-01  -5.1975500e-01  -1.6051900e-01
   6.7586600e-01  -4.9067800e-01  -1.5711600e-01
   6.7597200e-01  -5.2255000e-01  -1.6089700e-01
   6.7635500e-01  -4.8179400e-01  -1.6134000e-01
   6.7649700e-01  -4.9138600e-01  -1.5210600e-01
   6.7688100e-01  -5.0386300e-01  -1.6407100e-01
   6.7692900e-01  -4.5401500e-01  -1.6329700e-01
   6.7701000e-01  -4.8251700e-01  -1.5636000e-01
   6.7704300e-01  -4.6406800e-01  -1.6450400e-01
   6.7710100e-01  -4.8733600e-01  -1.6212000e-01
   6.7730700e-01  -4.4994200e-01  -1.6796700e-01
   6.7737000e-01  -4.4116100e-01  -1.6693200e-01
   6.7738900e-01  -4.8529200e-01  -1.6192500e-01
   6.7745000e-01  -5.5790900e-01  -1.2209100e-01
   6.7746200e-01  -4.9011100e-01  -1.6251000e-01
   6.7751800e-01  -4.9492400e-01  -1.6309600e-01
   6.7764300e-01  -4.8321700e-01  -1.5137400e-01
   6.7775600e-01  -4.8806400e-01  -1.5711600e-01
   6.7800500e-01  -5.5329300e-01  -1.3247500e-01
   6.7811600e-01  -4.9084300e-01  -1.5749400e-01
   6.7818000e-01  -5.0534900e-01  -1.5919600e-01
   6.7819000e-01  -5.0050100e-01  -1.5862900e-01
   6.7838400e-01  -4.3784400e-01  -1.6672500e-01
   6.7839000e-01  -4.8877000e-01  -1.5210600e-01
   6.7870200e-01  -4.8674700e-01  -1.5711600e-01
   6.7875100e-01  -4.9155100e-01  -1.5247200e-01
   6.7877700e-01  -5.0603100e-01  -1.4886100e-01
   6.7881200e-01  -5.0607200e-01  -1.5412000e-01
   6.7882300e-01  -5.0121900e-01  -1.5357000e-01
   6.7882400e-01  -4.9639500e-01  -1.5825000e-01
   6.7927200e-01  -5.2141500e-01  -1.6127600e-01
   6.7933800e-01  -4.8745200e-01  -1.5210600e-01
   6.7935800e-01  -5.1655500e-01  -1.6070800e-01
   6.7939200e-01  -4.3451000e-01  -1.6651800e-01
   6.7942800e-01  -5.6843400e-01  -7.4729000e-02
   6.7942900e-01  -5.1168700e-01  -1.6014100e-01
   6.7943500e-01  -5.0191500e-01  -1.4850700e-01
   6.7945800e-01  -4.9710900e-01  -1.5320400e-01
   6.7954300e-01  -4.8061300e-01  -1.6173000e-01
   6.7991200e-01  -4.7173900e-01  -1.6075400e-01
   6.7999100e-01  -5.1729000e-01  -1.5558400e-01
   6.8002200e-01  -5.2986600e-01  -1.6241000e-01
   6.8006300e-01  -5.1241800e-01  -1.5503500e-01
   6.8015800e-01  -4.6970000e-01  -1.6055900e-01
   6.8018700e-01  -5.2001200e-01  -1.4531800e-01
   6.8020200e-01  -4.8133500e-01  -1.5673800e-01
   6.8042100e-01  -5.1036700e-01  -1.6014100e-01
   6.8045500e-01  -5.0550700e-01  -1.5957400e-01
   6.8047500e-01  -4.7929300e-01  -1.6173000e-01
   6.8048200e-01  -5.3551600e-01  -1.5778000e-01
   6.8053100e-01  -5.6711400e-01  -7.4729000e-02
   6.8057200e-01  -4.7245100e-01  -1.5579300e-01
   6.8060400e-01  -5.1800200e-01  -1.5045400e-01
   6.8062300e-01  -4.6561100e-01  -1.6530800e-01
   6.8067600e-01  -5.1312500e-01  -1.4992300e-01
   6.8070100e-01  -5.3834600e-01  -1.5814600e-01
   6.8074100e-01  -4.7724900e-01  -1.6153500e-01
   6.8081900e-01  -4.7041000e-01  -1.5560400e-01
   6.8084000e-01  -4.8203400e-01  -1.5174000e-01
   6.8097300e-01  -4.7520100e-01  -1.6651500e-01
   6.8105600e-01  -5.1109600e-01  -1.5503500e-01
   6.8109100e-01  -5.0623100e-01  -1.5448600e-01
   6.8109400e-01  -5.3624600e-01  -1.5257800e-01
   6.8113500e-01  -4.8001300e-01  -1.5673800e-01
   6.8118100e-01  -5.2365100e-01  -1.5649900e-01
   6.8131700e-01  -5.4945600e-01  -1.3788900e-01
   6.8140100e-01  -4.7796700e-01  -1.5654900e-01
   6.8159800e-01  -4.5218300e-01  -1.6390000e-01
   6.8164400e-01  -5.1672100e-01  -1.6108600e-01
   6.8167100e-01  -5.1180200e-01  -1.4992300e-01
   6.8168400e-01  -5.3695100e-01  -1.4736900e-01
   6.8170500e-01  -5.0693200e-01  -1.4939200e-01
   6.8173900e-01  -4.6909500e-01  -1.6075400e-01
   6.8177500e-01  -4.8071100e-01  -1.5174000e-01
   6.8179400e-01  -5.2436900e-01  -1.5133900e-01
   6.8186600e-01  -4.5695300e-01  -1.6450400e-01
   6.8197700e-01  -4.3931500e-01  -1.6755300e-01
   6.8204100e-01  -4.7866300e-01  -1.5155700e-01
   6.8216700e-01  -5.4269200e-01  -1.5887900e-01
   6.8228000e-01  -5.1745700e-01  -1.5595000e-01
   6.8231700e-01  -4.4406000e-01  -1.6817400e-01
   6.8238700e-01  -5.2506300e-01  -1.4617200e-01
   6.8240200e-01  -4.6980500e-01  -1.5579300e-01
   6.8255200e-01  -4.5767200e-01  -1.5958400e-01
   6.8255800e-01  -5.6694900e-01  -1.2349800e-01
   6.8256700e-01  -4.8628600e-01  -1.6290000e-01
   6.8264800e-01  -4.6777100e-01  -1.6075400e-01
   6.8289500e-01  -5.1816900e-01  -1.5080800e-01
   6.8296500e-01  -4.5360400e-01  -1.5919400e-01
   6.8308900e-01  -4.6369100e-01  -1.6550900e-01
   6.8322900e-01  -4.8701500e-01  -1.5787200e-01
   6.8331300e-01  -4.6847900e-01  -1.5579300e-01
   6.8342900e-01  -4.5633600e-01  -1.6470500e-01
   6.8346700e-01  -5.2383700e-01  -1.6222100e-01
   6.8361800e-01  -5.4704500e-01  -1.5961100e-01
   6.8380400e-01  -4.5223600e-01  -1.6941700e-01
   6.8387000e-01  -4.8772000e-01  -1.5283800e-01
   6.8410400e-01  -5.2458100e-01  -1.5704800e-01
   6.8422600e-01  -5.3229300e-01  -1.5796300e-01
   6.8446400e-01  -5.4285800e-01  -1.5381700e-01
   6.8457300e-01  -4.5979100e-01  -1.5503600e-01
   6.8472100e-01  -5.2530100e-01  -1.5187000e-01
   6.8484200e-01  -5.3302000e-01  -1.5275500e-01
   6.8499200e-01  -4.5571300e-01  -1.5465800e-01
   6.8505800e-01  -5.4357100e-01  -1.4856600e-01
   6.8531600e-01  -5.3870900e-01  -1.5887900e-01
   6.8539400e-01  -4.5164300e-01  -1.6450400e-01
   6.8543700e-01  -5.3372300e-01  -1.4754000e-01
   6.8547400e-01  -4.5847100e-01  -1.6016900e-01
   6.8555400e-01  -4.6856800e-01  -1.6651500e-01
   6.8563100e-01  -5.4425800e-01  -1.4331000e-01
   6.8579700e-01  -4.6655700e-01  -1.6114500e-01
   6.8592400e-01  -5.4721500e-01  -1.5452500e-01
   6.8593300e-01  -5.3944300e-01  -1.5364000e-01
   6.8614300e-01  -4.5917000e-01  -1.5522500e-01
   6.8624400e-01  -4.6930100e-01  -1.6153500e-01
   6.8639100e-01  -4.6397400e-01  -1.6095000e-01
   6.8643400e-01  -4.3944200e-01  -1.6838200e-01
   6.8646500e-01  -4.6726400e-01  -1.5617100e-01
   6.8651900e-01  -5.4793200e-01  -1.4925000e-01
   6.8652900e-01  -5.4015200e-01  -1.4839500e-01
   6.8663200e-01  -4.4625900e-01  -1.6410100e-01
   6.8675200e-01  -4.3538900e-01  -1.6796700e-01
   6.8691300e-01  -4.7001100e-01  -1.5654900e-01
   6.8706100e-01  -4.6467900e-01  -1.5598200e-01
   6.8709400e-01  -5.4862400e-01  -1.4396900e-01
   6.8715700e-01  -5.3322500e-01  -1.5851300e-01
   6.8728600e-01  -4.3810800e-01  -1.6838200e-01
   6.8759600e-01  -4.3405500e-01  -1.6796700e-01
   6.8762900e-01  -5.3888000e-01  -1.5924500e-01
   6.8764400e-01  -4.8242700e-01  -1.6329100e-01
   6.8777700e-01  -5.3395400e-01  -1.5328600e-01
   6.8781700e-01  -4.4969400e-01  -1.6470500e-01
   6.8784000e-01  -4.4086100e-01  -1.6369900e-01
   6.8813300e-01  -4.5447100e-01  -1.6016900e-01
   6.8824900e-01  -5.3961400e-01  -1.5399400e-01
   6.8831300e-01  -4.8315100e-01  -1.5825000e-01
   6.8836000e-01  -4.4358900e-01  -1.6410100e-01
   6.8837600e-01  -5.3465800e-01  -1.4805300e-01
   6.8880600e-01  -4.5516600e-01  -1.5522500e-01
   6.8884800e-01  -5.4032400e-01  -1.4873700e-01
   6.8927700e-01  -4.5790700e-01  -1.6591100e-01
   6.8973100e-01  -5.7589800e-01  -7.5845000e-02
   6.8988300e-01  -4.5181000e-01  -1.6016900e-01
   6.9007700e-01  -4.4091300e-01  -1.6410100e-01
   6.9024500e-01  -4.4771800e-01  -1.6490600e-01
   6.9055900e-01  -4.5250200e-01  -1.5522500e-01
   6.9105000e-01  -4.5522700e-01  -1.6591100e-01
   6.9162500e-01  -4.4026500e-01  -1.6430200e-01
   6.9163200e-01  -4.4912800e-01  -1.6016900e-01
   6.9201700e-01  -4.6074600e-01  -1.6153500e-01
   6.9204900e-01  -4.3414800e-01  -1.6879600e-01
   6.9231100e-01  -4.4981700e-01  -1.5522500e-01
   6.9260300e-01  -4.3685500e-01  -1.6921000e-01
   6.9269500e-01  -4.6144800e-01  -1.5654900e-01
   6.9281900e-01  -4.5257100e-01  -1.6075400e-01
   6.9311700e-01  -4.5735200e-01  -1.6134000e-01
   6.9334700e-01  -5.7766200e-01  -7.6188000e-02
   6.9337200e-01  -5.6682900e-01  -1.4122500e-01
   6.9379700e-01  -4.5805100e-01  -1.5636000e-01
   6.9402400e-01  -4.3826600e-01  -1.6450400e-01
   6.9440600e-01  -4.4304900e-01  -1.5997400e-01
   6.9556000e-01  -4.5536800e-01  -1.5636000e-01
   6.9556100e-01  -4.3762200e-01  -1.6470500e-01
   6.9663900e-01  -4.5197000e-01  -1.6134000e-01
   6.9664100e-01  -4.4307000e-01  -1.6550900e-01
   6.9732400e-01  -4.5266400e-01  -1.5636000e-01
   6.9786600e-01  -4.4651100e-01  -1.5579300e-01
   6.9791600e-01  -4.2473100e-01  -1.6369900e-01
   6.9809800e-01  -4.3356300e-01  -1.6470500e-01
   6.9820500e-01  -4.5131300e-01  -1.6153500e-01
   6.9866200e-01  -5.6522900e-01  -1.5841900e-01
   6.9881500e-01  -5.6810300e-01  -1.5877300e-01
   6.9889300e-01  -4.5200600e-01  -1.5654900e-01
   6.9890600e-01  -4.4311300e-01  -1.6075400e-01
   6.9907300e-01  -4.3016600e-01  -1.6450400e-01
   6.9927200e-01  -5.6596500e-01  -1.5301100e-01
   6.9935200e-01  -4.3697600e-01  -1.6530800e-01
   6.9942400e-01  -5.6884200e-01  -1.5335300e-01
   6.9943300e-01  -4.4585400e-01  -1.6114500e-01
   6.9985900e-01  -5.6667500e-01  -1.4759700e-01
   7.0001200e-01  -5.6955500e-01  -1.4792700e-01
   7.0012300e-01  -4.4654100e-01  -1.5617100e-01
   7.0029200e-01  -4.4448900e-01  -1.5598200e-01
   7.0072800e-01  -5.8406500e-01  -7.7046000e-02
   7.0115600e-01  -4.5204200e-01  -1.6212000e-01
   7.0115700e-01  -5.8736700e-01  -1.3308500e-01
   7.0184700e-01  -4.5273600e-01  -1.5711600e-01
   7.0232000e-01  -5.9440700e-01  -1.2260300e-01
   7.0244700e-01  -4.3562300e-01  -1.6571000e-01
   7.0248900e-01  -5.8347700e-01  -7.7132000e-02
   7.0301800e-01  -4.3837200e-01  -1.6095000e-01
   7.0334400e-01  -5.7629000e-01  -1.6036600e-01
   7.0342900e-01  -4.3221200e-01  -1.6550900e-01
   7.0371300e-01  -4.3905200e-01  -1.5598200e-01
   7.0395700e-01  -5.7703800e-01  -1.5489100e-01
   7.0408500e-01  -4.4383300e-01  -1.6691700e-01
   7.0425000e-01  -5.8288400e-01  -7.7218000e-02
   7.0438700e-01  -4.3971000e-01  -1.5100800e-01
   7.0455000e-01  -5.7776000e-01  -1.4941100e-01
   7.0463600e-01  -4.4659800e-01  -1.6212000e-01
   7.0480300e-01  -4.4454100e-01  -1.6192500e-01
   7.0533300e-01  -4.4728700e-01  -1.5711600e-01
   7.0533800e-01  -5.8146500e-01  -1.6125100e-01
   7.0544400e-01  -5.8435100e-01  -1.5591700e-01
   7.0550000e-01  -4.4522700e-01  -1.5692700e-01
   7.0595400e-01  -5.8221800e-01  -1.5574600e-01
   7.0603800e-01  -5.8508000e-01  -1.5040100e-01
   7.0636500e-01  -4.4385800e-01  -1.6212000e-01
   7.0654800e-01  -5.8294400e-01  -1.5023600e-01
   7.0661000e-01  -5.8578200e-01  -1.4487900e-01
   7.0667800e-01  -4.3974400e-01  -1.6173000e-01
   7.0706400e-01  -4.4454500e-01  -1.5711600e-01
   7.0735200e-01  -4.2946000e-01  -1.6591100e-01
   7.0737800e-01  -4.4042500e-01  -1.5673800e-01
   7.0793100e-01  -4.3218800e-01  -1.6631400e-01
   7.0805600e-01  -4.4108500e-01  -1.5174000e-01
   7.0893900e-01  -4.3973600e-01  -1.6212000e-01
   7.0936400e-01  -4.3356300e-01  -1.6153500e-01
   7.1102300e-01  -4.3078600e-01  -1.6671600e-01
   7.1175600e-01  -4.4247000e-01  -1.5768300e-01
   7.1219600e-01  -5.9544400e-01  -7.2830000e-02
   7.1233300e-01  -4.3421700e-01  -1.6212000e-01
   7.1243900e-01  -4.4313200e-01  -1.5265500e-01
   7.1268100e-01  -4.2803800e-01  -1.6671600e-01
   7.1276100e-01  -4.3902100e-01  -1.6270500e-01
   7.1328000e-01  -4.3075300e-01  -1.6711800e-01
   7.1361300e-01  -4.3763600e-01  -1.5749400e-01
   7.1422500e-01  -4.2732400e-01  -1.6691700e-01
   7.1429900e-01  -4.3829500e-01  -1.5247200e-01
   7.1488400e-01  -4.4106400e-01  -1.5806100e-01
   7.1547000e-01  -5.9385700e-01  -7.8590000e-02
   7.1557200e-01  -4.4172600e-01  -1.5302100e-01
   7.1559200e-01  -5.8293300e-01  -7.7990000e-02
   7.1576800e-01  -4.2660600e-01  -1.6711800e-01
   7.1613900e-01  -4.4449300e-01  -1.6387600e-01
   7.1636400e-01  -5.8662400e-01  -7.8247000e-02
   7.1685100e-01  -4.4518100e-01  -1.5881800e-01
   7.1732700e-01  -6.0177000e-01  -1.5369900e-01
   7.1754000e-01  -4.4584700e-01  -1.5375400e-01
   7.1754400e-01  -4.1536000e-01  -1.3539400e-01
   7.1791000e-01  -6.0248800e-01  -1.4805600e-01
   7.1801200e-01  -4.3964100e-01  -1.5844000e-01
   7.1828500e-01  -4.3549500e-01  -1.6329100e-01
   7.1838600e-01  -6.0024300e-01  -7.3467000e-02
   7.1839200e-01  -5.9185800e-01  -7.8676000e-02
   7.1870300e-01  -4.4030200e-01  -1.5338700e-01
   7.1978300e-01  -5.9631700e-01  -7.9019000e-02
   7.1980900e-01  -6.0768000e-01  -7.3945000e-02
   7.1995600e-01  -5.9375600e-01  -7.3228000e-02
   7.2028000e-01  -4.3959400e-01  -1.6407100e-01
   7.2054600e-01  -4.3546200e-01  -1.6368100e-01
   7.2071200e-01  -5.9744900e-01  -7.3467000e-02
   7.2185200e-01  -4.3887600e-01  -1.5900700e-01
   7.2254800e-01  -4.3953600e-01  -1.5393700e-01
   7.2276700e-01  -4.0317500e-01  -1.0472600e-01
   7.2296700e-01  -5.8626100e-01  -7.8676000e-02
   7.2322300e-01  -4.4017500e-01  -1.4886100e-01
   7.2375700e-01  -4.0405300e-01  -1.0995200e-01
   7.2384400e-01  -4.4298400e-01  -1.5976300e-01
   7.2416700e-01  -5.9325600e-01  -7.3467000e-02
   7.2437900e-01  -5.9072400e-01  -7.9019000e-02
   7.2454300e-01  -4.4364900e-01  -1.5466900e-01
   7.2462500e-01  -4.3052100e-01  -1.6387600e-01
   7.2473900e-01  -4.2844700e-01  -1.6368100e-01
   7.2481800e-01  -4.0921700e-01  -1.2061200e-01
   7.2499300e-01  -4.1787500e-01  -1.3671300e-01
   7.2509400e-01  -4.3534300e-01  -1.6446100e-01
   7.2522900e-01  -6.0579200e-01  -7.4184000e-02
   7.2555500e-01  -5.9773300e-01  -7.3786000e-02
   7.2593800e-01  -4.3393400e-01  -1.6446100e-01
   7.2639100e-01  -4.3876600e-01  -1.6504600e-01
   7.2721300e-01  -4.1562300e-01  -1.3169300e-01
   7.2769100e-01  -4.4220800e-01  -1.6033000e-01
   7.2786900e-01  -4.1835900e-01  -1.3201100e-01
   7.2795000e-01  -5.8943200e-01  -7.9191000e-02
   7.2838500e-01  -5.9273300e-01  -7.3706000e-02
   7.2839500e-01  -4.4287300e-01  -1.5521800e-01
   7.2907600e-01  -4.4351600e-01  -1.5010000e-01
   7.2914800e-01  -5.9644200e-01  -7.3945000e-02
   7.3021000e-01  -4.2480300e-01  -1.6426600e-01
   7.3028200e-01  -4.0560700e-01  -1.0575400e-01
   7.3071200e-01  -4.0810000e-01  -1.0086600e-01
   7.3075800e-01  -4.0602500e-01  -1.0074400e-01
   7.3125100e-01  -4.0434800e-01  -9.5614000e-02
   7.3135800e-01  -5.8519800e-01  -7.9191000e-02
   7.3155100e-01  -4.1738000e-01  -1.2728000e-01
   7.3170800e-01  -4.0266600e-01  -9.0492000e-02
   7.3205900e-01  -4.3302300e-01  -1.6543700e-01
   7.3206800e-01  -4.1355900e-01  -1.1674600e-01
   7.3211200e-01  -4.1573700e-01  -1.5844000e-01
   7.3211500e-01  -4.0302100e-01  -8.5484000e-02
   7.3226000e-01  -4.1373000e-01  -1.2193300e-01
   7.3236000e-01  -4.1595900e-01  -1.2728000e-01
   7.3246600e-01  -4.0965000e-01  -1.0626800e-01
   7.3249800e-01  -4.0335600e-01  -8.0472000e-02
   7.3281000e-01  -5.8964200e-01  -7.9534000e-02
   7.3284000e-01  -4.4483100e-01  -1.6146500e-01
   7.3294800e-01  -5.9258600e-01  -7.9706000e-02
   7.3316200e-01  -4.1882700e-01  -1.3280500e-01
   7.3323800e-01  -4.0189600e-01  -9.0603000e-02
   7.3355100e-01  -4.4549800e-01  -1.5631600e-01
   7.3359900e-01  -5.8783300e-01  -7.3786000e-02
   7.3364600e-01  -4.0225100e-01  -8.5588000e-02
   7.3389500e-01  -5.9370900e-01  -7.4105000e-02
   7.3390400e-01  -4.1519400e-01  -1.2743300e-01
   7.3402400e-01  -5.9665900e-01  -7.4264000e-02
   7.3403100e-01  -4.0258600e-01  -8.0570000e-02
   7.3423800e-01  -4.4614500e-01  -1.5116200e-01
   7.3427100e-01  -4.0490300e-01  -9.5963000e-02
   7.3444700e-01  -5.8603400e-01  -7.9448000e-02
   7.3445800e-01  -4.3083900e-01  -1.6563200e-01
   7.3456200e-01  -4.4198100e-01  -1.6146500e-01
   7.3513600e-01  -4.4474900e-01  -1.6184300e-01
   7.3527500e-01  -4.4264600e-01  -1.5631600e-01
   7.3531100e-01  -4.0581200e-01  -1.0123400e-01
   7.3544600e-01  -4.1871800e-01  -1.3312300e-01
   7.3569100e-01  -5.9304300e-01  -7.4184000e-02
   7.3580500e-01  -4.0412900e-01  -9.6079000e-02
   7.3584900e-01  -4.4541800e-01  -1.5668200e-01
   7.3596500e-01  -4.4329000e-01  -1.5116200e-01
   7.3623200e-01  -4.2592300e-01  -1.6014100e-01
   7.3650900e-01  -4.3491800e-01  -1.6641200e-01
   7.3653900e-01  -4.4606400e-01  -1.5151600e-01
   7.3657300e-01  -4.1542100e-01  -1.1745000e-01
   7.3663600e-01  -4.1333500e-01  -1.1730900e-01
   7.3682600e-01  -4.1350300e-01  -1.2252000e-01
   7.3705700e-01  -4.2449300e-01  -1.6014100e-01
   7.3716400e-01  -4.1380100e-01  -1.1224000e-01
   7.3757700e-01  -4.4256000e-01  -1.6203200e-01
   7.3757800e-01  -4.2930200e-01  -1.6602200e-01
   7.3797300e-01  -4.3626300e-01  -1.6146500e-01
   7.3816400e-01  -5.8764900e-01  -7.9792000e-02
   7.3818100e-01  -4.1255800e-01  -1.1745000e-01
   7.3829300e-01  -4.4322600e-01  -1.5686500e-01
   7.3852400e-01  -4.0437700e-01  -9.1264000e-02
   7.3871000e-01  -4.1302400e-01  -1.1237500e-01
   7.3884000e-01  -4.0465100e-01  -9.6428000e-02
   7.3893600e-01  -4.0473400e-01  -8.6213000e-02
   7.3896100e-01  -4.2839200e-01  -1.3968100e-01
   7.3898700e-01  -4.4387000e-01  -1.5169300e-01
   7.3909200e-01  -4.0698900e-01  -1.0172300e-01
   7.3929000e-01  -4.3969200e-01  -1.6203200e-01
   7.3941500e-01  -4.3758800e-01  -1.5649900e-01
   7.3951700e-01  -4.2019200e-01  -1.6014100e-01
   7.4000900e-01  -4.4035600e-01  -1.5686500e-01
   7.4007300e-01  -4.2502900e-01  -1.6070800e-01
   7.4007600e-01  -4.0572100e-01  -8.1256000e-02
   7.4011000e-01  -4.3822700e-01  -1.5133900e-01
   7.4041800e-01  -5.9027700e-01  -7.4344000e-02
   7.4050100e-01  -4.1245700e-01  -1.0221300e-01
   7.4054500e-01  -5.5007100e-01  -8.3545000e-02
   7.4070500e-01  -4.4099700e-01  -1.5169300e-01
   7.4120200e-01  -4.1952800e-01  -1.2354700e-01
   7.4157500e-01  -5.8333900e-01  -7.9792000e-02
   7.4203700e-01  -4.4446300e-01  -1.6297700e-01
   7.4230100e-01  -4.1191600e-01  -1.0755300e-01
   7.4239500e-01  -5.8703900e-01  -8.0049000e-02
   7.4275900e-01  -4.4513100e-01  -1.5778000e-01
   7.4291700e-01  -4.1888400e-01  -1.2896100e-01
   7.4323600e-01  -4.1485500e-01  -1.1304800e-01
   7.4336000e-01  -5.8264900e-01  -7.9877000e-02
   7.4345800e-01  -4.4577800e-01  -1.5257800e-01
   7.4358100e-01  -4.2163700e-01  -1.2926600e-01
   7.4374600e-01  -4.1530200e-01  -1.0793800e-01
   7.4419200e-01  -4.1569200e-01  -1.1843400e-01
   7.4436800e-01  -4.2451200e-01  -1.3487100e-01
   7.4461400e-01  -4.4013300e-01  -1.6297700e-01
   7.4534000e-01  -4.4079700e-01  -1.5778000e-01
   7.4536700e-01  -5.5012800e-01  -8.3913000e-02
   7.4545700e-01  -4.3870200e-01  -1.6297700e-01
   7.4555200e-01  -4.2121200e-01  -1.5595000e-01
   7.4580300e-01  -5.8821400e-01  -7.4583000e-02
   7.4604200e-01  -4.4144000e-01  -1.5257800e-01
   7.4631100e-01  -5.5378000e-01  -8.4189000e-02
   7.4631700e-01  -4.3723800e-01  -1.6297700e-01
   7.4645300e-01  -5.9452100e-01  -8.0735000e-02
   7.4645700e-01  -5.8345500e-01  -8.0135000e-02
   7.4649100e-01  -4.3078900e-01  -1.4100100e-01
   7.4705100e-01  -6.0079500e-01  -7.5300000e-02
   7.4711800e-01  -4.3355800e-01  -1.4133100e-01
   7.4715600e-01  -4.3580500e-01  -1.5759700e-01
   7.4726600e-01  -5.9267800e-01  -7.4901000e-02
   7.4738000e-01  -4.3158700e-01  -1.5723100e-01
   7.4742900e-01  -4.0995100e-01  -1.0282500e-01
   7.4758200e-01  -4.2737300e-01  -1.5686500e-01
   7.4762600e-01  -4.0798500e-01  -9.2366000e-02
   7.4776300e-01  -4.1668600e-01  -1.1372100e-01
   7.4786200e-01  -4.3644300e-01  -1.5240100e-01
   7.4789500e-01  -4.1035300e-01  -9.7708000e-02
   7.4804400e-01  -4.0834400e-01  -8.7254000e-02
   7.4806500e-01  -5.9639400e-01  -7.5141000e-02
   7.4808600e-01  -4.3222000e-01  -1.5204700e-01
   7.4833700e-01  -4.1073500e-01  -9.2587000e-02
   7.4843800e-01  -4.0868300e-01  -8.2138000e-02
   7.4854300e-01  -4.3705900e-01  -1.4719800e-01
   7.4875500e-01  -4.1109600e-01  -8.7462000e-02
   7.4876800e-01  -4.3283300e-01  -1.4685600e-01
   7.4890800e-01  -5.8902000e-01  -7.4822000e-02
   7.4894900e-01  -4.3079000e-01  -1.5741400e-01
   7.4922900e-01  -4.3988200e-01  -1.5833000e-01
   7.4932000e-01  -4.2236200e-01  -1.5668200e-01
   7.4939400e-01  -5.8681400e-01  -7.4742000e-02
   7.4980400e-01  -5.5234400e-01  -8.4372000e-02
   7.4983300e-01  -4.1633200e-01  -1.0870900e-01
   7.4990300e-01  -4.1208600e-01  -8.2432000e-02
   7.4993700e-01  -4.4052400e-01  -1.5310900e-01
   7.5019200e-01  -4.3632700e-01  -1.5814600e-01
   7.5054400e-01  -4.4333900e-01  -1.5887900e-01
   7.5062000e-01  -4.4114500e-01  -1.4788200e-01
   7.5090100e-01  -4.3696600e-01  -1.5293200e-01
   7.5095400e-01  -4.1947300e-01  -1.1956000e-01
   7.5102800e-01  -4.3486100e-01  -7.8398000e-02
   7.5113300e-01  -4.1530100e-01  -1.0355900e-01
   7.5125200e-01  -4.4398500e-01  -1.5364000e-01
   7.5135200e-01  -4.2853100e-01  -1.5759700e-01
   7.5139000e-01  -4.1552400e-01  -1.0883800e-01
   7.5158600e-01  -4.3758400e-01  -1.4771100e-01
   7.5182900e-01  -4.1159800e-01  -7.7387000e-02
   7.5183900e-01  -4.2896200e-01  -1.3630000e-01
   7.5230800e-01  -5.7104900e-01  -7.9877000e-02
   7.5233100e-01  -5.8465300e-01  -8.6394000e-02
   7.5247900e-01  -4.2514200e-01  -1.2545500e-01
   7.5284600e-01  -5.8799500e-01  -8.0821000e-02
   7.5316700e-01  -4.2140500e-01  -1.5723100e-01
   7.5332800e-01  -5.8578500e-01  -8.0735000e-02
   7.5364400e-01  -5.8614300e-01  -7.4981000e-02
   7.5455200e-01  -4.2043600e-01  -1.1479700e-01
   7.5457500e-01  -4.2479500e-01  -1.5778000e-01
   7.5461800e-01  -4.1832100e-01  -1.1466300e-01
   7.5473800e-01  -5.7915600e-01  -8.0478000e-02
   7.5553400e-01  -4.2563600e-01  -1.2589500e-01
   7.5559100e-01  -5.5602500e-01  -8.5016000e-02
   7.5559700e-01  -5.8285500e-01  -8.0735000e-02
   7.5577100e-01  -5.8583000e-01  -8.0907000e-02
   7.5657600e-01  -5.8395800e-01  -7.5061000e-02
   7.5670000e-01  -4.1795200e-01  -1.0960900e-01
   7.5672100e-01  -4.1364400e-01  -9.3579000e-02
   7.5692900e-01  -4.1815000e-01  -1.1493200e-01
   7.5697500e-01  -4.1602300e-01  -9.8987000e-02
   7.5704500e-01  -5.8174300e-01  -7.4981000e-02
   7.5708200e-01  -4.2919300e-01  -1.3171100e-01
   7.5714500e-01  -4.1400700e-01  -8.8399000e-02
   7.5740900e-01  -5.8768200e-01  -7.5300000e-02
   7.5754500e-01  -4.1435000e-01  -8.3217000e-02
   7.5775000e-01  -4.2103500e-01  -7.8306000e-02
   7.5784000e-01  -4.2548600e-01  -1.2618800e-01
   7.5792100e-01  -4.1467100e-01  -7.8031000e-02
   7.5849000e-01  -4.2386200e-01  -1.2082500e-01
   7.5865700e-01  -4.2837400e-01  -1.3186400e-01
   7.5903500e-01  -4.1346400e-01  -9.3799000e-02
   7.5931200e-01  -4.2238800e-01  -1.2082500e-01
   7.5932000e-01  -4.2021400e-01  -7.8398000e-02
   7.5942100e-01  -5.7624600e-01  -8.0649000e-02
   7.5946100e-01  -4.1382700e-01  -8.8608000e-02
   7.5953300e-01  -4.3356600e-01  -1.5399400e-01
   7.5986200e-01  -4.1416900e-01  -8.3413000e-02
   7.6026600e-01  -4.1885100e-01  -1.0478400e-01
   7.6044700e-01  -4.3215400e-01  -7.9042000e-02
   7.6050000e-01  -5.8290300e-01  -8.1078000e-02
   7.6053900e-01  -5.7477000e-01  -8.0649000e-02
   7.6061800e-01  -5.8029900e-01  -7.5141000e-02
   7.6073000e-01  -5.5893900e-01  -8.5567000e-02
   7.6090400e-01  -4.2596200e-01  -1.2662800e-01
   7.6099700e-01  -4.1513700e-01  -7.8306000e-02
   7.6105200e-01  -5.9734500e-01  -7.6017000e-02
   7.6127000e-01  -4.1971500e-01  -1.1025100e-01
   7.6151900e-01  -4.3978500e-01  -1.5487900e-01
   7.6214900e-01  -5.8474600e-01  -7.5459000e-02
   7.6221700e-01  -4.4040600e-01  -1.4959200e-01
   7.6289000e-01  -4.4100600e-01  -1.4429900e-01
   7.6294200e-01  -4.2773400e-01  -7.9042000e-02
   7.6317100e-01  -5.5891900e-01  -8.5751000e-02
   7.6500400e-01  -5.7697900e-01  -8.1078000e-02
   7.6502800e-01  -4.3395900e-01  -7.9501000e-02
   7.6554500e-01  -4.3664200e-01  -1.5523300e-01
   7.6557600e-01  -4.3890500e-01  -7.9777000e-02
   7.6574300e-01  -4.3238800e-01  -1.5487900e-01
   7.6574900e-01  -5.8326200e-01  -7.5619000e-02
   7.6665400e-01  -4.1778100e-01  -9.4791000e-02
   7.6679400e-01  -5.7622800e-01  -8.1164000e-02
   7.6688000e-01  -5.8177400e-01  -7.5619000e-02
   7.6692200e-01  -4.3341700e-01  -1.3339200e-01
   7.6698800e-01  -4.3791100e-01  -1.5010500e-01
   7.6708500e-01  -4.1814700e-01  -8.9545000e-02
   7.6723900e-01  -5.7400300e-01  -8.1078000e-02
   7.6726700e-01  -4.4716600e-01  -1.5647200e-01
   7.6736000e-01  -4.3380000e-01  -7.9685000e-02
   7.6749100e-01  -4.1849200e-01  -8.4295000e-02
   7.6766700e-01  -4.3850900e-01  -1.4479400e-01
   7.6787300e-01  -4.1881700e-01  -7.9042000e-02
   7.6797100e-01  -4.4779500e-01  -1.5113000e-01
   7.6816000e-01  -4.3005500e-01  -1.5505600e-01
   7.6832200e-01  -4.3908500e-01  -1.3947700e-01
   7.6844700e-01  -4.4369400e-01  -8.0237000e-02
   7.6865000e-01  -4.4840200e-01  -1.4578300e-01
   7.6899400e-01  -4.2856300e-01  -1.5505600e-01
   7.6899800e-01  -4.4418300e-01  -1.5647200e-01
   7.6902600e-01  -5.7324600e-01  -8.1164000e-02
   7.6913400e-01  -5.7879200e-01  -7.5619000e-02
   7.6935000e-01  -5.8175900e-01  -7.5778000e-02
   7.6970400e-01  -4.4480900e-01  -1.5113000e-01
   7.6988000e-01  -5.6881100e-01  -8.0993000e-02
   7.7009200e-01  -4.3839900e-01  -1.5611800e-01
   7.7012600e-01  -5.7176800e-01  -8.1164000e-02
   7.7038500e-01  -4.4541400e-01  -1.4578300e-01
   7.7055800e-01  -4.4783400e-01  -8.0604000e-02
   7.7146600e-01  -5.6248800e-01  -8.6578000e-02
   7.7156100e-01  -5.7062400e-01  -7.5380000e-02
   7.7160300e-01  -5.7876700e-01  -7.5778000e-02
   7.7163600e-01  -4.5564800e-01  -8.1064000e-02
   7.7226400e-01  -5.5805700e-01  -8.6394000e-02
   7.7241100e-01  -5.5450600e-01  -8.6211000e-02
   7.7286800e-01  -5.4712500e-01  -8.5843000e-02
   7.7309100e-01  -5.6689600e-01  -8.6946000e-02
   7.7323900e-01  -5.6171400e-01  -8.6670000e-02
   7.7339900e-01  -4.5264800e-01  -8.1064000e-02
   7.7344300e-01  -5.6727300e-01  -8.1164000e-02
   7.7361800e-01  -4.5513600e-01  -7.5759000e-02
   7.7369700e-01  -5.7023200e-01  -8.1336000e-02
   7.7475000e-01  -5.7946900e-01  -7.6017000e-02
   7.7475000e-01  -4.3800500e-01  -1.5682600e-01
   7.7486100e-01  -5.5444600e-01  -8.6394000e-02
   7.7499600e-01  -4.4722800e-01  -1.5215600e-01
   7.7518000e-01  -4.6115300e-01  -8.1615000e-02
   7.7518500e-01  -5.7724800e-01  -7.5937000e-02
   7.7564000e-01  -5.6426500e-01  -8.1164000e-02
   7.7568400e-01  -4.4783600e-01  -1.4677300e-01
   7.7581200e-01  -5.6980900e-01  -7.5619000e-02
   7.7634600e-01  -4.4842100e-01  -1.4138400e-01
   7.7662500e-01  -5.5365900e-01  -8.6486000e-02
   7.7674100e-01  -5.7350400e-01  -7.5858000e-02
   7.7727800e-01  -5.5697900e-01  -8.0907000e-02
   7.7740600e-01  -5.6349900e-01  -8.1250000e-02
   7.7773600e-01  -5.6384800e-01  -7.5459000e-02
   7.7803400e-01  -4.3412700e-01  -1.5700300e-01
   7.7825400e-01  -5.6065400e-01  -8.1164000e-02
   7.7904700e-01  -5.5618900e-01  -8.0993000e-02
   7.7931300e-01  -5.7085700e-01  -8.1765000e-02
   7.7961800e-01  -4.3773200e-01  -1.2448300e-01
   7.8006900e-01  -5.6896900e-01  -7.5858000e-02
   7.8019100e-01  -4.6799600e-01  -8.2350000e-02
   7.8043200e-01  -4.4746300e-01  -1.5301100e-01
   7.8079200e-01  -4.2759600e-01  -9.1315000e-02
   7.8084400e-01  -5.5278900e-01  -8.6762000e-02
   7.8087500e-01  -4.6397300e-01  -7.6703000e-02
   7.8095800e-01  -3.2201900e-01  -1.6953100e-01
   7.8112500e-01  -4.4807100e-01  -1.4759700e-01
   7.8120700e-01  -4.2794700e-01  -8.5961000e-02
   7.8159700e-01  -4.2827800e-01  -8.0604000e-02
   7.8178900e-01  -3.4229100e-01  -1.6070800e-01
   7.8179400e-01  -4.4865700e-01  -1.4217800e-01
   7.8194200e-01  -3.2465000e-01  -1.6993300e-01
   7.8201800e-01  -5.6461600e-01  -7.5778000e-02
   7.8237200e-01  -5.7411900e-01  -7.6256000e-02
   7.8264700e-01  -5.4682300e-01  -8.6578000e-02
   7.8292800e-01  -4.6816100e-01  -7.7046000e-02
   7.8327700e-01  -5.5531000e-01  -8.1250000e-02
   7.8330100e-01  -5.5270200e-01  -8.6946000e-02
   7.8336100e-01  -4.3645600e-01  -1.5806500e-01
   7.8351200e-01  -3.4553200e-01  -1.6127600e-01
   7.8367900e-01  -5.5046600e-01  -8.6854000e-02
   7.8403800e-01  -5.5083600e-01  -8.1078000e-02
   7.8418600e-01  -4.3716300e-01  -1.0305800e-01
   7.8435300e-01  -5.5378800e-01  -8.1250000e-02
   7.8476500e-01  -5.4378000e-01  -8.6578000e-02
   7.8485300e-01  -3.1498800e-01  -1.6973200e-01
   7.8489400e-01  -5.6229500e-01  -7.5858000e-02
   7.8495900e-01  -5.5970300e-01  -8.1593000e-02
   7.8512700e-01  -4.4703300e-01  -1.5369500e-01
   7.8529300e-01  -5.6005100e-01  -7.5778000e-02
   7.8538100e-01  -5.5484900e-01  -7.5539000e-02
   7.8546300e-01  -3.1346300e-01  -1.6973200e-01
   7.8547700e-01  -4.4052500e-01  -1.5318200e-01
   7.8548400e-01  -3.4096500e-01  -1.6660700e-01
   7.8563900e-01  -3.4307500e-01  -1.6146500e-01
   7.8602100e-01  -3.4935600e-01  -1.6203200e-01
   7.8605300e-01  -3.1968700e-01  -1.7033600e-01
   7.8644900e-01  -4.7841700e-01  -8.3361000e-02
   7.8649500e-01  -5.4814700e-01  -8.6946000e-02
   7.8685600e-01  -5.4851600e-01  -8.1164000e-02
   7.8707900e-01  -4.3964000e-01  -1.5335300e-01
   7.8714800e-01  -4.4650700e-01  -1.3161700e-01
   7.8748900e-01  -3.1095400e-01  -1.6993300e-01
   7.8776400e-01  -5.5996000e-01  -7.5937000e-02
   7.8784700e-01  -5.5475300e-01  -7.5698000e-02
   7.8785700e-01  -3.2287000e-01  -1.7093900e-01
   7.8791800e-01  -5.4438000e-01  -8.6854000e-02
   7.8810100e-01  -4.7757700e-01  -8.3453000e-02
   7.8828000e-01  -5.4474700e-01  -8.1078000e-02
   7.8857400e-01  -5.5289400e-01  -8.1507000e-02
   7.8861700e-01  -5.6886700e-01  -7.6415000e-02
   7.8910500e-01  -3.1980900e-01  -1.7093900e-01
   7.8928600e-01  -5.5099400e-01  -7.5619000e-02
   7.8931800e-01  -5.4840700e-01  -8.1336000e-02
   7.8932600e-01  -3.1411700e-01  -1.7053700e-01
   7.8967500e-01  -5.4355700e-01  -8.6946000e-02
   7.8976700e-01  -5.2066100e-01  -8.5751000e-02
   7.8994700e-01  -5.3098000e-01  -8.6303000e-02
   7.9002600e-01  -5.4131700e-01  -8.6854000e-02
   7.9009900e-01  -3.0691700e-01  -1.7013500e-01
   7.9037200e-01  -5.3907700e-01  -8.6762000e-02
   7.9046200e-01  -4.4937800e-01  -1.5472100e-01
   7.9077700e-01  -5.1912600e-01  -8.5751000e-02
   7.9109300e-01  -5.4238800e-01  -8.1164000e-02
   7.9110900e-01  -4.5223600e-01  -7.6960000e-02
   7.9127400e-01  -3.2715400e-01  -1.7194400e-01
   7.9132100e-01  -3.3710500e-01  -1.6738800e-01
   7.9144100e-01  -5.4533800e-01  -8.1336000e-02
   7.9169600e-01  -5.5609200e-01  -7.6017000e-02
   7.9175300e-01  -5.3530200e-01  -8.6670000e-02
   7.9195800e-01  -4.8345900e-01  -7.8419000e-02
   7.9211800e-01  -4.8600600e-01  -8.4189000e-02
   7.9214400e-01  -5.4085100e-01  -8.1164000e-02
   7.9219100e-01  -4.9332400e-01  -8.4556000e-02
   7.9239600e-01  -3.2203900e-01  -1.6641200e-01
   7.9242100e-01  -4.5568500e-01  -1.5557500e-01
   7.9244900e-01  -4.9843800e-01  -8.4832000e-02
   7.9245200e-01  -5.5159200e-01  -7.5858000e-02
   7.9262400e-01  -5.1090600e-01  -8.5475000e-02
   7.9271400e-01  -5.2860600e-01  -8.6394000e-02
   7.9288500e-01  -4.8193800e-01  -7.8419000e-02
   7.9310500e-01  -5.3154200e-01  -8.6578000e-02
   7.9312800e-01  -4.5630200e-01  -1.5007100e-01
   7.9315100e-01  -3.0699300e-01  -1.7073800e-01
   7.9339100e-01  -3.2468100e-01  -1.6680200e-01
   7.9354100e-01  -5.4484700e-01  -7.5619000e-02
   7.9357000e-01  -4.4977400e-01  -1.5523300e-01
   7.9361500e-01  -5.0936500e-01  -8.5475000e-02
   7.9380800e-01  -4.5689600e-01  -1.4456100e-01
   7.9387800e-01  -4.9246100e-01  -8.4648000e-02
   7.9414400e-01  -3.4511400e-01  -1.6855800e-01
   7.9418000e-01  -5.3260200e-01  -8.0907000e-02
   7.9422200e-01  -5.5076200e-01  -7.5937000e-02
   7.9423900e-01  -5.3777000e-01  -8.1164000e-02
   7.9427700e-01  -3.6148100e-01  -1.5906200e-01
   7.9437800e-01  -3.2732700e-01  -1.6719200e-01
   7.9440500e-01  -3.1169100e-01  -1.7134100e-01
   7.9458800e-01  -5.4851100e-01  -7.5858000e-02
   7.9472500e-01  -4.6935500e-01  -7.7990000e-02
   7.9519200e-01  -3.3781300e-01  -1.6816800e-01
   7.9530300e-01  -5.4401100e-01  -7.5698000e-02
   7.9530500e-01  -4.8171900e-01  -7.8590000e-02
   7.9543000e-01  -3.1431700e-01  -1.7174300e-01
   7.9556400e-01  -4.9159400e-01  -8.4740000e-02
   7.9561400e-01  -3.4413700e-01  -1.6875300e-01
   7.9569100e-01  -3.3416400e-01  -1.6797300e-01
   7.9572500e-01  -5.0150700e-01  -7.9534000e-02
   7.9587500e-01  -5.2915400e-01  -8.6670000e-02
   7.9592400e-01  -5.3175700e-01  -8.0993000e-02
   7.9614800e-01  -5.2433600e-01  -8.0649000e-02
   7.9617400e-01  -3.3051700e-01  -1.6777800e-01
   7.9630000e-01  -5.0698100e-01  -8.5567000e-02
   7.9632800e-01  -4.9961600e-01  -8.5200000e-02
   7.9665200e-01  -3.3682800e-01  -1.6836300e-01
   7.9666600e-01  -4.9261000e-01  -7.9191000e-02
   7.9666900e-01  -5.0732900e-01  -7.9877000e-02
   7.9670300e-01  -3.1905400e-01  -1.6699700e-01
   7.9695500e-01  -5.3021000e-01  -8.0993000e-02
   7.9707800e-01  -3.3712400e-01  -1.3094700e-01
   7.9709100e-01  -5.2019500e-01  -8.6303000e-02
   7.9725600e-01  -4.5526600e-01  -7.7561000e-02
   7.9738100e-01  -5.1795700e-01  -8.6211000e-02
   7.9738500e-01  -4.5306600e-01  -7.7475000e-02
   7.9750100e-01  -3.4952500e-01  -1.6411200e-01
   7.9776500e-01  -5.4386800e-01  -8.7589000e-02
   7.9785500e-01  -3.2771900e-01  -1.3048900e-01
   7.9792100e-01  -5.2605700e-01  -7.5061000e-02
   7.9801100e-01  -5.3124200e-01  -7.5300000e-02
   7.9807200e-01  -5.3643600e-01  -7.5539000e-02
   7.9811600e-01  -5.4162100e-01  -7.5778000e-02
   7.9826300e-01  -4.5151700e-01  -7.7475000e-02
   7.9826900e-01  -4.7488100e-01  -7.8505000e-02
   7.9835500e-01  -4.9173600e-01  -7.9277000e-02
   7.9842600e-01  -4.4706200e-01  -1.5574600e-01
   7.9846900e-01  -5.1900000e-01  -8.0564000e-02
   7.9878200e-01  -4.6824400e-01  -7.8247000e-02
   7.9883800e-01  -5.4493800e-01  -8.1851000e-02
   7.9893900e-01  -5.1193300e-01  -8.6027000e-02
   7.9909600e-01  -4.6382500e-01  -7.8076000e-02
   7.9913800e-01  -4.4996600e-01  -7.7475000e-02
   7.9930900e-01  -5.1228400e-01  -8.0306000e-02
   7.9935600e-01  -3.3670100e-01  -1.3125300e-01
   7.9936200e-01  -4.7111700e-01  -7.8419000e-02
   7.9945900e-01  -5.0748000e-01  -8.5843000e-02
   7.9948900e-01  -3.4484900e-01  -1.6953300e-01
   7.9956900e-01  -3.3484500e-01  -1.6875300e-01
   7.9961100e-01  -5.0268000e-01  -7.9877000e-02
   7.9966000e-01  -5.2520100e-01  -8.6762000e-02
   7.9966500e-01  -3.3094100e-01  -1.3094700e-01
   7.9972600e-01  -4.8095800e-01  -7.3228000e-02
   7.9983000e-01  -5.0782900e-01  -8.0135000e-02
   7.9991200e-01  -5.1039100e-01  -7.4503000e-02
   7.9994200e-01  -4.9563100e-01  -7.3866000e-02
   7.9995600e-01  -5.0300200e-01  -7.4184000e-02
   7.9998500e-01  -4.6229000e-01  -7.8076000e-02
   8.0022800e-01  -5.4114900e-01  -8.1765000e-02
   8.0025200e-01  -5.2071000e-01  -7.4981000e-02
   8.0033600e-01  -3.2543800e-01  -1.6816800e-01
   8.0037800e-01  -5.1329700e-01  -7.4662000e-02
   8.0047400e-01  -3.4149900e-01  -1.3171100e-01
   8.0047900e-01  -5.1589600e-01  -8.0564000e-02
   8.0058100e-01  -3.4968000e-01  -1.6467900e-01
   8.0058600e-01  -3.1968300e-01  -1.6777800e-01
   8.0059300e-01  -5.4668800e-01  -7.6176000e-02
   8.0059500e-01  -4.8896600e-01  -7.3627000e-02
   8.0065800e-01  -3.3359400e-01  -1.3125300e-01
   8.0083800e-01  -5.3144200e-01  -8.1336000e-02
   8.0090200e-01  -5.0883700e-01  -7.4503000e-02
   8.0091600e-01  -5.1882500e-01  -8.0735000e-02
   8.0094400e-01  -3.2783300e-01  -1.3094700e-01
   8.0099900e-01  -3.1995800e-01  -1.3048900e-01
   8.0113000e-01  -3.4600300e-01  -1.6449000e-01
   8.0119800e-01  -3.1814500e-01  -1.6777800e-01
   8.0124100e-01  -3.6244100e-01  -1.6034300e-01
   8.0124600e-01  -5.3698000e-01  -7.5778000e-02
   8.0142100e-01  -5.1428600e-01  -6.9004000e-02
   8.0146300e-01  -5.2694400e-01  -8.1164000e-02
   8.0201900e-01  -3.2261200e-01  -1.3079400e-01
   8.0202500e-01  -3.3653800e-01  -1.6392300e-01
   8.0204300e-01  -3.1870600e-01  -1.6259900e-01
   8.0212400e-01  -3.6515500e-01  -1.6070900e-01
   8.0237100e-01  -4.9542500e-01  -7.4025000e-02
   8.0239800e-01  -3.2683000e-01  -1.3110000e-01
   8.0248500e-01  -5.2538600e-01  -8.1164000e-02
   8.0252500e-01  -5.2797000e-01  -7.5459000e-02
   8.0260400e-01  -3.4501100e-01  -1.6467900e-01
   8.0284000e-01  -3.3709900e-01  -1.5869600e-01
   8.0286100e-01  -3.1924900e-01  -1.5741400e-01
   8.0301900e-01  -5.0092500e-01  -8.0049000e-02
   8.0313200e-01  -3.4133100e-01  -1.6449000e-01
   8.0315000e-01  -3.0769000e-01  -1.7274900e-01
   8.0324700e-01  -3.1557100e-01  -1.6797300e-01
   8.0326300e-01  -3.3739100e-01  -1.3186400e-01
   8.0334300e-01  -5.0864400e-01  -7.4662000e-02
   8.0342400e-01  -5.2122100e-01  -7.5220000e-02
   8.0342900e-01  -4.6998400e-01  -7.8676000e-02
   8.0362900e-01  -3.3764300e-01  -1.5346300e-01
   8.0364500e-01  -3.1191300e-01  -1.6777800e-01
   8.0371300e-01  -5.1897300e-01  -7.5141000e-02
   8.0379300e-01  -3.3977100e-01  -1.6449000e-01
   8.0379700e-01  -4.4933800e-01  -1.5677200e-01
   8.0385200e-01  -3.2582300e-01  -1.3125300e-01
   8.0385800e-01  -3.1401000e-01  -1.6797300e-01
   8.0390700e-01  -4.4715800e-01  -1.5660100e-01
   8.0394700e-01  -3.4189800e-01  -1.5924500e-01
   8.0406700e-01  -4.9454000e-01  -7.4105000e-02
   8.0422200e-01  -3.2607200e-01  -1.6894800e-01
   8.0461000e-01  -3.4033600e-01  -1.5924500e-01
   8.0473600e-01  -3.4244600e-01  -1.5399400e-01
   8.0494000e-01  -3.3454600e-01  -1.6430100e-01
   8.0496400e-01  -5.0519600e-01  -8.0392000e-02
   8.0506900e-01  -3.2664100e-01  -1.6373300e-01
   8.0510600e-01  -3.3664700e-01  -1.6449000e-01
   8.0529500e-01  -3.5507700e-01  -1.3868300e-01
   8.0540000e-01  -3.4088300e-01  -1.5399400e-01
   8.0546800e-01  -5.3595100e-01  -7.6017000e-02
   8.0570200e-01  -3.2507800e-01  -1.6373300e-01
   8.0573400e-01  -3.5948800e-01  -1.6089200e-01
   8.0575900e-01  -3.3510600e-01  -1.5906200e-01
   8.0589000e-01  -3.2719300e-01  -1.5851300e-01
   8.0591900e-01  -4.6511800e-01  -1.5271000e-01
   8.0592500e-01  -3.3720900e-01  -1.5924500e-01
   8.0597500e-01  -3.5556100e-01  -1.3339200e-01
   8.0603300e-01  -5.1617000e-01  -6.9371000e-02
   8.0608000e-01  -3.5358100e-01  -1.4413400e-01
   8.0614400e-01  -3.1747800e-01  -1.3110000e-01
   8.0640000e-01  -3.3353500e-01  -1.6449000e-01
   8.0652400e-01  -3.2562700e-01  -1.5851300e-01
   8.0655200e-01  -3.3564800e-01  -1.5381700e-01
   8.0661300e-01  -4.6572200e-01  -1.4710300e-01
   8.0662900e-01  -3.5602600e-01  -1.2809600e-01
   8.0671800e-01  -3.3775300e-01  -1.5399400e-01
   8.0678900e-01  -3.5408300e-01  -1.3884200e-01
   8.0702400e-01  -5.0463300e-01  -7.4742000e-02
   8.0704600e-01  -3.3196900e-01  -1.6449000e-01
   8.0709400e-01  -3.4815600e-01  -1.3308600e-01
   8.0722100e-01  -3.3409400e-01  -1.5924500e-01
   8.0728100e-01  -4.6630300e-01  -1.4149000e-01
   8.0729900e-01  -3.4626100e-01  -1.6562400e-01
   8.0737600e-01  -3.2224500e-01  -1.3155800e-01
   8.0744700e-01  -3.5044800e-01  -1.4413400e-01
   8.0747000e-01  -3.5456700e-01  -1.3354500e-01
   8.0753900e-01  -3.1249000e-01  -1.6855800e-01
   8.0768900e-01  -3.3040100e-01  -1.6449000e-01
   8.0776000e-01  -5.1528700e-01  -6.9445000e-02
   8.0785800e-01  -5.3055800e-01  -7.5937000e-02
   8.0786800e-01  -3.3252600e-01  -1.5924500e-01
   8.0801600e-01  -3.3463500e-01  -1.5399400e-01
   8.0807700e-01  -4.8606200e-01  -7.4025000e-02
   8.0811900e-01  -3.4683300e-01  -1.6034300e-01
   8.0823300e-01  -5.0823500e-01  -7.4981000e-02
   8.0824900e-01  -3.4896600e-01  -1.6052600e-01
   8.0828100e-01  -3.5308600e-01  -1.3900100e-01
   8.0828800e-01  -3.0515200e-01  -1.6816800e-01
   8.0851300e-01  -3.3095700e-01  -1.5924500e-01
   8.0861500e-01  -3.7409200e-01  -1.5700300e-01
   8.0882200e-01  -3.5965600e-01  -1.6144100e-01
   8.0884100e-01  -3.5142900e-01  -1.3354500e-01
   8.0891300e-01  -3.4738700e-01  -1.5505600e-01
   8.0896400e-01  -3.5356900e-01  -1.3369800e-01
   8.0902200e-01  -3.6392600e-01  -1.6180700e-01
   8.0904300e-01  -3.4952200e-01  -1.5523300e-01
   8.0911000e-01  -3.6607300e-01  -1.6199000e-01
   8.0917800e-01  -3.2145600e-01  -1.6953300e-01
   8.0960000e-01  -3.2569100e-01  -1.6449000e-01
   8.0962100e-01  -3.5403300e-01  -1.2838900e-01
   8.0967100e-01  -4.9476400e-01  -7.4503000e-02
   8.0981000e-01  -3.5005900e-01  -1.4993400e-01
   8.0998200e-01  -3.5223200e-01  -1.6107500e-01
   8.1003300e-01  -3.2202100e-01  -1.6430100e-01
   8.1021200e-01  -3.5651200e-01  -1.6144100e-01
   8.1042700e-01  -3.2624200e-01  -1.5924500e-01
   8.1047300e-01  -3.2231200e-01  -1.3201700e-01
   8.1061400e-01  -3.1252000e-01  -1.6914300e-01
   8.1077700e-01  -3.5279100e-01  -1.5576400e-01
   8.1079300e-01  -3.5486100e-01  -1.4495900e-01
   8.1086000e-01  -3.2256800e-01  -1.5906200e-01
   8.1088300e-01  -3.5492400e-01  -1.6694800e-01
   8.1089200e-01  -3.1862000e-01  -1.3186400e-01
   8.1100700e-01  -3.5707600e-01  -1.5611800e-01
   8.1107200e-01  -3.1676000e-01  -1.6411200e-01
   8.1121900e-01  -3.1094500e-01  -1.6914300e-01
   8.1154600e-01  -3.5333200e-01  -1.5044600e-01
   8.1177500e-01  -3.5762100e-01  -1.5078800e-01
   8.1182200e-01  -3.0936900e-01  -1.6914300e-01
   8.1190500e-01  -3.1335500e-01  -1.3171100e-01
   8.1203800e-01  -4.6807400e-01  -1.5386400e-01
   8.1272500e-01  -3.1783900e-01  -1.5906200e-01
   8.1273900e-01  -4.6868000e-01  -1.4821500e-01
   8.1333300e-01  -3.1625500e-01  -1.6449000e-01
   8.1341300e-01  -4.6926500e-01  -1.4256000e-01
   8.1342600e-01  -3.6086800e-01  -1.4578300e-01
   8.1343800e-01  -3.6295700e-01  -1.4043100e-01
   8.1352900e-01  -3.1836400e-01  -1.5381700e-01
   8.1411500e-01  -3.5720700e-01  -1.6217300e-01
   8.1412500e-01  -3.6344900e-01  -1.3507300e-01
   8.1416500e-01  -3.1679600e-01  -1.5924500e-01
   8.1443200e-01  -3.0517800e-01  -1.6933800e-01
   8.1454900e-01  -3.0915200e-01  -1.3186400e-01
   8.1460900e-01  -3.1708400e-01  -1.3232200e-01
   8.1475800e-01  -3.2314700e-01  -1.6524600e-01
   8.1477900e-01  -3.1126700e-01  -1.3201700e-01
   8.1478600e-01  -3.6392200e-01  -1.2971000e-01
   8.1489600e-01  -3.7659400e-01  -1.5824200e-01
   8.1491400e-01  -3.5777200e-01  -1.5682600e-01
   8.1497100e-01  -3.1732000e-01  -1.5399400e-01
   8.1549400e-01  -3.0193900e-01  -1.4232000e-01
   8.1559100e-01  -3.2369500e-01  -1.5997700e-01
   8.1564700e-01  -3.1974600e-01  -1.3262800e-01
   8.1568700e-01  -3.5831800e-01  -1.5147200e-01
   8.1579400e-01  -4.9788900e-01  -7.5061000e-02
   8.1613400e-01  -3.4626100e-01  -1.2882900e-01
   8.1622000e-01  -3.0239500e-01  -1.3709500e-01
   8.1632700e-01  -3.0832000e-01  -1.6992400e-01
   8.1691900e-01  -3.0283400e-01  -1.3186400e-01
   8.1758900e-01  -4.6813100e-01  -1.5468900e-01
   8.1764000e-01  -3.1310300e-01  -1.6505700e-01
   8.1778500e-01  -3.0730200e-01  -1.6467900e-01
   8.1796600e-01  -3.0936200e-01  -1.4856600e-01
   8.1802200e-01  -3.0939800e-01  -1.6486800e-01
   8.1833300e-01  -4.5702700e-01  -1.5967800e-01
   8.1834100e-01  -3.0568900e-01  -1.7011900e-01
   8.1842000e-01  -3.6652100e-01  -1.5806500e-01
   8.1866900e-01  -3.2371700e-01  -1.6600200e-01
   8.1879900e-01  -4.6208400e-01  -1.5435900e-01
   8.1886200e-01  -3.0993200e-01  -1.5961100e-01
   8.1897000e-01  -3.5440500e-01  -1.2971000e-01
   8.1907700e-01  -3.0615300e-01  -1.4314500e-01
   8.1915700e-01  -3.1606000e-01  -1.3293400e-01
   8.1919500e-01  -3.6707500e-01  -1.5266900e-01
   8.1920600e-01  -3.5872100e-01  -1.3000300e-01
   8.1931500e-01  -3.0827100e-01  -1.4331000e-01
   8.1945000e-01  -3.1030600e-01  -1.3804800e-01
   8.1950700e-01  -3.2426600e-01  -1.6070900e-01
   8.1950700e-01  -3.1628500e-01  -1.6562400e-01
   8.1960100e-01  -3.7791300e-01  -1.5912700e-01
   8.1967400e-01  -3.1044900e-01  -1.5434800e-01
   8.1968500e-01  -4.6051100e-01  -1.5435900e-01
   8.1971600e-01  -3.1840900e-01  -1.6581300e-01
   8.1980700e-01  -3.0661300e-01  -1.3788900e-01
   8.1990100e-01  -3.5713000e-01  -1.3000300e-01
   8.1990200e-01  -3.1257200e-01  -1.6543500e-01
   8.1994400e-01  -3.6761100e-01  -1.4726700e-01
   8.2004100e-01  -3.0676100e-01  -1.6505700e-01
   8.2004400e-01  -3.0873300e-01  -1.3804800e-01
   8.2011300e-01  -3.6981400e-01  -1.5859600e-01
   8.2028600e-01  -3.0888600e-01  -1.5979400e-01
   8.2031800e-01  -3.2479800e-01  -1.5541000e-01
   8.2034800e-01  -3.1682700e-01  -1.6034300e-01
   8.2050900e-01  -3.0705600e-01  -1.3262800e-01
   8.2055700e-01  -3.1895300e-01  -1.6052600e-01
   8.2072900e-01  -3.6607000e-01  -1.6400400e-01
   8.2074400e-01  -4.6846800e-01  -1.5518300e-01
   8.2074600e-01  -3.0917700e-01  -1.3278100e-01
   8.2089000e-01  -3.7037200e-01  -1.5318200e-01
   8.2098500e-01  -3.1128300e-01  -1.3293400e-01
   8.2110000e-01  -3.0940200e-01  -1.5452500e-01
   8.2115400e-01  -3.5178500e-01  -1.2985600e-01
   8.2116100e-01  -3.1735100e-01  -1.5505600e-01
   8.2137000e-01  -3.1948000e-01  -1.5523300e-01
   8.2153500e-01  -3.6664400e-01  -1.5859600e-01
   8.2164000e-01  -3.7091000e-01  -1.4776200e-01
   8.2188800e-01  -3.0990000e-01  -1.4925000e-01
   8.2231400e-01  -3.6719900e-01  -1.5318200e-01
   8.2264700e-01  -3.0249800e-01  -1.6524600e-01
   8.2332900e-01  -3.4915300e-01  -1.3000300e-01
   8.2337800e-01  -3.0886600e-01  -1.6034300e-01
   8.2339900e-01  -4.7551800e-01  -1.5617300e-01
   8.2385400e-01  -3.4541500e-01  -1.2985600e-01
   8.2396100e-01  -3.0725700e-01  -1.6581300e-01
   8.2419700e-01  -3.0938200e-01  -1.5505600e-01
   8.2488600e-01  -3.1575600e-01  -1.6107500e-01
   8.2498800e-01  -3.0988100e-01  -1.4976300e-01
   8.2503300e-01  -3.0398300e-01  -1.4396900e-01
   8.2504800e-01  -3.7761300e-01  -1.6001200e-01
   8.2534300e-01  -3.5676500e-01  -1.3073700e-01
   8.2570500e-01  -3.1627900e-01  -1.5576400e-01
   8.2577000e-01  -3.0444200e-01  -1.3868300e-01
   8.2615500e-01  -4.7071400e-01  -1.5617300e-01
   8.2647800e-01  -3.0488300e-01  -1.3339200e-01
   8.2657200e-01  -3.0296900e-01  -1.6600200e-01
   8.2749800e-01  -3.8153000e-01  -1.6072000e-01
   8.2778700e-01  -3.0767600e-01  -1.4462900e-01
   8.2817500e-01  -3.7773800e-01  -1.6054300e-01
   8.2852500e-01  -3.0813800e-01  -1.3931900e-01
   8.2923600e-01  -3.0858300e-01  -1.3400300e-01
   8.2955200e-01  -3.0878000e-01  -1.6694800e-01
   8.2977600e-01  -4.6430100e-01  -1.5617300e-01
   8.2980400e-01  -3.1092600e-01  -1.6162400e-01
   8.2991900e-01  -4.6205600e-01  -1.5600800e-01
   8.3063000e-01  -3.1144500e-01  -1.5629500e-01
   8.3134800e-01  -3.5259500e-01  -1.3132400e-01
   8.3142900e-01  -3.1194600e-01  -1.5095900e-01
   8.3159700e-01  -3.9100600e-01  -1.5643000e-01
   8.3254600e-01  -3.2266600e-01  -1.6290500e-01
   8.3256800e-01  -3.4719300e-01  -1.3117700e-01
   8.3337300e-01  -3.2319700e-01  -1.5753400e-01
   8.3410800e-01  -3.0764100e-01  -1.6217300e-01
   8.3434400e-01  -3.0978000e-01  -1.6235600e-01
   8.3516800e-01  -3.5102900e-01  -1.3176400e-01
   8.3517600e-01  -3.1029800e-01  -1.5700300e-01
   8.3566000e-01  -4.7163300e-01  -1.5765700e-01
   8.3598000e-01  -3.1079800e-01  -1.5164300e-01
   8.3629200e-01  -3.9009700e-01  -1.5711400e-01
   8.3700300e-01  -3.8626900e-01  -1.5694300e-01
   8.3745000e-01  -3.0971300e-01  -1.5735700e-01
   8.3756500e-01  -4.8774400e-01  -1.5329800e-01
   8.3770400e-01  -3.4237600e-01  -1.3161700e-01
   8.3784500e-01  -3.8905200e-01  -1.5728500e-01
   8.3790900e-01  -3.1400600e-01  -1.6327200e-01
   8.3825600e-01  -3.1021300e-01  -1.5198500e-01
   8.3826300e-01  -4.8834700e-01  -1.4744900e-01
   8.3874400e-01  -3.1452800e-01  -1.5788800e-01
   8.3893500e-01  -4.8892600e-01  -1.4159500e-01
   8.3903500e-01  -3.1069500e-01  -1.4660800e-01
   8.3948500e-01  -3.0697400e-01  -1.6308900e-01
   8.3955200e-01  -3.1503300e-01  -1.5249800e-01
   8.3978500e-01  -3.1116100e-01  -1.4122500e-01
   8.4007900e-01  -3.0534300e-01  -1.6308900e-01
   8.4015400e-01  -2.9944600e-01  -1.6272200e-01
   8.4030000e-01  -3.6080000e-01  -1.2743600e-01
   8.4042700e-01  -3.1961800e-01  -1.3073700e-01
   8.4047600e-01  -3.0958400e-01  -1.4677300e-01
   8.4050800e-01  -3.1160900e-01  -1.3583700e-01
   8.4099100e-01  -3.5918600e-01  -1.2743600e-01
   8.4122800e-01  -3.1004800e-01  -1.4138400e-01
   8.4156000e-01  -3.5536200e-01  -1.2729600e-01
   8.4189000e-01  -3.9638000e-01  -1.5848200e-01
   8.4195200e-01  -3.1049500e-01  -1.3599000e-01
   8.4200000e-01  -3.0852000e-01  -1.5806500e-01
   8.4209200e-01  -3.0260700e-01  -1.6327200e-01
   8.4234900e-01  -3.0473400e-01  -1.6345500e-01
   8.4264700e-01  -4.8234500e-01  -1.1178200e-01
   8.4281200e-01  -3.0901900e-01  -1.5266900e-01
   8.4288400e-01  -3.1308100e-01  -1.3073700e-01
   8.4309200e-01  -3.5219800e-01  -1.3293800e-01
   8.4334500e-01  -3.8867700e-01  -1.5814000e-01
   8.4359600e-01  -3.0950000e-01  -1.4726700e-01
   8.4377700e-01  -3.6744000e-01  -1.2828000e-01
   8.4390600e-01  -3.1170100e-01  -1.6418700e-01
   8.4395400e-01  -3.1576300e-01  -1.3103000e-01
   8.4411800e-01  -3.8923400e-01  -1.5254500e-01
   8.4435200e-01  -3.0996500e-01  -1.4186000e-01
   8.4439600e-01  -3.2009000e-01  -1.3132400e-01
   8.4475000e-01  -3.1222200e-01  -1.5877300e-01
   8.4508000e-01  -3.1041200e-01  -1.3644800e-01
   8.4556400e-01  -3.1272500e-01  -1.5335300e-01
   8.4561900e-01  -3.8813100e-01  -1.4694400e-01
   8.4565400e-01  -3.2495500e-01  -1.3176400e-01
   8.4624100e-01  -3.5221000e-01  -1.3337800e-01
   8.4633700e-01  -3.8864600e-01  -1.4133700e-01
   8.4854100e-01  -3.1456100e-01  -1.3161700e-01
   8.4938000e-01  -3.6917200e-01  -1.2912400e-01
   8.4976400e-01  -3.3578100e-01  -1.3293800e-01
   8.4987100e-01  -3.6312300e-01  -1.2884300e-01
   8.5059600e-01  -3.4673400e-01  -1.3367100e-01
   8.5157100e-01  -3.4947500e-01  -1.3396500e-01
   8.5186100e-01  -3.5385800e-01  -1.3425800e-01
   8.5197200e-01  -3.5816600e-01  -1.2884300e-01
   8.5306900e-01  -3.5046500e-01  -1.2856200e-01
   8.5340300e-01  -3.2369400e-01  -1.3279100e-01
   8.5343000e-01  -3.4231200e-01  -1.3381800e-01
   8.5348900e-01  -3.5706200e-01  -1.2898400e-01
   8.5492400e-01  -3.4119200e-01  -1.3396500e-01
   8.5504400e-01  -3.3294900e-01  -1.3352500e-01
   8.5523000e-01  -3.3514100e-01  -1.3367100e-01
   8.5541000e-01  -3.3733500e-01  -1.3381800e-01
   8.5582800e-01  -3.5650200e-01  -1.2926500e-01
   8.5607700e-01  -3.4613100e-01  -1.3440500e-01
   8.5619900e-01  -3.6314300e-01  -1.2968700e-01
   8.5623100e-01  -3.4833500e-01  -1.3455200e-01
   8.5777500e-01  -4.0802300e-01  -1.5600800e-01
   8.5854900e-01  -3.1664400e-01  -1.6142800e-01
   8.5924100e-01  -3.4819500e-01  -1.2926500e-01
   8.5937900e-01  -3.1715200e-01  -1.5591700e-01
   8.5939200e-01  -3.5040600e-01  -1.2940600e-01
   8.6018100e-01  -3.1764300e-01  -1.5040100e-01
   8.6036400e-01  -3.5316300e-01  -1.2968700e-01
   8.6205700e-01  -3.1267400e-01  -1.6178200e-01
   8.6333300e-01  -4.0533300e-01  -1.5666700e-01
   8.6481400e-01  -3.1638900e-01  -1.6249000e-01
   8.6568500e-01  -4.0478600e-01  -1.5107400e-01
   8.6588600e-01  -3.1907300e-01  -1.6284400e-01
   8.6856600e-01  -3.1455000e-01  -1.6302100e-01
   8.6917600e-01  -3.1286300e-01  -1.6302100e-01
   8.7062700e-01  -3.1167800e-01  -1.6319800e-01
   8.7283500e-01  -4.0994200e-01  -1.4653300e-01
   8.7598000e-01  -3.2522200e-01  -1.5916600e-01
   8.8144700e-01  -3.2438400e-01  -1.6002000e-01
   8.8537600e-01  -3.3305900e-01  -1.4948600e-01
   8.8587000e-01  -3.2916100e-01  -1.6104600e-01
   8.8620700e-01  -3.7456900e-01  -1.3432900e-01
   8.8859200e-01  -3.3290500e-01  -1.5584300e-01
   8.8967500e-01  -3.2724100e-01  -1.6155900e-01
   8.9178500e-01  -3.2428800e-01  -1.6173000e-01
   8.9303800e-01  -3.2082300e-01  -1.6173000e-01
   8.9960700e-01  -3.3108000e-01  -1.6344000e-01
   9.0088600e-01  -3.2758400e-01  -1.6344000e-01
   9.0272200e-01  -3.3938300e-01  -1.5848200e-01
   9.0448400e-01  -3.3185700e-01  -1.5831700e-01
   9.0929000e-01  -3.4119900e-01  -1.5963600e-01
