   8.8858400e-01  -6.6408700e-01  -1.4871200e-01
   8.9332800e-01  -6.7892200e-01  -1.5046100e-01
   8.9404600e-01  -6.6666700e-01  -1.5641200e-01
   8.9801500e-01  -6.8729800e-01  -1.5167200e-01
   9.0034400e-01  -6.7938100e-01  -1.5126900e-01
   9.1950400e-01  -6.8976500e-01  -1.6133500e-01
   9.2021700e-01  -6.9366800e-01  -1.5463300e-01
   9.2341300e-01  -6.8120000e-01  -1.6815300e-01
   9.2377000e-01  -6.6912100e-01  -1.6712600e-01
   9.2465500e-01  -6.7620700e-01  -1.6786000e-01
   9.2706500e-01  -6.6622400e-01  -1.6727300e-01
   9.2717400e-01  -6.6941600e-01  -1.6756600e-01
   9.2835700e-01  -6.6442200e-01  -1.6727300e-01
   9.3156100e-01  -6.8000700e-01  -1.6903400e-01
   9.3245500e-01  -6.6541000e-01  -1.6786000e-01
   9.3245600e-01  -6.5015300e-01  -1.6653900e-01
   9.3261800e-01  -7.0324300e-01  -1.5678700e-01
   9.3300300e-01  -6.4765700e-01  -1.6639200e-01
   9.3327400e-01  -7.0391700e-01  -1.4970000e-01
   9.3364400e-01  -7.2120300e-01  -1.5111400e-01
   9.3503200e-01  -6.6178400e-01  -1.6786000e-01
   9.3546100e-01  -6.5608600e-01  -1.6741900e-01
   9.3604400e-01  -7.1324300e-01  -1.5072800e-01
   9.3683900e-01  -7.0758000e-01  -3.5613000e-02
   9.3697200e-01  -6.4362800e-01  -1.6653900e-01
   9.3697600e-01  -7.0772100e-01  -2.8492000e-02
   9.3708200e-01  -7.0783100e-01  -2.1370000e-02
   9.3708400e-01  -6.3479600e-01  -1.6580500e-01
   9.3728300e-01  -6.6705500e-01  -1.6859300e-01
   9.3761700e-01  -7.0193600e-01  -2.8419000e-02
   9.3772400e-01  -7.0204500e-01  -2.1315000e-02
   9.3780000e-01  -7.0212300e-01  -1.4210000e-02
   9.3784600e-01  -7.0217000e-01  -7.1050000e-03
   9.3786100e-01  -7.0218500e-01   0.0000000e+00
   9.3811900e-01  -7.0244800e-01  -1.6457000e-01
   9.3813700e-01  -7.0568500e-01  -1.6485100e-01
   9.3844600e-01  -6.6203300e-01  -1.6830000e-01
   9.3854600e-01  -7.0288400e-01   7.1110000e-03
   9.3875500e-01  -6.5136300e-01  -1.6741900e-01
   9.3876200e-01  -7.0955700e-01  -4.2844000e-02
   9.3879900e-01  -7.0636200e-01  -9.2830000e-02
   9.3915800e-01  -7.0673000e-01  -7.1377000e-02
   9.3918200e-01  -7.0675400e-01  -8.5703000e-02
   9.3953400e-01  -7.0711500e-01  -7.8572000e-02
   9.3957900e-01  -7.0393700e-01  -3.5613000e-02
   9.3977800e-01  -7.0736500e-01  -1.0012500e-01
   9.3990900e-01  -7.0109600e-01   0.0000000e+00
   9.4024900e-01  -7.0784700e-01  -1.1458200e-01
   9.4060100e-01  -7.0497900e-01   1.4260000e-02
   9.4072500e-01  -7.0833400e-01  -1.0744200e-01
   9.4081000e-01  -7.0519300e-01  -4.2807000e-02
   9.4112000e-01  -7.1198100e-01  -5.7311000e-02
   9.4117400e-01  -7.0238100e-01  -2.1370000e-02
   9.4120700e-01  -6.9920800e-01   1.4223000e-02
   9.4125100e-01  -7.0245900e-01  -1.4247000e-02
   9.4125300e-01  -6.9925400e-01  -7.1110000e-03
   9.4125300e-01  -6.9925400e-01   7.1110000e-03
   9.4126900e-01  -6.9927000e-01   0.0000000e+00
   9.4128900e-01  -7.0891100e-01  -1.2918000e-01
   9.4135000e-01  -7.1221700e-01  -5.0152000e-02
   9.4154200e-01  -7.0917000e-01  -6.4413000e-02
   9.4176800e-01  -7.0298500e-01  -2.8517000e-02
   9.4182800e-01  -7.0946300e-01  -1.2203100e-01
   9.4191000e-01  -6.9991900e-01  -1.4235000e-02
   9.4194900e-01  -7.0635300e-01  -8.5850000e-02
   9.4199800e-01  -7.0321800e-01  -7.1300000e-03
   9.4199800e-01  -7.0321800e-01   7.1300000e-03
   9.4207100e-01  -7.0971200e-01  -7.1540000e-03
   9.4207100e-01  -7.0971200e-01   7.1540000e-03
   9.4208600e-01  -7.0972800e-01   0.0000000e+00
   9.4230200e-01  -7.0671400e-01  -7.8707000e-02
   9.4242900e-01  -7.0044400e-01  -2.8492000e-02
   9.4247900e-01  -7.0689400e-01  -5.7213000e-02
   9.4253600e-01  -7.0055200e-01  -2.1370000e-02
   9.4262500e-01  -7.0704300e-01  -7.1561000e-02
   9.4264700e-01  -7.1030200e-01  -2.1481000e-02
   9.4271000e-01  -7.0712900e-01  -5.0066000e-02
   9.4272400e-01  -7.1038000e-01  -1.4321000e-02
   9.4280200e-01  -7.1046000e-01  -1.3667400e-01
   9.4291200e-01  -7.0093300e-01  -1.6499200e-01
   9.4291700e-01  -7.0734100e-01  -6.4413000e-02
   9.4293900e-01  -7.0417400e-01  -1.6527300e-01
   9.4298300e-01  -7.1064600e-01  -1.5853600e-01
   9.4298700e-01  -7.1716100e-01  -9.3627000e-02
   9.4299300e-01  -7.0101500e-01  -3.5644000e-02
   9.4319900e-01  -7.1086700e-01  -5.7360000e-02
   9.4325600e-01  -6.9488500e-01  -7.1050000e-03
   9.4327200e-01  -6.9490100e-01   0.0000000e+00
   9.4328100e-01  -7.0452100e-01  -7.1500000e-02
   9.4332900e-01  -6.9815100e-01   0.0000000e+00
   9.4335300e-01  -7.1427500e-01  -7.1868000e-02
   9.4337100e-01  -7.1755700e-01  -8.6438000e-02
   9.4337900e-01  -6.9820100e-01  -1.3586000e-01
   9.4342900e-01  -7.1110300e-01  -5.0195000e-02
   9.4353100e-01  -6.9516100e-01  -1.6457000e-01
   9.4360900e-01  -7.0163700e-01  -1.5786300e-01
   9.4363500e-01  -7.0488100e-01  -1.5813200e-01
   9.4364700e-01  -7.1132600e-01  -1.5137100e-01
   9.4366700e-01  -7.0810600e-01  -1.5840100e-01
   9.4372500e-01  -7.1792200e-01  -7.9247000e-02
   9.4395100e-01  -6.9877800e-01  -1.2874000e-01
   9.4405500e-01  -7.0850200e-01  -1.2940100e-01
   9.4405700e-01  -7.0530900e-01   1.4296000e-02
   9.4412000e-01  -6.8939600e-01  -1.6414800e-01
   9.4427400e-01  -7.0231100e-01  -1.5072800e-01
   9.4428100e-01  -7.1197500e-01  -1.4420000e-01
   9.4430000e-01  -7.0555600e-01  -1.5098500e-01
   9.4432700e-01  -7.1202200e-01  -4.3064000e-02
   9.4432900e-01  -7.1854600e-01  -1.5201300e-01
   9.4433200e-01  -7.0878400e-01  -1.5124200e-01
   9.4434100e-01  -7.1529100e-01  -6.4744000e-02
   9.4435700e-01  -7.0561500e-01  -7.8774000e-02
   9.4449200e-01  -6.9932300e-01  -1.2161400e-01
   9.4449700e-01  -7.1219500e-01  -3.5890000e-02
   9.4459600e-01  -7.0905300e-01  -1.2223900e-01
   9.4463500e-01  -7.1233700e-01  -2.8713000e-02
   9.4471700e-01  -7.0598000e-01  -1.2929100e-01
   9.4493500e-01  -7.0620100e-01  -1.4383300e-01
   9.4496700e-01  -7.0943100e-01  -1.4407700e-01
   9.4497400e-01  -7.0624100e-01  -6.4468000e-02
   9.4498400e-01  -7.0303000e-01  -9.3069000e-02
   9.4501600e-01  -7.0628400e-01  -9.3228000e-02
   9.4510600e-01  -7.0957300e-01  -1.1507200e-01
   9.4511700e-01  -7.1608900e-01  -7.9247000e-02
   9.4519500e-01  -7.0003200e-01  -2.8541000e-02
   9.4523600e-01  -7.0650700e-01  -5.7311000e-02
   9.4530300e-01  -7.0014000e-01  -2.1407000e-02
   9.4530600e-01  -7.0014400e-01  -7.1439000e-02
   9.4537000e-01  -7.0342000e-01  -8.5923000e-02
   9.4538000e-01  -7.0021800e-01  -1.4272000e-02
   9.4540200e-01  -7.0667600e-01  -8.6071000e-02
   9.4542600e-01  -7.0026500e-01  -7.1360000e-03
   9.4542600e-01  -7.0026500e-01   7.1360000e-03
   9.4546700e-01  -7.0674200e-01  -5.0152000e-02
   9.4553800e-01  -7.0681400e-01  -1.3667400e-01
   9.4557000e-01  -7.1004700e-01  -1.3690700e-01
   9.4558500e-01  -7.1006100e-01  -1.0790100e-01
   9.4560000e-01  -7.0043900e-01  -6.4302000e-02
   9.4562700e-01  -6.9726600e-01  -1.5772900e-01
   9.4566600e-01  -7.0050600e-01  -1.6527300e-01
   9.4566800e-01  -7.0694600e-01  -4.2991000e-02
   9.4568500e-01  -7.0052500e-01  -7.8640000e-02
   9.4572600e-01  -7.0378000e-01  -7.8774000e-02
   9.4583700e-01  -7.0711800e-01  -3.5828000e-02
   9.4590400e-01  -7.0396000e-01  -5.7262000e-02
   9.4601800e-01  -6.9446700e-01   7.1180000e-03
   9.4603300e-01  -7.1051800e-01  -1.0072600e-01
   9.4604600e-01  -7.1704300e-01  -1.0106900e-01
   9.4605000e-01  -7.0410800e-01  -7.1623000e-02
   9.4608600e-01  -7.0414400e-01  -1.2929100e-01
   9.4624800e-01  -7.0753500e-01  -1.0780900e-01
   9.4629400e-01  -6.9793600e-01  -1.5060000e-01
   9.4630400e-01  -7.0436500e-01  -1.4383300e-01
   9.4633600e-01  -7.0439700e-01  -4.2954000e-02
   9.4634300e-01  -7.0440500e-01  -6.4468000e-02
   9.4635700e-01  -7.1736300e-01  -1.4481200e-01
   9.4645000e-01  -7.1094400e-01  -9.3547000e-02
   9.4646300e-01  -7.1747200e-01  -9.3866000e-02
   9.4665300e-01  -7.0794700e-01  -1.2234300e-01
   9.4665600e-01  -6.9192300e-01   7.1110000e-03
   9.4667800e-01  -6.9512700e-01   1.4247000e-02
   9.4669600e-01  -7.0799100e-01  -1.0064000e-01
   9.4684900e-01  -7.1786900e-01  -8.6659000e-02
   9.4696200e-01  -7.1798400e-01  -1.3760500e-01
   9.4698700e-01  -7.1801000e-01  -1.0845300e-01
   9.4703500e-01  -7.2133700e-01  -1.4517900e-01
   9.4716400e-01  -7.0846600e-01  -1.1517000e-01
   9.4720100e-01  -7.1823000e-01  -1.1575800e-01
   9.4736900e-01  -7.0544200e-01  -1.0055400e-01
   9.4749400e-01  -6.8642000e-01  -1.6428900e-01
   9.4756600e-01  -6.5064000e-01  -1.6844700e-01
   9.4767000e-01  -7.0252600e-01  -1.4383300e-01
   9.4767900e-01  -6.9612900e-01  -1.6513300e-01
   9.4769600e-01  -6.5561800e-01  -1.6888700e-01
   9.4776100e-01  -7.0261800e-01  -1.5840100e-01
   9.4807200e-01  -6.9972100e-01  -2.1444000e-02
   9.4807800e-01  -7.1913100e-01  -1.2317600e-01
   9.4814900e-01  -6.9979800e-01  -1.4296000e-02
   9.4822800e-01  -7.1928600e-01  -1.3050300e-01
   9.4830500e-01  -7.0639000e-01  -1.3690700e-01
   9.4843000e-01  -7.0329200e-01  -1.5124200e-01
   9.4845400e-01  -7.0331600e-01  -9.3308000e-02
   9.4850700e-01  -7.0337000e-01  -1.1497400e-01
   9.4881300e-01  -6.4882000e-01  -1.6844700e-01
   9.4884200e-01  -7.0370700e-01  -8.6144000e-02
   9.4890100e-01  -7.0376800e-01   1.4333000e-02
   9.4890100e-01  -7.0055300e-01   7.1540000e-03
   9.4898800e-01  -7.0385500e-01  -1.0780900e-01
   9.4942400e-01  -7.0752200e-01  -1.2255100e-01
   9.4943800e-01  -7.0430900e-01  -1.0064000e-01
   9.4971300e-01  -7.2410100e-01  -1.3830300e-01
   9.4971500e-01  -6.6985400e-01  -1.6316400e-01
   9.4971900e-01  -7.0782100e-01  -1.0808500e-01
   9.4973200e-01  -7.0138800e-01  -1.4395500e-01
   9.4993700e-01  -7.0804200e-01  -1.1536600e-01
   9.5015100e-01  -6.9540500e-01   1.4284000e-02
   9.5028800e-01  -7.2469400e-01  -1.3105400e-01
   9.5030900e-01  -6.8920400e-01  -1.5759400e-01
   9.5034900e-01  -7.0845800e-01  -5.0367000e-02
   9.5037500e-01  -6.9244300e-01  -1.6513300e-01
   9.5043300e-01  -6.9568600e-01  -1.5813200e-01
   9.5075300e-01  -6.8021800e-01  -1.6414800e-01
   9.5084400e-01  -6.8345000e-01  -1.6442900e-01
   9.5097200e-01  -7.0263200e-01   1.4345000e-02
   9.5098100e-01  -6.8986800e-01  -1.5047100e-01
   9.5107900e-01  -6.9314200e-01  -1.5799800e-01
   9.5113200e-01  -6.7122300e-01  -1.5624800e-01
   9.5207200e-01  -6.7837100e-01  -1.6414800e-01
   9.5213400e-01  -6.9100700e-01   1.4272000e-02
   9.5216700e-01  -6.8159900e-01  -1.5719000e-01
   9.5219300e-01  -7.0708600e-01  -5.7605000e-02
   9.5242600e-01  -7.0732100e-01  -5.0410000e-02
   9.5245600e-01  -6.9450800e-01  -1.5098500e-01
   9.5262900e-01  -7.0752500e-01  -4.3212000e-02
   9.5277800e-01  -6.7905800e-01  -1.5705600e-01
   9.5280000e-01  -7.0769700e-01  -3.6012000e-02
   9.5284100e-01  -6.8225800e-01  -1.5008600e-01
   9.5296300e-01  -6.8552900e-01  -1.5759400e-01
   9.5328400e-01  -7.0173500e-01  -1.5894000e-01
   9.5347400e-01  -6.8915700e-01   1.4272000e-02
   9.5349400e-01  -6.4715600e-01  -1.6888700e-01
   9.5362900e-01  -6.9567200e-01   1.4321000e-02
   9.5391500e-01  -6.9915600e-01  -1.5149900e-01
   9.5395800e-01  -7.0240900e-01  -1.5175600e-01
   9.5409800e-01  -6.7721000e-01  -1.6428900e-01
   9.5434600e-01  -6.8688500e-01  -1.5060000e-01
   9.5446800e-01  -6.9013700e-01  -1.6541400e-01
   9.5459100e-01  -6.8082200e-01   1.4223000e-02
   9.5465900e-01  -6.7463000e-01  -1.4970000e-01
   9.5517600e-01  -6.9083400e-01  -1.5826700e-01
   9.5541200e-01  -6.8477100e-01   1.4260000e-02
   9.5551800e-01  -6.7858700e-01  -1.5732500e-01
   9.5585200e-01  -6.9150000e-01  -1.5111400e-01
   9.5622200e-01  -6.8872600e-01   1.4296000e-02
   9.5630800e-01  -6.3772200e-01  -1.6844700e-01
   9.5665600e-01  -6.6848000e-01  -1.6386700e-01
   9.5692100e-01  -6.4732500e-01  -1.6932700e-01
   9.5704100e-01  -6.6450400e-01  -1.6358600e-01
   9.5723100e-01  -6.4336900e-01  -1.6903400e-01
   9.5731200e-01  -6.7095600e-01  -1.6414800e-01
   9.5761900e-01  -6.8062400e-01  -1.5047100e-01
   9.5797400e-01  -6.4226200e-01  -1.6903400e-01
   9.5842800e-01  -6.8455700e-01  -1.5085700e-01
   9.5854000e-01  -6.7525000e-01   1.4223000e-02
   9.5877300e-01  -6.3578000e-01  -1.6859300e-01
   9.5878200e-01  -6.8175200e-01   1.4272000e-02
   9.5886100e-01  -6.7555900e-01  -1.6471100e-01
   9.5912800e-01  -6.7269600e-01   1.4210000e-02
   9.5940500e-01  -7.4079200e-01  -1.5535400e-01
   9.6017000e-01  -6.7369500e-01  -1.5745900e-01
   9.6023200e-01  -6.7189900e-01  -1.5732500e-01
   9.6028800e-01  -6.7693200e-01  -1.5772900e-01
   9.6033000e-01  -6.6578900e-01   1.4174000e-02
   9.6062500e-01  -6.6791200e-01  -1.5705600e-01
   9.6091400e-01  -6.7255100e-01  -1.5021400e-01
   9.6108400e-01  -6.6037200e-01  -1.6372600e-01
   9.6154300e-01  -6.8127800e-01   1.4296000e-02
   9.6162000e-01  -6.6392300e-01   1.4174000e-02
   9.6168400e-01  -6.7827500e-01  -1.5072800e-01
   9.6190800e-01  -7.3668200e-01  -1.2546700e-01
   9.6291600e-01  -7.3772300e-01  -1.1075000e-01
   9.6312000e-01  -7.3793300e-01  -1.1820900e-01
   9.6337400e-01  -7.3819500e-01  -1.0338600e-01
   9.6341200e-01  -6.6561700e-01  -1.6442900e-01
   9.6341800e-01  -6.3406700e-01  -1.6903400e-01
   9.6344800e-01  -6.5952100e-01   1.4161000e-02
   9.6364100e-01  -6.5663500e-01  -1.6372600e-01
   9.6371500e-01  -6.7709300e-01  -1.5085700e-01
   9.6380600e-01  -6.5373100e-01   1.4125000e-02
   9.6412900e-01  -6.6629500e-01  -1.5732500e-01
   9.6427200e-01  -6.6953000e-01  -1.6485100e-01
   9.6463100e-01  -6.7172300e-01   1.4260000e-02
   9.6468500e-01  -6.6376300e-01  -1.5719000e-01
   9.6481500e-01  -6.6694300e-01  -1.5021400e-01
   9.6496400e-01  -6.7642400e-01   1.4296000e-02
   9.6499000e-01  -6.7021100e-01  -1.5772900e-01
   9.6537200e-01  -6.6440900e-01  -1.5008600e-01
   9.6561900e-01  -6.7266200e-01  -1.5072800e-01
   9.6567700e-01  -6.7086200e-01  -1.5060000e-01
   9.6580500e-01  -6.6481800e-01   1.4223000e-02
   9.6584100e-01  -6.3926800e-01  -1.6976700e-01
   9.6597000e-01  -6.5145600e-01  -1.6358600e-01
   9.6597500e-01  -6.6189100e-01  -1.6442900e-01
   9.6669000e-01  -6.5212400e-01  -1.5651700e-01
   9.6708900e-01  -6.5678600e-01  -1.6414800e-01
   9.6741800e-01  -6.6324400e-01  -1.5745900e-01
   9.6764900e-01  -6.6037900e-01   1.4210000e-02
   9.6781000e-01  -6.5745700e-01  -1.5705600e-01
   9.6807800e-01  -6.3230700e-01  -1.6947400e-01
   9.6810700e-01  -6.6389000e-01  -1.5034300e-01
   9.6817700e-01  -6.5168200e-01  -1.6386700e-01
   9.6850000e-01  -6.5809900e-01  -1.4995700e-01
   9.7035600e-01  -6.5369400e-01  -1.5705600e-01
   9.7104800e-01  -6.5433300e-01  -1.4995700e-01
   9.7125100e-01  -6.3816600e-01  -1.7035400e-01
   9.7247400e-01  -6.5747600e-01  -1.5034300e-01
   9.7267000e-01  -6.4849200e-01  -1.6414800e-01
   9.7274500e-01  -6.3951600e-01  -1.6344500e-01
   9.7304800e-01  -6.6542300e-01  -1.5826700e-01
   9.7308400e-01  -6.5315200e-01  -1.6457000e-01
   9.7339700e-01  -6.4915700e-01  -1.5705600e-01
   9.7372200e-01  -6.3438900e-01  -1.7035400e-01
   9.7374200e-01  -6.6607100e-01  -1.5111400e-01
   9.7381100e-01  -6.5382100e-01  -1.5745900e-01
   9.7391300e-01  -6.4662300e-01  -1.6414800e-01
   9.7409200e-01  -6.4979200e-01  -1.4995700e-01
   9.7420800e-01  -6.4083900e-01  -1.5651700e-01
   9.7421500e-01  -6.3183800e-01  -1.7020700e-01
   9.7443400e-01  -6.4406500e-01  -1.6400700e-01
   9.7450600e-01  -6.5446000e-01  -1.5034300e-01
   9.7464200e-01  -6.4728700e-01  -1.5705600e-01
   9.7472100e-01  -6.3828900e-01  -1.6358600e-01
   9.7490400e-01  -6.4146800e-01  -1.4944300e-01
   9.7533800e-01  -6.4792100e-01  -1.4995700e-01
   9.7589700e-01  -6.4539300e-01  -1.5705600e-01
   9.7592100e-01  -6.2739400e-01  -1.7006100e-01
   9.7595800e-01  -6.3639500e-01  -1.6358600e-01
   9.7659400e-01  -6.4602600e-01  -1.4995700e-01
   9.7742700e-01  -6.3771200e-01  -1.5665200e-01
   9.7777000e-01  -6.1721500e-01  -1.6947400e-01
   9.7812600e-01  -6.3834000e-01  -1.4957200e-01
   9.7866800e-01  -6.3581800e-01  -1.6386700e-01
   9.7913400e-01  -6.3323400e-01  -1.7094100e-01
   9.8010300e-01  -6.2811700e-01  -1.7064800e-01
   9.8060500e-01  -6.4358800e-01  -1.5745900e-01
   9.8088000e-01  -6.3779400e-01  -1.5705600e-01
   9.8120600e-01  -6.1726200e-01  -1.6991400e-01
   9.8130600e-01  -6.4422000e-01  -1.5034300e-01
   9.8158200e-01  -6.3842200e-01  -1.4995700e-01
   9.8177700e-01  -6.2367600e-01  -1.7050100e-01
   9.8187100e-01  -6.3267000e-01  -1.6400700e-01
   9.8212000e-01  -6.3589100e-01  -1.6428900e-01
   9.8280600e-01  -6.2752000e-01  -1.7094100e-01
   9.8347000e-01  -6.1923100e-01  -1.6316400e-01
   9.8384000e-01  -6.3141700e-01  -1.6414800e-01
   9.8389800e-01  -6.1665100e-01  -1.7020700e-01
   9.8403400e-01  -6.1089200e-01  -1.6976700e-01
   9.8409100e-01  -6.3463800e-01  -1.5719000e-01
   9.8432000e-01  -6.2885200e-01  -1.6400700e-01
   9.8457800e-01  -6.3207000e-01  -1.5705600e-01
   9.8479600e-01  -6.3526300e-01  -1.5008600e-01
   9.8506000e-01  -6.2950200e-01  -1.5692100e-01
   9.8507700e-01  -6.3852400e-01  -1.5759400e-01
   9.8528400e-01  -6.3269300e-01  -1.4995700e-01
   9.8576600e-01  -6.3012400e-01  -1.4982900e-01
   9.8584200e-01  -6.1538600e-01  -1.7035400e-01
   9.8627100e-01  -6.2761400e-01  -1.6414800e-01
   9.8652400e-01  -6.3981100e-01  -1.5060000e-01
   9.8701200e-01  -6.2826300e-01  -1.5705600e-01
   9.8715200e-01  -6.0770700e-01  -1.6991400e-01
   9.8720100e-01  -6.2247500e-01  -1.5665200e-01
   9.8736700e-01  -6.1670100e-01  -1.6344500e-01
   9.8772000e-01  -6.2888400e-01  -1.4995700e-01
   9.8886000e-01  -6.1798900e-01  -1.5651700e-01
   9.8897900e-01  -6.2699900e-01  -1.6442900e-01
   9.8916100e-01  -6.2121000e-01  -1.6400700e-01
   9.8931300e-01  -6.1542800e-01  -1.6358600e-01
   9.8972300e-01  -6.2764900e-01  -1.5732500e-01
   9.8990600e-01  -6.2185400e-01  -1.5692100e-01
   9.9018900e-01  -6.1029700e-01  -1.6330400e-01
   9.9043400e-01  -6.2826900e-01  -1.5021400e-01
   9.9047900e-01  -6.1348200e-01  -1.7079400e-01
   9.9056600e-01  -6.0768800e-01  -1.4880100e-01
   9.9077000e-01  -6.1668000e-01  -1.4944300e-01
   9.9093500e-01  -6.1093300e-01  -1.5624800e-01
   9.9107100e-01  -5.9940800e-01  -1.6976700e-01
   9.9136700e-01  -6.2312000e-01  -1.4995700e-01
   9.9164800e-01  -6.1154100e-01  -1.4918600e-01
   9.9165200e-01  -6.2634500e-01  -1.5021400e-01
   9.9187100e-01  -5.9428900e-01  -1.6947400e-01
   9.9201100e-01  -6.1479400e-01  -1.6386700e-01
   9.9210000e-01  -6.0899100e-01  -1.7064800e-01
   9.9252500e-01  -6.0642500e-01  -1.7050100e-01
   9.9275800e-01  -6.1543300e-01  -1.5678700e-01
   9.9288200e-01  -6.0965500e-01  -1.6358600e-01
   9.9306500e-01  -6.1865100e-01  -1.5705600e-01
   9.9330800e-01  -6.0708600e-01  -1.6344500e-01
   9.9363000e-01  -6.1029100e-01  -1.5651700e-01
   9.9481300e-01  -6.0836000e-01  -1.5651700e-01
   9.9482700e-01  -6.2313700e-01  -1.5034300e-01
   9.9493600e-01  -5.9684100e-01  -1.6288200e-01
   9.9520100e-01  -6.0579300e-01  -1.7079400e-01
   9.9564400e-01  -6.0324600e-01  -1.6344500e-01
   9.9573300e-01  -6.1797900e-01  -1.5008600e-01
   9.9674300e-01  -6.0709200e-01  -1.6386700e-01
   9.9678700e-01  -6.0128900e-01  -1.7064800e-01
   9.9721100e-01  -5.9873500e-01  -1.5611400e-01
   9.9745600e-01  -6.0769300e-01  -1.4957200e-01
   9.9749500e-01  -6.0772600e-01  -1.5678700e-01
   9.9757300e-01  -6.0194700e-01  -1.6358600e-01
   9.9780100e-01  -6.1088800e-01  -1.4982900e-01
   9.9832700e-01  -6.0257700e-01  -1.5651700e-01
   9.9904700e-01  -6.0317900e-01  -1.4944300e-01
   9.9923200e-01  -5.9721800e-01  -1.7064800e-01
   1.0001910e+00  -6.0706200e-01  -1.5705600e-01
   1.0003400e+00  -5.8574500e-01  -1.6991400e-01
   1.0007830e+00  -5.9850400e-01  -1.6372600e-01
   1.0009130e+00  -6.0766800e-01  -1.4995700e-01
   1.0014980e+00  -5.8956500e-01  -1.7035400e-01
   1.0015400e+00  -5.9913100e-01  -1.5665200e-01
   1.0022900e+00  -5.9021300e-01  -1.6330400e-01
   1.0025270e+00  -5.9358900e-01  -1.7079400e-01
   1.0025450e+00  -5.7610100e-01  -1.6947400e-01
   1.0029650e+00  -5.7928700e-01  -1.6976700e-01
   1.0034340e+00  -5.8826600e-01  -1.6330400e-01
   1.0035570e+00  -5.9759900e-01  -1.7123400e-01
   1.0040850e+00  -5.9487000e-01  -1.6386700e-01
   1.0045820e+00  -5.9208900e-01  -1.5651700e-01
   1.0050960e+00  -5.6965800e-01  -1.6932700e-01
   1.0051150e+00  -5.9888400e-01  -1.6428900e-01
   1.0056110e+00  -5.9612300e-01  -1.5692100e-01
   1.0056560e+00  -5.7859600e-01  -1.6288200e-01
   1.0058750e+00  -5.9951200e-01  -1.5719000e-01
   1.0063220e+00  -5.7343500e-01  -1.6976700e-01
   1.0064530e+00  -5.8496500e-01  -1.7064800e-01
   1.0067520e+00  -5.7662300e-01  -1.7006100e-01
   1.0072500e+00  -5.8561000e-01  -1.6358600e-01
   1.0072660e+00  -5.9139000e-01  -1.5678700e-01
   1.0075510e+00  -5.7726100e-01  -1.6302300e-01
   1.0076190e+00  -5.8878900e-01  -1.7108800e-01
   1.0080140e+00  -5.8622800e-01  -1.5651700e-01
   1.0084170e+00  -5.8943700e-01  -1.6400700e-01
   1.0089960e+00  -5.7275100e-01  -1.6288200e-01
   1.0090890e+00  -5.7849000e-01  -1.5611400e-01
   1.0091820e+00  -5.9005700e-01  -1.5692100e-01
   1.0093050e+00  -5.7015800e-01  -1.6991400e-01
   1.0095100e+00  -5.8168900e-01  -1.5638300e-01
   1.0097630e+00  -5.7335800e-01  -1.5584400e-01
   1.0099540e+00  -5.6501400e-01  -1.6962000e-01
   1.0104110e+00  -5.6819700e-01  -1.6991400e-01
   1.0107570e+00  -5.6564300e-01  -1.6260100e-01
   1.0110500e+00  -5.6305200e-01  -1.6962000e-01
   1.0115250e+00  -5.6624500e-01  -1.5557500e-01
   1.0122410e+00  -5.8675900e-01  -1.6428900e-01
   1.0125430e+00  -5.7838600e-01  -1.6372600e-01
   1.0130090e+00  -5.8737700e-01  -1.5719000e-01
   1.0133120e+00  -5.7899800e-01  -1.5665200e-01
   1.0134140e+00  -5.6489700e-01  -1.6288200e-01
   1.0137030e+00  -5.6230200e-01  -1.6991400e-01
   1.0140210e+00  -5.0504100e-01  -1.6595200e-01
   1.0147690e+00  -5.7447200e-01  -1.6372600e-01
   1.0151040e+00  -5.7188800e-01  -1.6358600e-01
   1.0155400e+00  -5.7508100e-01  -1.5665200e-01
   1.0158760e+00  -5.7249500e-01  -1.5651700e-01
   1.0163580e+00  -5.6154300e-01  -1.7020700e-01
   1.0164680e+00  -5.5321000e-01  -1.6962000e-01
   1.0165290e+00  -5.6732700e-01  -1.5624800e-01
   1.0166630e+00  -5.5896500e-01  -1.7006100e-01
   1.0171660e+00  -5.6216900e-01  -1.6316400e-01
   1.0179410e+00  -5.6276900e-01  -1.5611400e-01
   1.0188510e+00  -5.5503200e-01  -1.6288200e-01
   1.0192000e+00  -5.6657300e-01  -1.6372600e-01
   1.0199760e+00  -5.6717600e-01  -1.5665200e-01
   1.0201730e+00  -5.5047600e-01  -1.6991400e-01
   1.0208840e+00  -5.5939900e-01  -1.7064800e-01
   1.0213920e+00  -5.6261100e-01  -1.6372600e-01
   1.0214750e+00  -5.5423200e-01  -1.7035400e-01
   1.0216980e+00  -5.6002400e-01  -1.6358600e-01
   1.0217750e+00  -5.5169200e-01  -1.6302300e-01
   1.0219680e+00  -5.4904400e-01  -1.7724500e-01
   1.0224770e+00  -5.6062200e-01  -1.5651700e-01
   1.0225550e+00  -5.5228300e-01  -1.5597900e-01
   1.0227760e+00  -5.5803400e-01  -1.5638300e-01
   1.0229560e+00  -5.6381600e-01  -1.5678700e-01
   1.0230620e+00  -5.0880200e-01  -1.6741900e-01
   1.0230930e+00  -5.4710500e-01  -1.7006100e-01
   1.0242340e+00  -5.0426400e-01  -1.6021000e-01
   1.0243970e+00  -5.5088000e-01  -1.7050100e-01
   1.0246520e+00  -5.5665200e-01  -1.6372600e-01
   1.0249960e+00  -5.6538900e-01   7.0990000e-03
   1.0254340e+00  -5.5724700e-01  -1.5665200e-01
   1.0254780e+00  -5.6860200e-01   7.1110000e-03
   1.0254920e+00  -5.4891000e-01  -1.6330400e-01
   1.0256770e+00  -5.0796800e-01  -1.6063200e-01
   1.0259970e+00  -5.5208900e-01  -1.5638300e-01
   1.0263900e+00  -5.6079700e-01   7.0930000e-03
   1.0265280e+00  -5.4689700e-01  -1.7050100e-01
   1.0270670e+00  -5.5009600e-01  -1.5638300e-01
   1.0273480e+00  -5.4751200e-01  -1.6344500e-01
   1.0281340e+00  -5.4810000e-01  -1.5638300e-01
   1.0294380e+00  -5.4349700e-01  -1.7064800e-01
   1.0296270e+00  -5.5483100e-01   7.0930000e-03
   1.0301410e+00  -5.5803800e-01   7.1050000e-03
   1.0301740e+00  -5.4962900e-01   7.0810000e-03
   1.0307590e+00  -5.4727000e-01  -1.7108800e-01
   1.0315830e+00  -5.4788500e-01  -1.6400700e-01
   1.0318500e+00  -5.4529000e-01  -1.6386700e-01
   1.0320400e+00  -5.4822600e-01   7.0870000e-03
   1.0323240e+00  -5.5686900e-01  -1.6471100e-01
   1.0323720e+00  -5.4847400e-01  -1.5692100e-01
   1.0325750e+00  -5.3751400e-01  -1.7064800e-01
   1.0326400e+00  -5.4587700e-01  -1.5678700e-01
   1.0331030e+00  -5.4622100e-01   7.0870000e-03
   1.0339300e+00  -5.4125600e-01  -1.7108800e-01
   1.0351150e+00  -5.3660400e-01  -1.4211900e-01
   1.0355540e+00  -5.4245400e-01  -1.6414800e-01
   1.0357690e+00  -5.4540400e-01   7.0990000e-03
   1.0358020e+00  -5.3710600e-01  -1.3504600e-01
   1.0359950e+00  -5.3724700e-01  -1.4944300e-01
   1.0360570e+00  -5.4561700e-01  -1.7167500e-01
   1.0363470e+00  -5.4303900e-01  -1.5705600e-01
   1.0364530e+00  -5.3758200e-01  -1.2796800e-01
   1.0365480e+00  -5.4043200e-01  -1.4970000e-01
   1.0368100e+00  -5.3784400e-01  -1.7123400e-01
   1.0368690e+00  -5.3234600e-01  -8.4967000e-02
   1.0368860e+00  -5.4623100e-01  -1.6457000e-01
   1.0369560e+00  -5.3241000e-01  -7.0690000e-03
   1.0369740e+00  -5.3242200e-01   0.0000000e+00
   1.0371580e+00  -5.4088000e-01  -1.3539500e-01
   1.0372710e+00  -5.4096300e-01  -1.4260800e-01
   1.0372730e+00  -5.3264000e-01  -7.7898000e-02
   1.0375020e+00  -5.3280600e-01  -2.8296000e-02
   1.0376250e+00  -5.3289500e-01  -2.1223000e-02
   1.0376310e+00  -5.4398600e-01   7.1050000e-03
   1.0376410e+00  -5.3845100e-01  -1.6414800e-01
   1.0376430e+00  -5.3290800e-01  -7.0825000e-02
   1.0376800e+00  -5.4681900e-01  -1.5745900e-01
   1.0378790e+00  -5.3308000e-01  -1.3504600e-01
   1.0380900e+00  -5.3323300e-01  -1.7108800e-01
   1.0381530e+00  -5.3327800e-01  -3.5399000e-02
   1.0381710e+00  -5.2777100e-01  -4.9465000e-02
   1.0384000e+00  -5.2793600e-01  -4.2402000e-02
   1.0384360e+00  -5.3903300e-01  -1.5705600e-01
   1.0385220e+00  -5.3354600e-01  -1.4161000e-02
   1.0385330e+00  -5.3355300e-01  -1.2796800e-01
   1.0385620e+00  -5.3634600e-01  -1.4248600e-01
   1.0386180e+00  -5.2259700e-01  -7.0500000e-03
   1.0386360e+00  -5.2261000e-01   0.0000000e+00
   1.0387180e+00  -5.2816400e-01  -5.6575000e-02
   1.0387850e+00  -5.3373600e-01  -6.3806000e-02
   1.0390840e+00  -5.3395400e-01  -5.6722000e-02
   1.0391510e+00  -5.3400200e-01  -1.2088500e-01
   1.0392510e+00  -5.3684800e-01  -1.3539500e-01
   1.0393450e+00  -5.3137600e-01  -2.8321000e-02
   1.0393480e+00  -5.3414500e-01  -4.9637000e-02
   1.0394050e+00  -5.2865900e-01  -3.5368000e-02
   1.0394630e+00  -5.3700300e-01  -7.8168000e-02
   1.0394680e+00  -5.3146500e-01  -2.1241000e-02
   1.0395560e+00  -5.3152800e-01  -1.4161000e-02
   1.0395710e+00  -5.2602400e-01  -1.7079400e-01
   1.0395770e+00  -5.3431100e-01  -4.2549000e-02
   1.0396090e+00  -5.3156700e-01  -7.0810000e-03
   1.0396270e+00  -5.3157900e-01   0.0000000e+00
   1.0397230e+00  -5.3997500e-01   7.1050000e-03
   1.0397330e+00  -5.3442500e-01  -1.1379800e-01
   1.0397850e+00  -5.4280900e-01  -1.6471100e-01
   1.0397850e+00  -5.1250700e-01  -1.5557500e-01
   1.0398140e+00  -5.2345100e-01  -1.6344500e-01
   1.0399050e+00  -5.3732500e-01  -1.2829900e-01
   1.0399810e+00  -5.2357000e-01  -2.8247000e-02
   1.0399870e+00  -5.4016800e-01  -9.2591000e-02
   1.0401050e+00  -5.2365800e-01  -2.1186000e-02
   1.0401530e+00  -5.2919700e-01  -1.7108800e-01
   1.0401930e+00  -5.2372100e-01  -1.4125000e-02
   1.0402510e+00  -5.3757700e-01  -1.7167500e-01
   1.0402850e+00  -5.4317600e-01   7.1180000e-03
   1.0405230e+00  -5.3777500e-01  -1.2119800e-01
   1.0405230e+00  -5.3222700e-01  -1.3527900e-01
   1.0405820e+00  -5.4339500e-01  -1.5759400e-01
   1.0406700e+00  -5.3788200e-01  -8.5408000e-02
   1.0407270e+00  -5.3237500e-01  -1.7138100e-01
   1.0408500e+00  -5.3801300e-01  -1.0689000e-01
   1.0410600e+00  -5.2434000e-01   7.0690000e-03
   1.0410850e+00  -5.3818400e-01  -1.6457000e-01
   1.0410870e+00  -5.3540700e-01  -1.0679800e-01
   1.0411070e+00  -5.3820000e-01  -1.1409200e-01
   1.0411780e+00  -5.3270000e-01  -1.2818800e-01
   1.0411860e+00  -5.2994100e-01  -2.8345000e-02
   1.0412610e+00  -5.2173800e-01  -7.0620000e-03
   1.0412700e+00  -5.3554000e-01  -9.2511000e-02
   1.0413100e+00  -5.3002900e-01  -2.1260000e-02
   1.0413270e+00  -5.3558100e-01  -1.6442900e-01
   1.0413630e+00  -5.3838700e-01  -9.9782000e-02
   1.0413980e+00  -5.3009300e-01  -1.4174000e-02
   1.0414410e+00  -5.3289000e-01  -1.4260800e-01
   1.0414510e+00  -5.3013100e-01  -7.0870000e-03
   1.0414690e+00  -5.3014400e-01   0.0000000e+00
   1.0415780e+00  -5.3854400e-01  -7.1110000e-03
   1.0415960e+00  -5.3855700e-01   0.0000000e+00
   1.0416000e+00  -5.3577900e-01  -9.9696000e-02
   1.0416130e+00  -5.2748700e-01  -1.4161000e-02
   1.0416650e+00  -5.2752500e-01  -7.0810000e-03
   1.0417980e+00  -5.3314800e-01  -1.2109300e-01
   1.0418400e+00  -5.3873400e-01  -9.2671000e-02
   1.0418840e+00  -5.3876600e-01  -1.5745900e-01
   1.0418850e+00  -5.4155600e-01  -1.2151000e-01
   1.0419240e+00  -5.4158400e-01  -9.9954000e-02
   1.0420230e+00  -5.2228000e-01  -1.4137000e-02
   1.0420540e+00  -5.2780400e-01  -3.5429000e-02
   1.0420690e+00  -5.2506000e-01  -4.2476000e-02
   1.0420760e+00  -5.2231800e-01   7.0690000e-03
   1.0420940e+00  -5.2233000e-01   0.0000000e+00
   1.0422630e+00  -5.2519900e-01  -3.5399000e-02
   1.0424700e+00  -5.4198300e-01  -1.1438600e-01
   1.0424780e+00  -5.2810800e-01   7.0870000e-03
   1.0424960e+00  -5.2812100e-01   0.0000000e+00
   1.0426220e+00  -5.3652000e-01   7.1110000e-03
   1.0426470e+00  -5.3932200e-01  -1.5034300e-01
   1.0429280e+00  -5.3674200e-01  -1.5745900e-01
   1.0429300e+00  -5.3952800e-01  -2.8492000e-02
   1.0430180e+00  -5.4238500e-01  -1.0725800e-01
   1.0430430e+00  -5.3404800e-01  -4.2660000e-02
   1.0430530e+00  -5.3961800e-01  -2.1370000e-02
   1.0430570e+00  -5.3405800e-01  -6.4026000e-02
   1.0430740e+00  -5.3129900e-01   7.0990000e-03
   1.0431260e+00  -5.3410800e-01  -1.5008600e-01
   1.0431420e+00  -5.3968300e-01  -1.4247000e-02
   1.0431670e+00  -5.3413700e-01  -1.6457000e-01
   1.0431890e+00  -5.3415300e-01  -1.1409200e-01
   1.0431950e+00  -5.3972100e-01   7.1240000e-03
   1.0432370e+00  -5.3418800e-01  -3.5552000e-02
   1.0433570e+00  -5.3427500e-01  -5.6919000e-02
   1.0434490e+00  -5.2054800e-01  -1.5651700e-01
   1.0434650e+00  -5.2605700e-01  -4.9637000e-02
   1.0436230e+00  -5.3446700e-01  -4.9808000e-02
   1.0436920e+00  -5.3729700e-01  -1.5034300e-01
   1.0436970e+00  -5.4008700e-01  -5.7066000e-02
   1.0437390e+00  -5.3455000e-01  -1.0698200e-01
   1.0439620e+00  -5.4028000e-01  -4.9937000e-02
   1.0439680e+00  -5.3471600e-01  -1.5745900e-01
   1.0440130e+00  -5.2644800e-01  -5.6771000e-02
   1.0441920e+00  -5.4044800e-01  -4.2807000e-02
   1.0442530e+00  -5.3492200e-01  -9.9868000e-02
   1.0443870e+00  -5.4059000e-01  -3.5675000e-02
   1.0444210e+00  -5.3782600e-01  -1.4322000e-01
   1.0444720e+00  -5.3508000e-01   7.1180000e-03
   1.0446300e+00  -5.3241900e-01  -1.2851900e-01
   1.0446730e+00  -5.4079800e-01  -7.1439000e-02
   1.0447320e+00  -5.3526800e-01  -9.2750000e-02
   1.0447750e+00  -5.3529900e-01  -7.8437000e-02
   1.0447790e+00  -5.3252600e-01  -1.3574400e-01
   1.0450100e+00  -5.4104400e-01  -6.4302000e-02
   1.0451480e+00  -5.3556800e-01  -7.1316000e-02
   1.0451760e+00  -5.3558900e-01  -8.5629000e-02
   1.0457250e+00  -5.2491100e-01  -3.5491000e-02
   1.0458850e+00  -5.2502500e-01  -2.8394000e-02
   1.0460090e+00  -5.2511300e-01  -2.1297000e-02
   1.0460600e+00  -5.3344800e-01  -1.2151000e-01
   1.0461140e+00  -5.2518700e-01  -4.9723000e-02
   1.0463450e+00  -5.2535200e-01  -4.2623000e-02
   1.0465020e+00  -5.3099200e-01  -4.9851000e-02
   1.0466130e+00  -5.3384600e-01  -1.6499200e-01
   1.0466480e+00  -5.3387100e-01  -1.1438600e-01
   1.0467330e+00  -5.3115700e-01  -4.2733000e-02
   1.0469070e+00  -5.3405700e-01  -1.0004000e-01
   1.0470890e+00  -5.3141200e-01  -2.8492000e-02
   1.0471990e+00  -5.3426800e-01  -1.0725800e-01
   1.0472130e+00  -5.3150100e-01  -2.1370000e-02
   1.0473070e+00  -5.3434500e-01  -1.4334300e-01
   1.0474170e+00  -5.3442400e-01  -1.5786300e-01
   1.0476480e+00  -5.3181300e-01  -1.6499200e-01
   1.0477750e+00  -5.2913300e-01  -6.4137000e-02
   1.0481860e+00  -5.3497700e-01  -1.5072800e-01
   1.0481970e+00  -5.3498500e-01  -9.2989000e-02
   1.0485070e+00  -5.2137600e-01  -1.5719000e-01
   1.0486420e+00  -5.3530600e-01  -8.5850000e-02
   1.0488690e+00  -5.3268800e-01  -8.5776000e-02
   1.0490520e+00  -5.3560100e-01  -7.8707000e-02
   1.0492790e+00  -5.3298200e-01  -7.8640000e-02
   1.0494260e+00  -5.3587000e-01  -7.1561000e-02
   1.0495620e+00  -5.3318400e-01  -1.0021100e-01
   1.0496530e+00  -5.3325000e-01  -7.1500000e-02
   1.0497650e+00  -5.3611400e-01  -6.4413000e-02
   1.0498470e+00  -5.3338900e-01  -1.3632500e-01
   1.0499920e+00  -5.3349300e-01  -6.4358000e-02
   1.0500440e+00  -5.3353000e-01  -9.3069000e-02
   1.0502950e+00  -5.3371000e-01  -5.7213000e-02
   1.0503120e+00  -5.3094300e-01  -7.8640000e-02
   1.0505090e+00  -5.3386300e-01  -1.2918000e-01
   1.0506870e+00  -5.3121100e-01  -7.1500000e-02
   1.0507130e+00  -5.3123000e-01  -8.5850000e-02
   1.0508690e+00  -5.3412100e-01  -1.5826700e-01
   1.0509180e+00  -5.3415600e-01  -1.1477800e-01
   1.0511360e+00  -5.3431200e-01  -1.2203100e-01
   1.0514720e+00  -5.3455400e-01  -1.0762500e-01
   1.0516410e+00  -5.3467400e-01  -1.5111400e-01
   1.0522170e+00  -5.3230300e-01  -1.0038300e-01
   1.0523770e+00  -5.3520100e-01  -1.4395500e-01
   1.0527010e+00  -5.3264800e-01  -9.3228000e-02
   1.0537400e+00  -5.3060800e-01  -1.6569500e-01
   1.0544610e+00  -5.2834400e-01  -1.4309000e-02
   1.0551880e+00  -5.2885800e-01  -2.1481000e-02
   1.0553310e+00  -5.2896000e-01  -7.1610000e-03
   1.0556160e+00  -5.3194200e-01  -5.7409000e-02
   1.0565320e+00  -5.2981000e-01  -3.5859000e-02
   1.0566940e+00  -5.2992400e-01  -2.8689000e-02
   1.0578470e+00  -5.3352700e-01  -7.9179000e-02
   1.0581820e+00  -5.3656000e-01  -1.0826900e-01
   1.0582250e+00  -5.3379600e-01  -7.1991000e-02
   1.0584330e+00  -5.3674000e-01  -1.1556200e-01
   1.0585670e+00  -5.3403900e-01  -6.4799000e-02
   1.0586480e+00  -5.3689300e-01  -1.2286400e-01
   1.0589650e+00  -5.3711900e-01  -1.3748900e-01
   1.0596340e+00  -5.3759700e-01  -1.3028300e-01
   1.0602330e+00  -5.3522300e-01  -9.3866000e-02
   1.0606840e+00  -5.3554400e-01  -8.6659000e-02
   1.0612290e+00  -5.3313400e-01  -4.3248000e-02
   1.0651430e+00  -5.3590500e-01   0.0000000e+00
   1.0658580e+00  -5.3922200e-01  -1.6042000e-01
   1.0688420e+00  -5.4416800e-01  -1.6109300e-01
   1.0696280e+00  -5.4473000e-01  -1.5381200e-01
   1.0703780e+00  -5.4526500e-01  -1.4652600e-01
   1.0732260e+00  -5.4162700e-01  -5.1097000e-02
   1.0770730e+00  -5.3868500e-01  -1.5432600e-01
   1.0800470e+00  -5.4930700e-01  -1.0321400e-01
   1.0833200e+00  -5.4591800e-01  -1.5548300e-01
   1.0838770e+00  -5.4916700e-01  -1.5574000e-01
   1.0941470e+00  -5.5643700e-01  -5.9666000e-02
   1.0946080e+00  -5.4528900e-01  -1.5676800e-01
   1.0957420e+00  -5.6046300e-01  -1.5779600e-01
   1.0992370e+00  -5.5139100e-01  -1.5766700e-01
   1.1059830e+00  -5.6189500e-01  -1.5142200e-01
   1.1166490e+00  -5.7236500e-01  -6.8663000e-02
   1.1179070e+00  -5.5566700e-01  -1.5240100e-01
   1.1186610e+00  -5.7378900e-01  -1.5350300e-01
   1.1199720e+00  -5.7768500e-01  -1.5387000e-01
   1.1217170e+00  -5.7892600e-01  -1.1534600e-01
   1.1377220e+00  -5.9030300e-01  -1.4865500e-01
   1.1390960e+00  -5.8825500e-01  -7.8000000e-02
   1.1405390e+00  -5.8625500e-01  -7.7930000e-03
   1.1405390e+00  -5.8625500e-01   7.7930000e-03
   1.1405580e+00  -5.8626900e-01   0.0000000e+00
   1.1416870e+00  -5.9312000e-01  -1.4130500e-01
   1.1423740e+00  -5.9360900e-01  -1.3348400e-01
   1.1430220e+00  -5.9406900e-01  -1.2565800e-01
   1.1477840e+00  -5.9440500e-01  -1.4993500e-01
   1.1504400e+00  -5.8719300e-01  -1.5778700e-01
   1.1513710e+00  -5.9389200e-01  -1.5028400e-01
   1.1545170e+00  -5.9917100e-01  -9.5045000e-02
   1.1549730e+00  -5.9949400e-01  -8.7138000e-02
   1.1557360e+00  -5.9696900e-01  -7.9165000e-02
   1.1561130e+00  -5.9723500e-01  -7.1257000e-02
   1.1568250e+00  -5.9773700e-01  -1.5830000e-02
   1.1569500e+00  -5.9782500e-01  -8.7205000e-02
   1.1580840e+00  -5.9862400e-01  -6.3445000e-02
   1.1582460e+00  -5.9567300e-01  -1.5913400e-01
   1.1605370e+00  -5.9119600e-01  -1.5913400e-01
   1.1629710e+00  -6.0515500e-01  -1.0382600e-01
   1.1673490e+00  -6.0515600e-01  -2.3984000e-02
   1.1683530e+00  -6.0896500e-01  -1.2049300e-01
   1.1689360e+00  -6.0937800e-01  -1.1248000e-01
   1.1755300e+00  -6.1092300e-01  -5.6421000e-02
   1.1761970e+00  -6.1139300e-01  -3.2247000e-02
   1.1790600e+00  -6.1341100e-01  -4.8512000e-02
   1.1792830e+00  -6.1356800e-01  -4.0429000e-02
   1.1809640e+00  -6.1789200e-01  -1.4648500e-01
   1.1816770e+00  -6.1839700e-01  -1.3837800e-01
   1.1823500e+00  -6.1887300e-01  -1.3026500e-01
   1.1914770e+00  -6.1274000e-01  -1.5551800e-01
   1.1956050e+00  -6.2190200e-01  -1.5644900e-01
   1.1975960e+00  -6.2647900e-01  -1.4858000e-01
   1.2065640e+00  -6.2643500e-01  -1.5784400e-01
