   7.7424000e-01  -6.4480800e-01  -6.7039000e-02
   7.7449300e-01  -6.4510900e-01  -6.0953000e-02
   7.7472100e-01  -6.4538100e-01  -5.4864000e-02
   7.7724400e-01  -6.4179100e-01  -6.0953000e-02
   7.7747400e-01  -6.4206300e-01  -5.4864000e-02
   7.7754700e-01  -6.4543900e-01  -6.7242000e-02
   7.7767900e-01  -6.4230500e-01  -4.8773000e-02
   7.7780100e-01  -6.4574000e-01  -6.1137000e-02
   7.7803100e-01  -6.4601300e-01  -5.5030000e-02
   7.7926100e-01  -6.4088800e-01  -6.1014000e-02
   7.7949200e-01  -6.4115900e-01  -5.4919000e-02
   7.7969800e-01  -6.4140200e-01  -4.8822000e-02
   7.8021600e-01  -6.4529800e-01  -6.7376000e-02
   7.8129300e-01  -6.3117300e-01  -5.4643000e-02
   7.8150000e-01  -6.3141300e-01  -4.8577000e-02
   7.8168300e-01  -6.3162400e-01  -4.2509000e-02
   7.8321000e-01  -6.4227300e-01  -6.1259000e-02
   7.8344200e-01  -6.4254400e-01  -5.5140000e-02
   7.8365000e-01  -6.4278700e-01  -4.9019000e-02
   7.8462800e-01  -6.3798400e-01  -5.5030000e-02
   7.8483600e-01  -6.3822500e-01  -4.8920000e-02
   7.8502000e-01  -6.3843900e-01  -4.2809000e-02
   7.8555400e-01  -5.9873500e-01  -2.9816000e-02
   7.8566500e-01  -5.9885700e-01  -2.3854000e-02
   7.8612000e-01  -6.4894600e-01  -6.7849000e-02
   7.8682600e-01  -5.9733100e-01  -2.3854000e-02
   7.8691200e-01  -5.9742500e-01  -1.7891000e-02
   7.8709700e-01  -6.0043100e-01  -1.7928000e-02
   7.8748400e-01  -6.0646800e-01  -7.8168000e-02
   7.8766800e-01  -6.0667300e-01  -6.0094000e-02
   7.8790300e-01  -6.0693300e-01  -5.4091000e-02
   7.8813300e-01  -5.9596400e-01  -1.1928000e-02
   7.8835600e-01  -6.4529500e-01  -6.1627000e-02
   7.8859000e-01  -6.4556800e-01  -5.5471000e-02
   7.8879900e-01  -6.4581200e-01  -4.9313000e-02
   7.8908900e-01  -6.0544300e-01  -3.0031000e-02
   7.8926500e-01  -6.0844100e-01  -3.0092000e-02
   7.8957400e-01  -6.0597900e-01  -9.6449000e-02
   7.8972900e-01  -5.5009000e-01  -1.7010100e-01
   7.8982100e-01  -6.0905700e-01  -8.4510000e-02
   7.8985300e-01  -6.3514900e-01  -4.9019000e-02
   7.8994800e-01  -6.1204700e-01  -7.2535000e-02
   7.9003900e-01  -6.3536100e-01  -4.2895000e-02
   7.9008500e-01  -6.5031500e-01  -6.8118000e-02
   7.9008900e-01  -6.1506500e-01  -7.2682000e-02
   7.9019800e-01  -5.9821500e-01  -5.9820000e-03
   7.9019900e-01  -6.3554600e-01  -3.6770000e-02
   7.9023300e-01  -6.1236400e-01  -6.6500000e-02
   7.9034600e-01  -6.0118400e-01  -1.1989000e-02
   7.9037400e-01  -6.1538300e-01  -6.6635000e-02
   7.9049400e-01  -6.1265300e-01  -6.0462000e-02
   7.9072900e-01  -6.1291500e-01  -5.4423000e-02
   7.9079600e-01  -6.1013600e-01  -9.0714000e-02
   7.9088600e-01  -5.9896500e-01   0.0000000e+00
   7.9097100e-01  -6.1318400e-01  -7.8726000e-02
   7.9100800e-01  -6.0472900e-01  -1.0256000e-01
   7.9105800e-01  -6.0196300e-01  -6.0010000e-03
   7.9107700e-01  -6.1044800e-01  -9.6841000e-02
   7.9128800e-01  -6.1353600e-01  -3.6292000e-02
   7.9244000e-01  -6.1768800e-01  -7.9045000e-02
   7.9250400e-01  -6.0921100e-01  -1.0297600e-01
   7.9255700e-01  -6.0927000e-01  -2.4149000e-02
   7.9271200e-01  -5.9815100e-01  -5.9950000e-03
   7.9272500e-01  -5.9816400e-01   0.0000000e+00
   7.9306500e-01  -6.2999900e-01  -4.2852000e-02
   7.9321600e-01  -6.0715400e-01  -1.2063000e-02
   7.9322700e-01  -6.3018200e-01  -3.6734000e-02
   7.9329900e-01  -6.1864700e-01  -6.0830000e-02
   7.9330100e-01  -6.1577400e-01  -8.5111000e-02
   7.9336300e-01  -6.3033700e-01  -3.0613000e-02
   7.9371600e-01  -6.3662000e-01  -4.9215000e-02
   7.9376800e-01  -6.0493000e-01   0.0000000e+00
   7.9390300e-01  -6.3683300e-01  -4.3067000e-02
   7.9398800e-01  -6.1084700e-01  -1.8149000e-02
   7.9406400e-01  -6.3701800e-01  -3.6918000e-02
   7.9416800e-01  -6.4905600e-01  -6.2057000e-02
   7.9418900e-01  -6.5209200e-01  -4.3496000e-02
   7.9420200e-01  -6.1965500e-01  -5.4809000e-02
   7.9434700e-01  -5.5192100e-01  -1.7098600e-01
   7.9434900e-01  -5.9433500e-01   5.9890000e-03
   7.9507100e-01  -5.5265600e-01  -1.6514900e-01
   7.9528000e-01  -5.5574300e-01  -1.6549100e-01
   7.9531100e-01  -5.4712400e-01  -1.7063200e-01
   7.9534000e-01  -5.3677700e-01  -1.6957000e-01
   7.9540600e-01  -6.1524200e-01  -2.4296000e-02
   7.9543200e-01  -5.5881400e-01  -1.7187100e-01
   7.9567900e-01  -5.3454000e-01  -1.6939300e-01
   7.9592100e-01  -5.9882700e-01   0.0000000e+00
   7.9597900e-01  -5.5645400e-01  -1.5963600e-01
   7.9610300e-01  -6.1889000e-01  -3.0460000e-02
   7.9615700e-01  -5.5955500e-01  -1.6600400e-01
   7.9633100e-01  -5.3008700e-01  -1.6903900e-01
   7.9635200e-01  -5.9649300e-01   1.2014000e-02
   7.9637200e-01  -5.4557900e-01  -1.7063200e-01
   7.9647200e-01  -6.2512200e-01  -6.7376000e-02
   7.9665300e-01  -5.5714000e-01  -1.5377500e-01
   7.9673500e-01  -6.2541700e-01  -6.1259000e-02
   7.9682700e-01  -5.9421400e-01   1.2002000e-02
   7.9683400e-01  -6.1682300e-01  -1.8259000e-02
   7.9688400e-01  -6.1975800e-01  -2.4394000e-02
   7.9692000e-01  -6.4624100e-01  -5.5858000e-02
   7.9693500e-01  -6.1981400e-01  -9.1725000e-02
   7.9697200e-01  -6.1985600e-01  -1.8296000e-02
   7.9697300e-01  -6.2568300e-01  -5.5140000e-02
   7.9697800e-01  -6.0278400e-01  -1.1515500e-01
   7.9713200e-01  -6.4648500e-01  -4.9656000e-02
   7.9718500e-01  -6.2592100e-01  -4.9019000e-02
   7.9726600e-01  -6.0028200e-01   6.0250000e-03
   7.9730100e-01  -5.5780100e-01  -1.4790800e-01
   7.9731900e-01  -6.4670100e-01  -4.3454000e-02
   7.9737300e-01  -6.2613200e-01  -4.2895000e-02
   7.9774600e-01  -6.2361100e-01  -4.8970000e-02
   7.9838300e-01  -5.2699100e-01  -1.6903900e-01
   7.9838800e-01  -6.2432700e-01  -9.2093000e-02
   7.9844800e-01  -6.1005100e-01  -1.0967100e-01
   7.9849200e-01  -6.0725800e-01  -1.1562100e-01
   7.9854000e-01  -5.5617300e-01  -1.5996600e-01
   7.9874300e-01  -6.1609300e-01  -1.1011200e-01
   7.9875200e-01  -6.2473400e-01  -8.5969000e-02
   7.9876400e-01  -6.2474700e-01  -3.6770000e-02
   7.9876800e-01  -5.2991400e-01  -1.6939300e-01
   7.9881100e-01  -5.3508100e-01  -1.6992400e-01
   7.9882000e-01  -5.9915300e-01  -1.2118700e-01
   7.9882300e-01  -5.4542200e-01  -1.7098600e-01
   7.9886700e-01  -6.2780500e-01  -3.6844000e-02
   7.9890200e-01  -6.2490100e-01  -3.0644000e-02
   7.9892500e-01  -5.6238600e-01  -1.6062500e-01
   7.9898800e-01  -5.5371800e-01  -1.7187100e-01
   7.9900500e-01  -6.2796000e-01  -3.0705000e-02
   7.9901500e-01  -6.2502700e-01  -2.4517000e-02
   7.9911800e-01  -6.2808600e-01  -2.4566000e-02
   7.9917600e-01  -6.0517100e-01  -1.2167600e-01
   7.9921300e-01  -5.3802400e-01  -1.6429400e-01
   7.9926500e-01  -6.0244400e-01   1.2087000e-02
   7.9948600e-01  -6.0550700e-01   6.0560000e-03
   7.9971700e-01  -5.5445500e-01  -1.6600400e-01
   7.9988400e-01  -5.4909600e-01  -1.6549100e-01
   8.0014100e-01  -6.4695000e-01  -5.6023000e-02
   8.0020600e-01  -5.5204500e-01  -1.6583300e-01
   8.0024500e-01  -5.3648900e-01  -1.6429400e-01
   8.0042100e-01  -5.9252400e-01   1.8039000e-02
   8.0042100e-01  -5.5516500e-01  -1.6013100e-01
   8.0044300e-01  -6.5937900e-01  -6.9063000e-02
   8.0060300e-01  -5.5826500e-01  -1.5441000e-01
   8.0076600e-01  -6.1832400e-01  -1.2222000e-02
   8.0096800e-01  -5.4234800e-01  -1.6497800e-01
   8.0125300e-01  -5.8786500e-01   2.4001000e-02
   8.0125600e-01  -5.5892700e-01  -1.4851900e-01
   8.0127500e-01  -6.1601100e-01  -1.1033200e-01
   8.0132900e-01  -6.1607000e-01  -6.1050000e-03
   8.0133100e-01  -6.1320700e-01  -1.1631900e-01
   8.0134200e-01  -6.1608400e-01   0.0000000e+00
   8.0161700e-01  -5.3269000e-01  -1.6412300e-01
   8.0168800e-01  -6.1074300e-01   6.0870000e-03
   8.0169700e-01  -6.0507600e-01  -1.2192100e-01
   8.0179500e-01  -5.5655200e-01  -1.5441000e-01
   8.0182700e-01  -5.8847000e-01   3.0031000e-02
   8.0188300e-01  -5.5956300e-01  -1.4262200e-01
   8.0197500e-01  -5.4595100e-01  -1.7151700e-01
   8.0220300e-01  -6.4333100e-01  -4.9755000e-02
   8.0221600e-01  -5.9999900e-01   1.8149000e-02
   8.0230800e-01  -6.3456600e-01  -3.7102000e-02
   8.0235900e-01  -5.3856500e-01  -1.5881100e-01
   8.0239200e-01  -6.4354600e-01  -4.3539000e-02
   8.0244600e-01  -6.3472200e-01  -3.0920000e-02
   8.0255500e-01  -6.4373300e-01  -3.7323000e-02
   8.0256000e-01  -6.3484900e-01  -2.4738000e-02
   8.0260900e-01  -6.5581700e-01  -6.2731000e-02
   8.0269400e-01  -5.3631200e-01  -1.6463600e-01
   8.0270900e-01  -5.4668000e-01  -1.6566200e-01
   8.0272800e-01  -5.4149000e-01  -1.5914100e-01
   8.0277600e-01  -5.6337600e-01  -1.4306200e-01
   8.0299800e-01  -5.5485100e-01  -1.6046000e-01
   8.0337700e-01  -5.5259300e-01  -1.6029600e-01
   8.0341000e-01  -5.4216300e-01  -1.5329800e-01
   8.0341700e-01  -6.4770400e-01  -3.1196000e-02
   8.0341800e-01  -5.4738400e-01  -1.5980100e-01
   8.0353100e-01  -5.8447100e-01   3.0000000e-02
   8.0353900e-01  -5.9305700e-01   2.4124000e-02
   8.0389400e-01  -5.7043300e-01  -1.6822600e-01
   8.0399800e-01  -6.2475600e-01  -1.0495500e-01
   8.0403000e-01  -5.1475700e-01  -1.6868500e-01
   8.0410000e-01  -5.4806200e-01  -1.5393400e-01
   8.0411300e-01  -5.9925600e-01   1.2112000e-02
   8.0415300e-01  -6.3372800e-01  -7.4374000e-02
   8.0416100e-01  -6.2207000e-01  -6.1420000e-03
   8.0426000e-01  -6.3676200e-01  -7.4521000e-02
   8.0426800e-01  -6.2505500e-01  -1.2308000e-02
   8.0437600e-01  -5.5623700e-01  -1.5472800e-01
   8.0443800e-01  -5.9680300e-01   2.4198000e-02
   8.0453200e-01  -6.2826100e-01  -9.8997000e-02
   8.0455100e-01  -6.3708900e-01  -6.8321000e-02
   8.0458600e-01  -5.2281400e-01  -1.6957000e-01
   8.0463900e-01  -6.3130400e-01  -9.9193000e-02
   8.0477900e-01  -5.8275200e-01   3.0000000e-02
   8.0497600e-01  -6.2584000e-01  -6.1600000e-03
   8.0502700e-01  -5.7702100e-01   3.5887000e-02
   8.0503200e-01  -5.5689700e-01  -1.4882400e-01
   8.0506500e-01  -5.3091300e-01  -1.7045500e-01
   8.0522200e-01  -6.1746600e-01   6.1300000e-03
   8.0534900e-01  -6.0057800e-01  -1.2811300e-01
   8.0538500e-01  -5.2866600e-01  -1.7027800e-01
   8.0545400e-01  -5.5467400e-01  -1.5472800e-01
   8.0548000e-01  -6.3813400e-01  -6.2179000e-02
   8.0548500e-01  -6.3522100e-01  -8.6998000e-02
   8.0551800e-01  -5.3907600e-01  -1.5930600e-01
   8.0572100e-01  -5.8981100e-01   3.0153000e-02
   8.0574500e-01  -5.1386900e-01  -1.6886200e-01
   8.0578000e-01  -6.3555100e-01  -9.3288000e-02
   8.0580400e-01  -5.3162800e-01  -1.6463600e-01
   8.0581400e-01  -5.6943100e-01  -1.5615800e-01
   8.0582800e-01  -6.3560500e-01  -8.0798000e-02
   8.0592600e-01  -5.6072300e-01  -1.4928300e-01
   8.0593000e-01  -6.3864100e-01  -8.0957000e-02
   8.0593600e-01  -6.3864800e-01  -4.9755000e-02
   8.0599300e-01  -6.4764500e-01  -3.1258000e-02
   8.0609900e-01  -6.0137900e-01   1.8223000e-02
   8.0612500e-01  -5.2937800e-01  -1.6446500e-01
   8.0612700e-01  -6.3886200e-01  -4.3539000e-02
   8.0618900e-01  -6.2430700e-01   0.0000000e+00
   8.0620900e-01  -6.4192200e-01  -4.3625000e-02
   8.0621500e-01  -5.7552900e-01  -1.6908100e-01
   8.0624900e-01  -5.7828700e-01   4.1951000e-02
   8.0631300e-01  -5.2193000e-01  -1.6974700e-01
   8.0637400e-01  -6.4210800e-01  -3.7396000e-02
   8.0638400e-01  -6.3915200e-01  -5.6023000e-02
   8.0651400e-01  -6.4226500e-01  -3.1166000e-02
   8.0651700e-01  -5.3231700e-01  -1.5881100e-01
   8.0656200e-01  -5.8162200e-01   3.6034000e-02
   8.0658200e-01  -5.4790400e-01  -1.6029600e-01
   8.0677400e-01  -6.3075300e-01  -1.0557900e-01
   8.0683900e-01  -5.3006600e-01  -1.5864600e-01
   8.0689100e-01  -5.3525000e-01  -1.6514900e-01
   8.0705400e-01  -5.2263600e-01  -1.6395200e-01
   8.0717100e-01  -6.0815200e-01   1.8315000e-02
   8.0720500e-01  -5.3298200e-01  -1.5298000e-01
   8.0722700e-01  -5.5380400e-01  -1.6703000e-01
   8.0726700e-01  -5.4338700e-01  -1.5393400e-01
   8.0726800e-01  -5.4858300e-01  -1.5441000e-01
   8.0729000e-01  -6.4314200e-01  -2.4958000e-02
   8.0737400e-01  -6.3733800e-01  -9.9781000e-02
   8.0749200e-01  -6.2284200e-01  -1.1759800e-01
   8.0752700e-01  -5.3072900e-01  -1.5282200e-01
   8.0760500e-01  -5.3594300e-01  -1.5930600e-01
   8.0783500e-01  -5.7992800e-01  -1.6976500e-01
   8.0794000e-01  -5.5451500e-01  -1.6112000e-01
   8.0795900e-01  -5.8307300e-01  -1.7010700e-01
   8.0797600e-01  -5.3888700e-01  -1.5963600e-01
   8.0806000e-01  -6.2346600e-01   6.1670000e-03
   8.0809500e-01  -5.8621400e-01   3.6181000e-02
   8.0820700e-01  -5.5743100e-01  -1.4928300e-01
   8.0829400e-01  -5.3661200e-01  -1.5345700e-01
   8.0835000e-01  -5.1883900e-01  -1.6378100e-01
   8.0840300e-01  -6.3256300e-01  -1.2407000e-02
   8.0854100e-01  -5.2914500e-01  -1.7080900e-01
   8.0889500e-01  -5.1432300e-01  -1.6939300e-01
   8.0902700e-01  -5.4250900e-01  -1.5409200e-01
   8.0932600e-01  -5.5589800e-01  -1.5536300e-01
   8.0935600e-01  -5.1726800e-01  -1.6378100e-01
   8.0937100e-01  -5.4024800e-01  -1.5393400e-01
   8.0959400e-01  -5.9948200e-01   3.0429000e-02
   8.0959900e-01  -5.2760600e-01  -1.6480700e-01
   8.0960200e-01  -6.0792800e-01  -1.2914100e-01
   8.0960800e-01  -6.1650000e-01   1.2296000e-02
   8.0976100e-01  -6.1954500e-01   1.2321000e-02
   8.0976900e-01  -6.1095200e-01  -1.2939800e-01
   8.0999500e-01  -5.3054100e-01  -1.6514900e-01
   8.1007500e-01  -6.1988700e-01  -1.2388000e-01
   8.1022100e-01  -6.4346800e-01  -8.7771000e-02
   8.1061100e-01  -5.1342300e-01  -1.6957000e-01
   8.1061700e-01  -5.7434200e-01  -1.5111600e-01
   8.1079400e-01  -5.7751900e-01  -1.6375900e-01
   8.1088400e-01  -5.2376700e-01  -1.7063200e-01
   8.1089800e-01  -6.1790200e-01   1.8480000e-02
   8.1103000e-01  -5.2897300e-01  -1.5914100e-01
   8.1111400e-01  -5.7485000e-01   4.2037000e-02
   8.1115500e-01  -5.0893300e-01  -1.6921600e-01
   8.1125200e-01  -5.7499200e-01  -1.4511600e-01
   8.1135900e-01  -5.1412100e-01  -1.6378100e-01
   8.1161900e-01  -5.7536600e-01   4.8086000e-02
   8.1178000e-01  -6.3927300e-01  -1.8738000e-02
   8.1186300e-01  -6.2183700e-01  -1.5570000e-01
   8.1188000e-01  -6.0190800e-01  -1.3511900e-01
   8.1205600e-01  -5.2739800e-01  -1.5914100e-01
   8.1208900e-01  -5.8736600e-01  -1.6491300e-01
   8.1213700e-01  -5.3259600e-01  -1.5963600e-01
   8.1283100e-01  -5.3326200e-01  -1.5377500e-01
   8.1285500e-01  -5.9424600e-01  -1.4079900e-01
   8.1289100e-01  -5.9122000e-01  -1.6540800e-01
   8.1293500e-01  -5.8245700e-01   4.2294000e-02
   8.1294800e-01  -5.2064800e-01  -1.5864600e-01
   8.1297500e-01  -6.3764600e-01  -1.1286800e-01
   8.1298700e-01  -5.9438400e-01  -1.6573800e-01
   8.1304800e-01  -5.9444800e-01   3.6513000e-02
   8.1306000e-01  -5.2583100e-01  -1.6514900e-01
   8.1315100e-01  -5.3100000e-01  -1.5361600e-01
   8.1323400e-01  -6.4985500e-01  -6.9332000e-02
   8.1326700e-01  -6.0056200e-01  -1.6639700e-01
   8.1328000e-01  -6.4990600e-01  -8.1993000e-02
   8.1345400e-01  -6.1779500e-01   1.8517000e-02
   8.1351200e-01  -6.4120700e-01  -1.0682900e-01
   8.1352100e-01  -6.0931600e-01   2.4566000e-02
   8.1360100e-01  -6.5026800e-01  -7.5698000e-02
   8.1374700e-01  -6.5043400e-01  -5.6741000e-02
   8.1382000e-01  -6.4751600e-01  -9.4574000e-02
   8.1396500e-01  -6.5068000e-01  -5.0442000e-02
   8.1410100e-01  -6.0709500e-01  -1.3579200e-01
   8.1416500e-01  -6.5090600e-01  -6.3099000e-02
   8.1421100e-01  -6.3606700e-01  -1.1286800e-01
   8.1424300e-01  -5.1681400e-01  -1.5848200e-01
   8.1428600e-01  -6.3323900e-01  -1.1899400e-01
   8.1440800e-01  -6.2171300e-01  -1.5600600e-01
   8.1447900e-01  -5.8404800e-01  -1.6491300e-01
   8.1449800e-01  -5.2719500e-01  -1.5947100e-01
   8.1462600e-01  -6.2776000e-01   1.2431000e-02
   8.1464000e-01  -6.1907800e-01  -1.3055400e-01
   8.1476200e-01  -5.8159300e-01   4.2337000e-02
   8.1480300e-01  -5.2493500e-01  -1.5930600e-01
   8.1480800e-01  -5.9322100e-01  -1.4094000e-01
   8.1494100e-01  -5.1746600e-01  -1.5266300e-01
   8.1539100e-01  -5.2041300e-01  -1.6497800e-01
   8.1546200e-01  -5.7333100e-01   4.8184000e-02
   8.1564600e-01  -5.7648000e-01   4.8283000e-02
   8.1575800e-01  -5.1069500e-01  -1.7010100e-01
   8.1591100e-01  -5.2853600e-01  -1.5377500e-01
   8.1595400e-01  -6.0906900e-01   3.0767000e-02
   8.1611600e-01  -5.2109300e-01  -1.5914100e-01
   8.1623600e-01  -6.5324400e-01  -8.8714000e-02
   8.1652000e-01  -5.2401000e-01  -1.5345700e-01
   8.1665100e-01  -5.1654100e-01  -1.7080900e-01
   8.1674800e-01  -5.0911000e-01  -1.7010100e-01
   8.1693600e-01  -5.2695000e-01  -1.5377500e-01
   8.1696300e-01  -5.1431500e-01  -1.6463600e-01
   8.1700900e-01  -5.0685900e-01  -1.6992400e-01
   8.1740500e-01  -5.1724200e-01  -1.6497800e-01
   8.1745500e-01  -5.8988400e-01  -1.6590300e-01
   8.1747900e-01  -5.9296900e-01   4.2724000e-02
   8.1761800e-01  -5.1492200e-01  -1.4683800e-01
   8.1762600e-01  -6.2230800e-01  -1.5646400e-01
   8.1765900e-01  -6.1374100e-01  -1.3673400e-01
   8.1769100e-01  -5.1498900e-01  -1.5881100e-01
   8.1780300e-01  -6.4301400e-01  -6.2890000e-03
   8.1782700e-01  -6.0255700e-01  -1.6722200e-01
   8.1796000e-01  -5.1272700e-01  -1.6463600e-01
   8.1813400e-01  -5.1791900e-01  -1.5914100e-01
   8.1813900e-01  -6.2576500e-01  -1.3145400e-01
   8.1817100e-01  -6.0574500e-01   3.6918000e-02
   8.1837000e-01  -5.8529900e-01  -1.5933500e-01
   8.1848200e-01  -6.1746000e-01   2.4787000e-02
   8.1864200e-01  -6.2051300e-01   2.4836000e-02
   8.1897600e-01  -5.2377400e-01  -1.5377500e-01
   8.1903900e-01  -5.8598600e-01  -1.5325600e-01
   8.1918500e-01  -5.3418600e-01  -1.5472800e-01
   8.1944800e-01  -5.7737200e-01   5.4533000e-02
   8.1955800e-01  -5.1924500e-01  -1.5345700e-01
   8.1968200e-01  -5.8664700e-01  -1.4717100e-01
   8.1972300e-01  -6.1308400e-01  -1.6219400e-01
   8.1972500e-01  -6.4217300e-01  -1.2015700e-01
   8.1979700e-01  -5.7173900e-01   5.4367000e-02
   8.1993700e-01  -5.0210900e-01  -1.6992400e-01
   8.2014200e-01  -5.8711900e-01   4.8773000e-02
   8.2018100e-01  -6.2217300e-01  -1.6314700e-01
   8.2023200e-01  -6.1649200e-01   3.1012000e-02
   8.2053200e-01  -6.1966000e-01  -1.3754100e-01
   8.2056500e-01  -5.1765200e-01  -1.5345700e-01
   8.2071500e-01  -6.1985600e-01  -1.6298800e-01
   8.2086300e-01  -5.1540700e-01  -1.5930600e-01
   8.2131100e-01  -6.0906400e-01  -1.4304900e-01
   8.2138300e-01  -6.2057400e-01  -1.5677000e-01
   8.2141000e-01  -6.0632900e-01   3.7028000e-02
   8.2158900e-01  -6.3538100e-01  -1.2620500e-01
   8.2160600e-01  -5.7655300e-01   4.8528000e-02
   8.2162700e-01  -5.0858800e-01  -1.7080900e-01
   8.2167100e-01  -4.7448300e-01  -1.7352200e-01
   8.2177600e-01  -6.0049500e-01  -1.6124100e-01
   8.2181000e-01  -6.0675000e-01  -1.4290900e-01
   8.2192100e-01  -6.0686700e-01  -1.6187600e-01
   8.2202600e-01  -6.2126400e-01  -1.5054500e-01
   8.2208600e-01  -5.7703800e-01   5.4643000e-02
   8.2219400e-01  -6.2434100e-01  -1.5722800e-01
   8.2224700e-01  -5.1668500e-01  -1.4760200e-01
   8.2229400e-01  -5.1672800e-01  -1.5361600e-01
   8.2235800e-01  -6.3917700e-01  -1.2657300e-01
   8.2244800e-01  -6.0119600e-01  -1.5508900e-01
   8.2256900e-01  -5.8656400e-01   5.4974000e-02
   8.2257800e-01  -6.1900100e-01  -1.6314700e-01
   8.2259200e-01  -6.0757300e-01  -1.5570000e-01
   8.2260200e-01  -5.0701000e-01  -1.7080900e-01
   8.2264300e-01  -6.2192600e-01  -1.4431500e-01
   8.2271400e-01  -5.9532700e-01   4.9117000e-02
   8.2273200e-01  -5.9255700e-01  -1.6060600e-01
   8.2279000e-01  -5.1215300e-01  -1.4729600e-01
   8.2285100e-01  -5.1220900e-01  -1.6532000e-01
   8.2294400e-01  -6.1364600e-01  -1.6267100e-01
   8.2304500e-01  -5.9875400e-01  -1.6124100e-01
   8.2309300e-01  -6.0186900e-01  -1.4893100e-01
   8.2310300e-01  -5.0249300e-01  -1.7045500e-01
   8.2317500e-01  -5.6971300e-01   6.0524000e-02
   8.2323700e-01  -6.0825200e-01  -1.4951800e-01
   8.2325300e-01  -5.6440500e-01   6.0340000e-02
   8.2340500e-01  -5.9325100e-01  -1.5447800e-01
   8.2350900e-01  -6.5541700e-01  -1.0859900e-01
   8.2358600e-01  -5.1288200e-01  -1.5947100e-01
   8.2361500e-01  -6.1435900e-01  -1.5646400e-01
   8.2362500e-01  -6.3466100e-01  -1.3273900e-01
   8.2371800e-01  -5.9945400e-01  -1.5508900e-01
   8.2381200e-01  -4.9572600e-01  -1.6992400e-01
   8.2382100e-01  -5.8480400e-01   5.4974000e-02
   8.2394400e-01  -5.7891400e-01   6.0891000e-02
   8.2405100e-01  -5.9391800e-01  -1.4834500e-01
   8.2426100e-01  -6.1504400e-01  -1.5025200e-01
   8.2429500e-01  -5.1353100e-01  -1.5361600e-01
   8.2432400e-01  -5.9699300e-01  -1.6124100e-01
   8.2436500e-01  -6.0012600e-01  -1.4893100e-01
   8.2443300e-01  -5.7367900e-01   5.4643000e-02
   8.2466300e-01  -6.5971200e-01  -1.0252600e-01
   8.2475600e-01  -5.1647300e-01  -1.6600400e-01
   8.2488000e-01  -6.1570100e-01  -1.4403400e-01
   8.2498800e-01  -5.6881700e-01   6.0585000e-02
   8.2499800e-01  -5.9769100e-01  -1.5508900e-01
   8.2520700e-01  -6.0407600e-01   4.3282000e-02
   8.2549300e-01  -5.1715000e-01  -1.6013100e-01
   8.2564600e-01  -5.9836200e-01  -1.4893100e-01
   8.2578200e-01  -4.9994900e-01  -1.7063200e-01
   8.2594200e-01  -6.0796600e-01  -1.6251200e-01
   8.2595400e-01  -5.9587900e-01   4.9264000e-02
   8.2616900e-01  -6.1419900e-01  -1.6314700e-01
   8.2620300e-01  -5.1780300e-01  -1.5425100e-01
   8.2649400e-01  -4.7384800e-01  -1.7425400e-01
   8.2661800e-01  -6.0867300e-01  -1.5631200e-01
   8.2670300e-01  -5.1321800e-01  -1.4790800e-01
   8.2684400e-01  -6.1491200e-01  -1.5692300e-01
   8.2687400e-01  -6.2938500e-01  -1.5186600e-01
   8.2688700e-01  -5.1843100e-01  -1.4836600e-01
   8.2693300e-01  -4.7902800e-01  -1.6886200e-01
   8.2726600e-01  -6.0935400e-01  -1.5010500e-01
   8.2728100e-01  -4.6265800e-01  -1.7333900e-01
   8.2748800e-01  -4.8192200e-01  -1.6921600e-01
   8.2749300e-01  -6.1559800e-01  -1.5069200e-01
   8.2749500e-01  -6.3005400e-01  -1.4558100e-01
   8.2766300e-01  -5.6074200e-01   6.6500000e-02
   8.2767400e-01  -6.6923500e-01  -5.8010000e-02
   8.2774000e-01  -5.1167800e-01  -1.6600400e-01
   8.2789700e-01  -6.6948700e-01  -5.1570000e-02
   8.2803600e-01  -5.5843800e-01   6.6432000e-02
   8.2803900e-01  -4.7517300e-01  -1.6868500e-01
   8.2808900e-01  -6.3069400e-01  -1.3929100e-01
   8.2864900e-01  -6.2549200e-01  -1.5814500e-01
   8.2898900e-01  -5.0780000e-01  -1.6583300e-01
   8.2900400e-01  -4.8323600e-01  -1.6361100e-01
   8.2929800e-01  -6.2618700e-01  -1.5186600e-01
   8.2938700e-01  -4.6679900e-01  -1.7407100e-01
   8.2948600e-01  -5.0326300e-01  -1.6549100e-01
   8.2966800e-01  -5.1592200e-01  -1.6668800e-01
   8.2984600e-01  -4.9127800e-01  -1.7045500e-01
   8.2992100e-01  -6.2685400e-01  -1.4558100e-01
   8.2992500e-01  -4.9869900e-01  -1.7116300e-01
   8.2994000e-01  -5.1367800e-01  -1.6046000e-01
   8.3010000e-01  -4.7934700e-01  -1.6939300e-01
   8.3014900e-01  -6.7204000e-01  -7.7684000e-02
   8.3015500e-01  -4.9643400e-01  -1.7098600e-01
   8.3026300e-01  -4.8675900e-01  -1.7010100e-01
   8.3034300e-01  -4.6523000e-01  -1.6815400e-01
   8.3036800e-01  -4.9418900e-01  -1.7080900e-01
   8.3041000e-01  -5.1660000e-01  -1.6079000e-01
   8.3044000e-01  -4.6294300e-01  -1.7388800e-01
   8.3045100e-01  -6.7238300e-01  -7.1221000e-02
   8.3065500e-01  -5.1432800e-01  -1.5456900e-01
   8.3072700e-01  -6.7269600e-01  -6.4755000e-02
   8.3079800e-01  -4.8966600e-01  -1.7045500e-01
   8.3103700e-01  -4.8743300e-01  -1.6429400e-01
   8.3112500e-01  -5.1725200e-01  -1.5488700e-01
   8.3114100e-01  -4.9487000e-01  -1.6497800e-01
   8.3121400e-01  -6.2532300e-01  -1.5845100e-01
   8.3126600e-01  -5.5891400e-01   6.6635000e-02
   8.3134400e-01  -5.1495300e-01  -1.4867200e-01
   8.3148000e-01  -4.7095000e-01  -1.7480300e-01
   8.3157200e-01  -4.9034200e-01  -1.6463600e-01
   8.3186700e-01  -6.2601800e-01  -1.5215900e-01
   8.3204100e-01  -5.5169500e-01   7.2461000e-02
   8.3217200e-01  -5.0816500e-01  -1.6634600e-01
   8.3236800e-01  -4.8129800e-01  -1.6395200e-01
   8.3238400e-01  -5.1337600e-01  -1.6685900e-01
   8.3246400e-01  -6.4132300e-01  -1.5362700e-01
   8.3249200e-01  -6.2668500e-01  -1.4586300e-01
   8.3252700e-01  -4.8873000e-01  -1.5864600e-01
   8.3261500e-01  -5.0357100e-01  -1.4790800e-01
   8.3270300e-01  -4.7675900e-01  -1.6957000e-01
   8.3272200e-01  -4.5076700e-01  -1.7315600e-01
   8.3287600e-01  -5.7121500e-01   6.1075000e-02
   8.3308900e-01  -6.4200300e-01  -1.4726900e-01
   8.3311700e-01  -4.8194300e-01  -1.5815200e-01
   8.3313000e-01  -5.1405100e-01  -1.6095500e-01
   8.3340400e-01  -5.0427400e-01  -1.6617500e-01
   8.3348100e-01  -4.7742300e-01  -1.6378100e-01
   8.3359100e-01  -5.0195300e-01  -1.4790800e-01
   8.3366900e-01  -4.8484600e-01  -1.6446500e-01
   8.3368800e-01  -6.4265300e-01  -1.4090600e-01
   8.3378300e-01  -4.9227400e-01  -1.5313900e-01
   8.3378700e-01  -4.7290400e-01  -1.6939300e-01
   8.3381400e-01  -4.7292600e-01  -1.5749200e-01
   8.3383900e-01  -4.8256400e-01  -1.5234500e-01
   8.3384800e-01  -5.1470200e-01  -1.5504600e-01
   8.3399300e-01  -4.9000600e-01  -1.5298000e-01
   8.3401700e-01  -5.7234000e-01   6.7309000e-02
   8.3412600e-01  -5.1243200e-01  -1.6095500e-01
   8.3415200e-01  -5.0494000e-01  -1.6029600e-01
   8.3435800e-01  -4.6384800e-01  -1.7462000e-01
   8.3437900e-01  -6.4043200e-01  -1.5377400e-01
   8.3447700e-01  -4.9288100e-01  -1.4729600e-01
   8.3453800e-01  -4.7353900e-01  -1.5171000e-01
   8.3454000e-01  -5.1532800e-01  -1.4913000e-01
   8.3456700e-01  -4.7356400e-01  -1.6361100e-01
   8.3468700e-01  -4.9061100e-01  -1.4714400e-01
   8.3470400e-01  -4.7128400e-01  -1.6939300e-01
   8.3476200e-01  -5.8402300e-01   6.1627000e-02
   8.3484600e-01  -5.1308200e-01  -1.5504600e-01
   8.3487200e-01  -5.0558200e-01  -1.5441000e-01
   8.3496500e-01  -4.8840500e-01  -1.5897600e-01
   8.3500600e-01  -6.4111100e-01  -1.4741000e-01
   8.3503500e-01  -5.8705800e-01   6.1750000e-02
   8.3511400e-01  -5.7073800e-01   6.7309000e-02
   8.3511700e-01  -4.7643400e-01  -1.6992400e-01
   8.3516700e-01  -4.6452300e-01  -1.6886200e-01
   8.3525700e-01  -4.6222700e-01  -1.7462000e-01
   8.3530500e-01  -6.5039400e-01  -1.5480100e-01
   8.3535600e-01  -5.0103300e-01  -1.6617500e-01
   8.3537500e-01  -5.0853200e-01  -1.6079000e-01
   8.3553900e-01  -5.1370700e-01  -1.4913000e-01
   8.3560700e-01  -6.4176100e-01  -1.4104100e-01
   8.3564500e-01  -4.6968600e-01  -1.6344000e-01
   8.3568900e-01  -4.8903300e-01  -1.5313900e-01
   8.3581700e-01  -4.5329700e-01  -1.6797700e-01
   8.3589800e-01  -4.7709800e-01  -1.6412300e-01
   8.3591200e-01  -4.8678300e-01  -1.5897600e-01
   8.3603300e-01  -4.9424000e-01  -1.5963600e-01
   8.3603500e-01  -5.7979400e-01   6.7714000e-02
   8.3603800e-01  -6.5420900e-01  -1.5524100e-01
   8.3609700e-01  -5.0917700e-01  -1.5488700e-01
   8.3615300e-01  -4.6060500e-01  -1.7462000e-01
   8.3623800e-01  -4.7257800e-01  -1.6378100e-01
   8.3638500e-01  -4.8963700e-01  -1.4729600e-01
   8.3656600e-01  -6.4877100e-01  -1.5480100e-01
   8.3660200e-01  -4.5393800e-01  -1.6224300e-01
   8.3665100e-01  -4.7773900e-01  -1.5831700e-01
   8.3704200e-01  -4.8288700e-01  -1.6480700e-01
   8.3704500e-01  -4.5898000e-01  -1.7462000e-01
   8.3717500e-01  -4.5673000e-01  -1.7443700e-01
   8.3719500e-01  -6.4945600e-01  -1.4839400e-01
   8.3728200e-01  -4.6867100e-01  -1.6957000e-01
   8.3732100e-01  -5.1278900e-01  -1.6145000e-01
   8.3732900e-01  -5.0527100e-01  -1.6685900e-01
   8.3737800e-01  -4.7835700e-01  -1.5250400e-01
   8.3738400e-01  -4.8805400e-01  -1.5329800e-01
   8.3779600e-01  -4.8353300e-01  -1.5897600e-01
   8.3779700e-01  -6.5011300e-01  -1.4198300e-01
   8.3785900e-01  -4.5965000e-01  -1.6886200e-01
   8.3791000e-01  -4.7158800e-01  -1.5798700e-01
   8.3798300e-01  -4.8126500e-01  -1.5881100e-01
   8.3798900e-01  -4.5739800e-01  -1.6868500e-01
   8.3802500e-01  -4.9845400e-01  -1.6634600e-01
   8.3804400e-01  -5.1343900e-01  -1.5552200e-01
   8.3806700e-01  -4.6932700e-01  -1.6378100e-01
   8.3808100e-01  -5.0593900e-01  -1.6095500e-01
   8.3811500e-01  -5.6556300e-01   7.3417000e-02
   8.3822000e-01  -4.6706800e-01  -1.6361100e-01
   8.3857700e-01  -5.7957300e-01   6.7849000e-02
   8.3863800e-01  -4.7220100e-01  -1.5218600e-01
   8.3864500e-01  -4.6029800e-01  -1.6309800e-01
   8.3880600e-01  -5.0658200e-01  -1.5504600e-01
   8.3906200e-01  -5.0431000e-01  -1.6095500e-01
   8.3909600e-01  -4.6541600e-01  -1.6957000e-01
   8.3915800e-01  -4.4899700e-01  -1.7407100e-01
   8.3924000e-01  -4.6315800e-01  -1.6939300e-01
   8.3947700e-01  -5.7230000e-01   7.3785000e-02
   8.3958000e-01  -4.7059400e-01  -1.5815200e-01
   8.3969500e-01  -4.5411500e-01  -1.7462000e-01
   8.3978800e-01  -5.0495200e-01  -1.5504600e-01
   8.3987200e-01  -5.6997300e-01   7.3712000e-02
   8.3988300e-01  -4.6606900e-01  -1.6378100e-01
   8.4002200e-01  -4.8544100e-01  -1.5345700e-01
   8.4002700e-01  -4.6380900e-01  -1.6361100e-01
   8.4021200e-01  -4.8316800e-01  -1.5329800e-01
   8.4028800e-01  -6.8040500e-01  -9.8434000e-02
   8.4049200e-01  -4.6896200e-01  -1.5815200e-01
   8.4062900e-01  -4.5252700e-01  -1.6868500e-01
   8.4064200e-01  -4.6670000e-01  -1.5798700e-01
   8.4076200e-01  -4.7639400e-01  -1.5881100e-01
   8.4078700e-01  -4.6443800e-01  -1.5782200e-01
   8.4104000e-01  -5.5765800e-01   7.3270000e-02
   8.4120200e-01  -5.3677500e-01   7.8487000e-02
   8.4129700e-01  -5.4207800e-01   7.8726000e-02
   8.4149300e-01  -4.7701100e-01  -1.5298000e-01
   8.4161800e-01  -5.3976500e-01   7.8647000e-02
   8.4182200e-01  -4.6054400e-01  -1.6361100e-01
   8.4194100e-01  -4.5830200e-01  -1.5749200e-01
   8.4203900e-01  -4.5602300e-01  -1.6921600e-01
   8.4258400e-01  -4.6116900e-01  -1.5782200e-01
   8.4267500e-01  -4.5890300e-01  -1.5171000e-01
   8.4281500e-01  -5.4875700e-01   7.9125000e-02
   8.4297600e-01  -5.3581600e-01   7.8567000e-02
   8.4298900e-01  -5.0530600e-01  -1.6161500e-01
   8.4351300e-01  -5.6809400e-01   7.3859000e-02
   8.4356600e-01  -5.5739900e-01   7.3417000e-02
   8.4359400e-01  -4.5728900e-01  -1.6361100e-01
   8.4371900e-01  -5.0595000e-01  -1.5568100e-01
   8.4389600e-01  -5.6576300e-01   7.3785000e-02
   8.4392200e-01  -5.5244600e-01   7.9364000e-02
   8.4396800e-01  -5.0366800e-01  -1.6161500e-01
   8.4430500e-01  -5.6077800e-01   7.9762000e-02
   8.4435900e-01  -4.5791200e-01  -1.5782200e-01
   8.4437900e-01  -5.3451400e-01   8.4682000e-02
   8.4442300e-01  -5.0656900e-01  -1.4974100e-01
   8.4456900e-01  -4.5336800e-01  -1.6939300e-01
   8.4470000e-01  -5.0431000e-01  -1.5568100e-01
   8.4474300e-01  -4.3629800e-01  -1.7388800e-01
   8.4480100e-01  -5.2461500e-01   8.4253000e-02
   8.4500800e-01  -4.4622300e-01  -1.7480300e-01
   8.4501800e-01  -5.5614200e-01   7.9603000e-02
   8.4540500e-01  -5.0492800e-01  -1.4974100e-01
   8.4549300e-01  -4.6594000e-01  -1.5864600e-01
   8.4560900e-01  -4.6365100e-01  -1.5250400e-01
   8.4601100e-01  -4.5689200e-01  -1.6395200e-01
   8.4609000e-01  -5.2066500e-01   8.4167000e-02
   8.4615600e-01  -4.5229700e-01  -1.7553500e-01
   8.4661700e-01  -6.6277500e-01  -1.5064500e-01
   8.4675600e-01  -5.4717600e-01   8.5454000e-02
   8.4677800e-01  -4.5751400e-01  -1.5815200e-01
   8.4689600e-01  -4.5524800e-01  -1.6395200e-01
   8.4698100e-01  -4.5296100e-01  -1.6974700e-01
   8.4722700e-01  -6.6344300e-01  -1.4413600e-01
   8.4777900e-01  -4.5360300e-01  -1.6395200e-01
   8.4781000e-01  -6.6408100e-01  -1.3762100e-01
   8.4824900e-01  -5.6724800e-01   8.0320000e-02
   8.4844100e-01  -4.4384400e-01  -1.7516900e-01
   8.4854900e-01  -4.5422200e-01  -1.5815200e-01
   8.4865500e-01  -4.5171600e-01  -1.7590100e-01
   8.4897000e-01  -5.5189200e-01   7.9682000e-02
   8.4927600e-01  -5.4688800e-01   8.5626000e-02
   8.4930100e-01  -4.4219500e-01  -1.7516900e-01
   8.4980000e-01  -4.4749100e-01  -1.7571800e-01
   8.4996700e-01  -4.5772800e-01  -1.5864600e-01
   8.5013200e-01  -4.4284900e-01  -1.6939300e-01
   8.5025200e-01  -4.5299500e-01  -1.7027800e-01
   8.5033700e-01  -5.1936400e-01   8.4425000e-02
   8.5044900e-01  -4.5056300e-01  -1.7010100e-01
   8.5058100e-01  -5.4021500e-01   9.1541000e-02
   8.5063000e-01  -4.4815000e-01  -1.6992400e-01
   8.5068600e-01  -6.7339300e-01  -1.5205200e-01
   8.5081200e-01  -5.2234300e-01   8.4596000e-02
   8.5081400e-01  -4.4572000e-01  -1.6974700e-01
   8.5105400e-01  -4.5363700e-01  -1.6446500e-01
   8.5116800e-01  -5.6463700e-01   8.0400000e-02
   8.5122100e-01  -4.6349900e-01  -1.5329800e-01
   8.5125100e-01  -4.5120200e-01  -1.6429400e-01
   8.5138200e-01  -6.7723000e-01  -1.5247400e-01
   8.5182700e-01  -4.5425700e-01  -1.5864600e-01
   8.5190300e-01  -6.7780600e-01   0.0000000e+00
   8.5202800e-01  -5.3893000e-01   8.5454000e-02
   8.5220400e-01  -4.4940000e-01  -1.6429400e-01
   8.5253900e-01  -4.4241200e-01  -1.6974700e-01
   8.5309400e-01  -5.1671800e-01   8.4510000e-02
   8.5326000e-01  -5.4794700e-01   8.5969000e-02
   8.5334400e-01  -4.4304400e-01  -1.6395200e-01
   8.5356800e-01  -4.5305000e-01  -1.5881100e-01
   8.5359000e-01  -5.4561300e-01   8.5883000e-02
   8.5365300e-01  -4.6308900e-01  -1.5361600e-01
   8.5375200e-01  -4.5062900e-01  -1.5864600e-01
   8.5378300e-01  -4.6081000e-01  -1.5345700e-01
   8.5380900e-01  -5.3794600e-01   8.5540000e-02
   8.5390700e-01  -4.5853300e-01  -1.5329800e-01
   8.5393600e-01  -4.4818800e-01  -1.6446500e-01
   8.5431600e-01  -4.5364600e-01  -1.5298000e-01
   8.5432400e-01  -5.2035800e-01   8.4768000e-02
   8.5450100e-01  -4.5122300e-01  -1.5282200e-01
   8.5480500e-01  -4.4652900e-01  -1.6446500e-01
   8.5483200e-01  -5.1573800e-01   8.4596000e-02
   8.5532800e-01  -5.1110300e-01   8.4425000e-02
   8.5558300e-01  -4.4714200e-01  -1.5864600e-01
   8.5599000e-01  -6.7613400e-01  -1.5289600e-01
   8.5617700e-01  -5.3231500e-01   8.5454000e-02
   8.5660800e-01  -6.7681300e-01  -1.4628900e-01
   8.5705300e-01  -5.3831600e-01   8.5797000e-02
   8.5707000e-01  -5.1009500e-01   8.4510000e-02
   8.5719800e-01  -6.7746200e-01  -1.3967700e-01
   8.5722600e-01  -4.4608900e-01  -1.5881100e-01
   8.5780900e-01  -4.5124900e-01  -1.5930600e-01
   8.5788600e-01  -4.4895500e-01  -1.5313900e-01
   8.5797900e-01  -4.4667900e-01  -1.5298000e-01
   8.5861000e-01  -4.4952500e-01  -1.4729600e-01
   8.5956500e-01  -5.0973600e-01   8.4682000e-02
   8.6006100e-01  -4.5303000e-01  -1.4775500e-01
   8.6015200e-01  -6.9326100e-01  -1.2091400e-01
   8.6025900e-01  -4.4846700e-01  -1.4744900e-01
   8.6164600e-01  -4.9153400e-01   7.8009000e-02
   8.6165900e-01  -4.5429400e-01  -1.5409200e-01
   8.6201300e-01  -4.9680900e-01   7.8248000e-02
   8.6257200e-01  -5.1999100e-01   8.5368000e-02
   8.6270400e-01  -4.4802700e-01  -1.7187100e-01
   8.6352000e-01  -4.4866500e-01  -1.6600400e-01
   8.6403200e-01  -5.0601700e-01   8.4854000e-02
   8.6434900e-01  -4.4695500e-01  -1.7204800e-01
   8.6586300e-01  -4.5049500e-01  -1.6046000e-01
   8.6662500e-01  -4.5109000e-01  -1.5456900e-01
   8.6673300e-01  -4.8343800e-01   7.2020000e-02
   8.6678500e-01  -4.9834800e-01   7.8647000e-02
   8.6679500e-01  -4.8841700e-01   7.8248000e-02
   8.6715100e-01  -4.8871200e-01   7.2240000e-02
   8.6732900e-01  -4.8639200e-01   7.2167000e-02
   8.6779400e-01  -4.4022900e-01  -1.7204800e-01
   8.6797700e-01  -4.7714100e-01   7.1873000e-02
   8.6804400e-01  -5.0692500e-01   8.5197000e-02
   8.6809300e-01  -5.1457800e-01   8.5540000e-02
   8.6832700e-01  -4.4768800e-01  -1.7275600e-01
   8.6871400e-01  -4.9497800e-01   7.8647000e-02
   8.6937600e-01  -4.7340500e-01   6.5825000e-02
   8.6967600e-01  -4.7608300e-01   7.1946000e-02
   8.6969500e-01  -4.5348800e-01  -1.4913000e-01
   8.7000500e-01  -4.7634900e-01   6.5960000e-02
   8.7043900e-01  -4.9392900e-01   7.8726000e-02
   8.7099400e-01  -4.8694900e-01   7.8487000e-02
   8.7153200e-01  -4.4780500e-01  -1.7328700e-01
   8.7161900e-01  -4.4551200e-01  -1.7311000e-01
   8.7211100e-01  -5.1549100e-01   8.5883000e-02
   8.7216600e-01  -4.5303800e-01  -1.6771400e-01
   8.7249500e-01  -5.0316400e-01   8.5368000e-02
   8.7367800e-01  -4.9913300e-01   8.5283000e-02
   8.7382300e-01  -4.5194700e-01  -1.6788500e-01
   8.7525400e-01  -4.7815300e-01   7.2388000e-02
   8.7531700e-01  -5.0807700e-01   8.5797000e-02
   8.7547900e-01  -4.5085100e-01  -1.6805600e-01
   8.7584700e-01  -5.1106600e-01   8.5969000e-02
   8.7607800e-01  -4.5608100e-01  -1.6243900e-01
   8.7615400e-01  -4.6575300e-01   5.9972000e-02
   8.7619100e-01  -4.9372200e-01   7.9125000e-02
   8.7675100e-01  -4.7422100e-01   6.6297000e-02
   8.7685000e-01  -4.5668200e-01  -1.5647500e-01
   8.7750100e-01  -4.6948700e-01   6.0156000e-02
   8.7759400e-01  -4.5726000e-01  -1.5050500e-01
   8.7774200e-01  -4.5498300e-01  -1.6260400e-01
   8.7783600e-01  -4.8270000e-01   7.8806000e-02
   8.7806700e-01  -4.7797100e-01   6.6500000e-02
   8.7851600e-01  -4.5558300e-01  -1.5663400e-01
   8.7878800e-01  -4.4864600e-01  -1.6839700e-01
   8.7880900e-01  -5.0595600e-01   8.5969000e-02
   8.7923400e-01  -4.9124400e-01   7.3123000e-02
   8.7923700e-01  -5.0126300e-01   8.5797000e-02
   8.7926100e-01  -4.5616100e-01  -1.5065800e-01
   8.7933200e-01  -4.5621600e-01   5.3871000e-02
   8.8043100e-01  -4.4755500e-01  -1.6856800e-01
   8.8070100e-01  -4.6208600e-01   5.4091000e-02
   8.8094800e-01  -4.9018600e-01   7.3197000e-02
   8.8118400e-01  -4.9284500e-01   7.9443000e-02
   8.8230800e-01  -4.8880900e-01   7.9364000e-02
   8.8239700e-01  -4.8145400e-01   7.2976000e-02
   8.8244300e-01  -4.7607800e-01   6.6702000e-02
   8.8251200e-01  -4.4914200e-01   4.1865000e-02
   8.8254600e-01  -4.6837300e-01   6.0401000e-02
   8.8278500e-01  -4.6371300e-01   6.0278000e-02
   8.8330800e-01  -4.5689400e-01  -1.6359400e-01
   8.8338300e-01  -4.5455500e-01  -1.6959400e-01
   8.8345400e-01  -4.6665900e-01   6.0401000e-02
   8.8362600e-01  -4.5713900e-01   4.8086000e-02
   8.8373400e-01  -4.4532200e-01  -1.6891000e-01
   8.8388200e-01  -4.5018700e-01   4.7939000e-02
   8.8419400e-01  -4.5517800e-01  -1.6359400e-01
   8.8451200e-01  -4.5542300e-01   4.8086000e-02
   8.8497500e-01  -4.5577800e-01  -1.5758700e-01
   8.8531300e-01  -4.2773600e-01   5.9330000e-03
   8.8534900e-01  -4.2312000e-01   5.9210000e-03
   8.8536400e-01  -4.2313000e-01   0.0000000e+00
   8.8537600e-01  -4.7060100e-01   6.6702000e-02
   8.8553700e-01  -4.6344000e-01   5.4367000e-02
   8.8572700e-01  -4.5635600e-01  -1.5157500e-01
   8.8575900e-01  -4.8143700e-01   7.3197000e-02
   8.8576900e-01  -4.4924100e-01   4.1994000e-02
   8.8598800e-01  -4.9430600e-01   7.9842000e-02
   8.8664200e-01  -4.5465900e-01  -1.6392400e-01
   8.8720100e-01  -4.5508700e-01   4.2165000e-02
   8.8735500e-01  -4.7731200e-01   6.7039000e-02
   8.8742600e-01  -4.5526000e-01  -1.5790500e-01
   8.8757500e-01  -4.5061300e-01  -1.6993600e-01
   8.8773500e-01  -4.6272700e-01   6.0524000e-02
   8.8818100e-01  -4.5583700e-01  -1.5188000e-01
   8.8853200e-01  -4.4657000e-01  -1.6976500e-01
   8.8877800e-01  -4.6111500e-01  -1.5854000e-01
   8.8915600e-01  -4.7603200e-01   6.7107000e-02
   8.8919800e-01  -4.6628900e-01   6.0708000e-02
   8.8922200e-01  -4.4947300e-01   3.6108000e-02
   8.8930300e-01  -4.3065800e-01   1.1928000e-02
   8.8936000e-01  -4.5674000e-01   4.8332000e-02
   8.8953300e-01  -4.6169800e-01  -1.5249200e-01
   8.8964200e-01  -4.9478000e-01   8.6312000e-02
   8.8974100e-01  -4.7403800e-01   7.3197000e-02
   8.9009300e-01  -4.4774600e-01   3.6108000e-02
   8.9049200e-01  -4.6243800e-01   5.4588000e-02
   8.9057600e-01  -4.4098300e-01   2.4001000e-02
   8.9059700e-01  -4.6010000e-01   5.4533000e-02
   8.9065000e-01  -4.5534900e-01  -1.6458300e-01
   8.9143900e-01  -4.5595000e-01  -1.5854000e-01
   8.9170500e-01  -4.8076500e-01   7.3565000e-02
   8.9173900e-01  -4.3712000e-01  -1.3269700e-01
   8.9219700e-01  -4.5652800e-01  -1.5249200e-01
   8.9229500e-01  -4.4940500e-01   4.2251000e-02
   8.9233700e-01  -4.3992500e-01   1.8020000e-02
   8.9245400e-01  -4.1897900e-01  -2.3805000e-02
   8.9250400e-01  -4.0982700e-01  -4.7448000e-02
   8.9255800e-01  -4.1905300e-01  -1.7855000e-02
   8.9262100e-01  -4.2373800e-01  -1.1928000e-02
   8.9263200e-01  -4.1910600e-01  -1.1903000e-02
   8.9265100e-01  -4.2608900e-01  -5.9700000e-03
   8.9272700e-01  -4.0998400e-01  -4.1521000e-02
   8.9278800e-01  -4.4500600e-01   3.0123000e-02
   8.9292100e-01  -4.1012000e-01  -3.5593000e-02
   8.9310400e-01  -4.5481100e-01  -1.6491300e-01
   8.9316100e-01  -4.5726300e-01   5.4588000e-02
   8.9319000e-01  -4.3819200e-01   1.8020000e-02
   8.9329800e-01  -4.3593800e-01   1.2002000e-02
   8.9342600e-01  -4.4548200e-01   3.6181000e-02
   8.9347600e-01  -4.2435500e-01  -5.9700000e-03
   8.9384000e-01  -4.4103900e-01   2.4075000e-02
   8.9389500e-01  -4.5541200e-01  -1.5885800e-01
   8.9394300e-01  -3.9942300e-01  -6.5083000e-02
   8.9428600e-01  -4.2727200e-01   0.0000000e+00
   8.9432100e-01  -4.4853800e-01   3.0215000e-02
   8.9454100e-01  -3.9983500e-01  -5.3263000e-02
   8.9458400e-01  -4.8576000e-01   7.3932000e-02
   8.9465600e-01  -4.5599100e-01  -1.5279700e-01
   8.9469500e-01  -4.3930300e-01   2.4075000e-02
   8.9502900e-01  -4.3249900e-01   6.0010000e-03
   8.9508100e-01  -4.2784700e-01   5.9890000e-03
   8.9511400e-01  -4.2553500e-01   0.0000000e+00
   8.9511800e-01  -4.2088200e-01  -5.9700000e-03
   8.9518900e-01  -4.7095000e-01   6.7309000e-02
   8.9540500e-01  -4.5415000e-01   4.2466000e-02
   8.9540700e-01  -4.1645400e-01  -3.5777000e-02
   8.9557100e-01  -4.1657100e-01  -2.9816000e-02
   8.9557500e-01  -4.1888800e-01  -2.9847000e-02
   8.9570600e-01  -4.1666600e-01  -2.3854000e-02
   8.9580400e-01  -4.2370000e-01  -1.7947000e-02
   8.9586000e-01  -4.8133100e-01   7.3859000e-02
   8.9591100e-01  -4.2610900e-01   5.9890000e-03
   8.9634500e-01  -4.5486200e-01  -1.6540800e-01
   8.9649000e-01  -4.5016600e-01  -1.7130400e-01
   8.9652400e-01  -4.1956400e-01  -2.3903000e-02
   8.9663100e-01  -4.3131500e-01   1.2014000e-02
   8.9663200e-01  -4.7453000e-01   6.7511000e-02
   8.9669100e-01  -4.2433600e-01  -1.1977000e-02
   8.9689100e-01  -4.6982200e-01   6.7376000e-02
   8.9713900e-01  -4.5546300e-01  -1.5933500e-01
   8.9730800e-01  -4.4599400e-01  -1.4009600e-01
   8.9735500e-01  -4.5081500e-01   3.6402000e-02
   8.9738900e-01  -4.1095700e-01  -4.7694000e-02
   8.9744300e-01  -4.2021800e-01  -1.7947000e-02
   8.9751800e-01  -4.2027100e-01  -1.1965000e-02
   8.9761400e-01  -4.1111500e-01  -4.1736000e-02
   8.9765900e-01  -4.4625500e-01   3.0276000e-02
   8.9780900e-01  -4.1125100e-01  -3.5777000e-02
   8.9783100e-01  -4.6322600e-01   5.4974000e-02
   8.9790400e-01  -4.5604100e-01  -1.5325600e-01
   8.9810800e-01  -4.3474400e-01  -1.2721300e-01
   8.9821600e-01  -4.3482300e-01   1.2051000e-02
   8.9825700e-01  -4.1847400e-01  -1.7947000e-02
   8.9833200e-01  -4.1852700e-01  -1.1965000e-02
   8.9836100e-01  -4.2553400e-01  -6.0010000e-03
   8.9863900e-01  -4.5659700e-01  -1.4717100e-01
   8.9880200e-01  -4.5430700e-01  -1.6573800e-01
   8.9897800e-01  -4.0746900e-01  -4.7694000e-02
   8.9916500e-01  -4.5699500e-01   4.8773000e-02
   9.0002400e-01  -4.0819600e-01  -4.1779000e-02
   9.0004500e-01  -3.9431400e-01  -7.1284000e-02
   9.0005000e-01  -4.5524800e-01   4.8773000e-02
   9.0022000e-01  -4.2921400e-01  -1.1492300e-01
   9.0039200e-01  -3.9454900e-01  -6.5353000e-02
   9.0041900e-01  -4.7996400e-01   6.7916000e-02
   9.0047700e-01  -4.0163600e-01  -6.5555000e-02
   9.0048400e-01  -4.7015000e-01   6.1443000e-02
   9.0052200e-01  -4.3887500e-01   1.8149000e-02
   9.0054000e-01  -4.2475700e-01  -1.0256000e-01
   9.0058900e-01  -4.0629100e-01  -4.7743000e-02
   9.0060200e-01  -4.3419900e-01   1.8112000e-02
   9.0066200e-01  -4.6055200e-01   4.8920000e-02
   9.0070800e-01  -4.3191800e-01   1.2063000e-02
   9.0070900e-01  -3.9476300e-01  -5.9420000e-02
   9.0081300e-01  -4.2729400e-01   0.0000000e+00
   9.0093300e-01  -4.4629700e-01   3.0368000e-02
   9.0108000e-01  -4.0205000e-01  -5.3650000e-02
   9.0126000e-01  -4.5374500e-01  -1.6606800e-01
   9.0127800e-01  -4.1828900e-01  -3.0000000e-02
   9.0127900e-01  -4.4180700e-01   1.8186000e-02
   9.0128400e-01  -4.5135500e-01  -1.4717100e-01
   9.0141300e-01  -4.1838500e-01  -2.4001000e-02
   9.0151900e-01  -4.1845900e-01  -1.8002000e-02
   9.0161000e-01  -4.2786500e-01  -1.0890000e-01
   9.0185900e-01  -4.2804400e-01  -1.1503900e-01
   9.0192900e-01  -4.1874900e-01  -3.6034000e-02
   9.0198000e-01  -4.4232200e-01   2.4271000e-02
   9.0198800e-01  -4.5429200e-01  -1.4746400e-01
   9.0206000e-01  -4.5434600e-01  -1.5997000e-01
   9.0207900e-01  -4.0045000e-01  -6.5623000e-02
   9.0214900e-01  -4.4719900e-01  -1.4079900e-01
   9.0228200e-01  -4.1207000e-01  -4.7939000e-02
   9.0230500e-01  -4.4971300e-01   3.6550000e-02
   9.0237400e-01  -4.4736500e-01   3.6513000e-02
   9.0250800e-01  -4.1222800e-01  -4.1951000e-02
   9.0268400e-01  -4.0086300e-01  -5.3705000e-02
   9.0275300e-01  -4.5728400e-01  -1.6028800e-01
   9.0283000e-01  -4.5492400e-01  -1.5386700e-01
   9.0289700e-01  -4.1713300e-01  -3.0031000e-02
   9.0314000e-01  -4.2427200e-01  -9.0622000e-02
   9.0326900e-01  -4.2670700e-01   0.0000000e+00
   9.0335000e-01  -4.3856800e-01  -1.6524300e-01
   9.0336600e-01  -4.1976300e-01  -4.2122000e-02
   9.0340600e-01  -4.4573500e-01   3.0429000e-02
   9.0341200e-01  -4.5294500e-01   4.8871000e-02
   9.0352400e-01  -4.5786500e-01  -1.5417200e-01
   9.0355400e-01  -4.5546700e-01   4.2809000e-02
   9.0358800e-01  -4.6277500e-01   5.5250000e-02
   9.0363700e-01  -4.5311300e-01   4.2767000e-02
   9.0375200e-01  -4.4362600e-01  -1.3458100e-01
   9.0376900e-01  -4.7022600e-01   6.1627000e-02
   9.0408000e-01  -4.2494100e-01  -6.0320000e-03
   9.0426500e-01  -4.5842300e-01  -1.4805100e-01
   9.0451000e-01  -4.5376600e-01  -1.6656200e-01
   9.0460300e-01  -4.3948200e-01   1.8223000e-02
   9.0460900e-01  -4.4662300e-01  -1.4108000e-01
   9.0478500e-01  -4.6612700e-01   6.1566000e-02
   9.0488400e-01  -4.4206900e-01  -1.6573800e-01
   9.0490400e-01  -4.2318500e-01  -6.0320000e-03
   9.0510400e-01  -4.2567000e-01  -9.6939000e-02
   9.0518800e-01  -4.3753100e-01  -1.2204300e-01
   9.0531300e-01  -4.5436600e-01  -1.6044700e-01
   9.0547300e-01  -4.6907700e-01   6.1689000e-02
   9.0547300e-01  -4.4966200e-01  -1.6639700e-01
   9.0572600e-01  -4.5709600e-01   4.9068000e-02
   9.0586400e-01  -3.9323900e-01  -7.1652000e-02
   9.0603600e-01  -4.3577200e-01  -1.2204300e-01
   9.0607800e-01  -4.6222400e-01   5.5361000e-02
   9.0608700e-01  -4.5494400e-01  -1.5432500e-01
   9.0641200e-01  -4.3367500e-01   1.2137000e-02
   9.0653300e-01  -3.9368800e-01  -5.9726000e-02
   9.0663000e-01  -4.0126500e-01  -7.1946000e-02
   9.0667500e-01  -3.9629000e-01  -7.1799000e-02
   9.0697400e-01  -4.3882800e-01  -1.2849800e-01
   9.0698000e-01  -4.0150300e-01  -6.5960000e-02
   9.0712200e-01  -4.2010300e-01  -2.4149000e-02
   9.0729800e-01  -4.3194700e-01   6.0680000e-03
   9.0734500e-01  -3.9674100e-01  -5.9849000e-02
   9.0767600e-01  -4.4411400e-01   2.4419000e-02
   9.0768500e-01  -4.3459200e-01  -1.2216600e-01
   9.0789000e-01  -4.0441800e-01  -4.8037000e-02
   9.0792300e-01  -4.3713800e-01   1.8259000e-02
   9.0821100e-01  -4.1156100e-01  -4.2165000e-02
   9.0828700e-01  -4.4696000e-01   3.0583000e-02
   9.0855400e-01  -4.5436400e-01  -1.6722200e-01
   9.0861800e-01  -4.1881900e-01  -3.0215000e-02
   9.0878000e-01  -4.0964000e-01  -4.8184000e-02
   9.0932300e-01  -4.5493700e-01   4.3024000e-02
   9.0934400e-01  -4.4294000e-01   2.4443000e-02
   9.0940900e-01  -4.4538300e-01  -1.3538800e-01
   9.0958600e-01  -4.4791600e-01  -1.6689200e-01
   9.0967300e-01  -4.5036100e-01   3.6807000e-02
   9.1039300e-01  -4.2006100e-01  -2.4222000e-02
   9.1090300e-01  -4.2743700e-01  -8.5283000e-02
   9.1091800e-01  -4.0167400e-01  -5.4147000e-02
   9.1115400e-01  -4.5873200e-01   5.5526000e-02
   9.1122000e-01  -4.1364200e-01  -6.6567000e-02
   9.1127300e-01  -4.2770000e-01  -9.1449000e-02
   9.1133400e-01  -4.3247000e-01  -1.1011200e-01
   9.1139700e-01  -4.2543200e-01  -1.2149000e-02
   9.1171700e-01  -4.0472400e-01  -5.4257000e-02
   9.1213600e-01  -4.2362800e-01  -1.8223000e-02
   9.1238500e-01  -4.3322200e-01  -1.1643500e-01
   9.1254100e-01  -4.1922300e-01  -3.6402000e-02
   9.1260200e-01  -4.0028400e-01  -5.4202000e-02
   9.1264500e-01  -4.4055400e-01  -1.2926900e-01
   9.1270300e-01  -3.8171600e-01  -5.9788000e-02
   9.1295800e-01  -4.2653400e-01  -7.9284000e-02
   9.1301700e-01  -4.3367300e-01   6.1050000e-03
   9.1305800e-01  -4.3133000e-01   0.0000000e+00
   9.1307600e-01  -4.2661700e-01  -6.0870000e-03
   9.1335900e-01  -4.2681700e-01  -8.5454000e-02
   9.1348500e-01  -4.5317600e-01  -1.6788200e-01
   9.1351800e-01  -4.3165800e-01  -1.0412200e-01
   9.1375200e-01  -4.3657800e-01   1.2235000e-02
   9.1417500e-01  -4.1802000e-01  -3.6439000e-02
   9.1431600e-01  -3.8954000e-01  -6.6095000e-02
   9.1445500e-01  -4.0658600e-01  -4.8381000e-02
   9.1459100e-01  -4.2535300e-01  -7.9364000e-02
   9.1462600e-01  -4.3244700e-01   1.2222000e-02
   9.1463900e-01  -3.8975300e-01  -6.0094000e-02
   9.1467200e-01  -4.3247900e-01   6.1110000e-03
   9.1479700e-01  -4.4933000e-01   3.0798000e-02
   9.1497400e-01  -4.2562300e-01  -7.3270000e-02
   9.1499700e-01  -3.9683900e-01  -7.2388000e-02
   9.1535100e-01  -3.9707500e-01  -6.6365000e-02
   9.1536600e-01  -4.5216600e-01   3.7028000e-02
   9.1541400e-01  -4.2357600e-01  -1.8278000e-02
   9.1567200e-01  -4.3081700e-01  -9.8115000e-02
   9.1567400e-01  -3.9729100e-01  -6.0340000e-02
   9.1574600e-01  -4.6707300e-01   5.5968000e-02
   9.1583400e-01  -4.5251000e-01  -1.4290900e-01
   9.1590600e-01  -4.5496300e-01   4.3282000e-02
   9.1596700e-01  -3.9748600e-01  -5.4312000e-02
   9.1634100e-01  -4.3129100e-01   0.0000000e+00
   9.1647600e-01  -4.4814100e-01   3.0828000e-02
   9.1667600e-01  -4.4828800e-01  -1.3646500e-01
   9.1688300e-01  -4.4121900e-01   1.8444000e-02
   9.1691700e-01  -4.4846300e-01  -1.6171800e-01
   9.1705100e-01  -4.4374200e-01  -1.6140000e-01
   9.1723700e-01  -4.1546300e-01  -4.2595000e-02
   9.1728200e-01  -4.6086100e-01  -1.6267100e-01
   9.1754500e-01  -4.4650700e-01  -1.3646500e-01
   9.1757600e-01  -3.8715900e-01  -7.8328000e-02
   9.1762900e-01  -4.2277000e-01  -3.0521000e-02
   9.1778600e-01  -4.4668200e-01  -1.6171800e-01
   9.1793800e-01  -4.2770700e-01  -1.2235000e-02
   9.1796300e-01  -3.8741200e-01  -7.2314000e-02
   9.1806700e-01  -4.6144500e-01  -1.5646400e-01
   9.1820400e-01  -4.3977200e-01  -1.2363500e-01
   9.1823100e-01  -4.5912000e-01   4.3454000e-02
   9.1831900e-01  -3.8764400e-01  -6.6297000e-02
   9.1858700e-01  -4.2343800e-01  -2.4443000e-02
   9.1865000e-01  -4.3531100e-01  -1.1099400e-01
   9.1871200e-01  -4.4253700e-01  -1.6155900e-01
   9.1876700e-01  -4.2592300e-01  -1.2235000e-02
   9.1882200e-01  -4.6200700e-01  -1.5025200e-01
   9.1888900e-01  -4.3548100e-01  -1.1724900e-01
   9.1893700e-01  -3.9717000e-01  -6.0524000e-02
   9.1894600e-01  -4.3076000e-01  -9.8409000e-02
   9.1906600e-01  -4.2613300e-01  -7.3565000e-02
   9.1922300e-01  -4.3333400e-01  -1.0474600e-01
   9.1923000e-01  -4.5257600e-01  -1.6235300e-01
   9.1923100e-01  -3.9736600e-01  -5.4478000e-02
   9.1926100e-01  -4.0222500e-01  -5.4588000e-02
   9.1932300e-01  -3.9058100e-01  -7.8567000e-02
   9.1938200e-01  -3.9517000e-01  -6.6567000e-02
   9.1942400e-01  -4.3109700e-01  -9.2277000e-02
   9.1945900e-01  -4.1465200e-01  -4.8773000e-02
   9.1970700e-01  -3.9538500e-01  -6.0524000e-02
   9.1971000e-01  -3.9083500e-01  -7.2535000e-02
   9.1976100e-01  -4.6025500e-01  -1.6298800e-01
   9.1989800e-01  -4.2671500e-01  -8.5969000e-02
   9.1990800e-01  -4.4822400e-01   2.4738000e-02
   9.2001900e-01  -4.5315300e-01  -1.5615900e-01
   9.2006700e-01  -3.9106900e-01  -6.6500000e-02
   9.2030500e-01  -4.3410100e-01  -1.1110400e-01
   9.2031400e-01  -4.2700700e-01  -7.9842000e-02
   9.2038500e-01  -3.8671700e-01  -7.2461000e-02
   9.2054900e-01  -4.6083900e-01  -1.5677000e-01
   9.2067100e-01  -4.3914300e-01  -1.2388000e-01
   9.2069800e-01  -4.2964600e-01  -8.6140000e-02
   9.2070500e-01  -4.5365600e-01  -1.4361200e-01
   9.2074200e-01  -3.8694900e-01  -6.6432000e-02
   9.2077600e-01  -4.5370800e-01  -1.4995900e-01
   9.2087500e-01  -4.3212200e-01  -1.0485000e-01
   9.2106400e-01  -4.2990400e-01  -9.2368000e-02
   9.2130700e-01  -4.6140000e-01  -1.5054500e-01
   9.2136300e-01  -3.8735300e-01  -5.4367000e-02
   9.2153100e-01  -4.5670000e-01  -1.6298800e-01
   9.2207500e-01  -4.3061400e-01  -6.1480000e-03
   9.2232200e-01  -4.5728100e-01  -1.5677000e-01
   9.2249900e-01  -3.9723300e-01  -5.4643000e-02
   9.2271300e-01  -4.2868600e-01  -9.2460000e-02
   9.2273400e-01  -4.4061700e-01   1.2357000e-02
   9.2276700e-01  -3.9971600e-01  -6.6904000e-02
   9.2279600e-01  -4.2637200e-01  -1.8425000e-02
   9.2282100e-01  -3.9058700e-01  -6.0585000e-02
   9.2290900e-01  -4.2882300e-01  -6.1480000e-03
   9.2300500e-01  -4.5047300e-01   3.1043000e-02
   9.2308100e-01  -4.5783900e-01  -1.5054500e-01
   9.2320700e-01  -4.4819500e-01   2.4811000e-02
   9.2358200e-01  -4.3403200e-01  -1.1143500e-01
   9.2365300e-01  -4.0030500e-01  -4.8675000e-02
   9.2384200e-01  -4.3185700e-01  -9.8899000e-02
   9.2419500e-01  -4.2497800e-01  -3.0736000e-02
   9.2423600e-01  -4.4410100e-01   1.8591000e-02
   9.2430000e-01  -3.8242700e-01  -7.2608000e-02
   9.2448400e-01  -4.3706300e-01   6.1790000e-03
   9.2452900e-01  -4.3470100e-01   0.0000000e+00
   9.2463400e-01  -4.1820100e-01  -4.2938000e-02
   9.2465900e-01  -3.8265800e-01  -6.6567000e-02
   9.2498700e-01  -3.8286900e-01  -6.0524000e-02
   9.2536600e-01  -4.0376200e-01  -4.8822000e-02
   9.2562900e-01  -4.2597300e-01  -7.4006000e-02
   9.2563600e-01  -4.4995200e-01  -1.3767600e-01
   9.2576900e-01  -3.9709000e-01  -5.4809000e-02
   9.2618000e-01  -4.3350100e-01   0.0000000e+00
   9.2623300e-01  -3.9511700e-01  -6.0891000e-02
   9.2643700e-01  -4.2891100e-01  -7.4153000e-02
   9.2653000e-01  -3.9531200e-01  -5.4809000e-02
   9.2672300e-01  -4.5806400e-01   3.7507000e-02
   9.2699200e-01  -3.8872600e-01  -7.2976000e-02
   9.2702600e-01  -4.3886400e-01  -1.1829600e-01
   9.2717800e-01  -4.4863600e-01  -1.3145400e-01
   9.2735200e-01  -3.8895900e-01  -6.6904000e-02
   9.2768100e-01  -3.8917200e-01  -6.0830000e-02
   9.2772000e-01  -4.1304800e-01  -4.9117000e-02
   9.2781800e-01  -4.0796400e-01  -4.9019000e-02
   9.2790300e-01  -4.1573100e-01  -4.3024000e-02
   9.2808000e-01  -4.3005600e-01  -8.6741000e-02
   9.2835100e-01  -4.4463100e-01   1.8664000e-02
   9.2844500e-01  -4.3031100e-01  -9.3012000e-02
   9.2850100e-01  -4.3035000e-01  -8.0559000e-02
   9.2858300e-01  -3.8746600e-01  -7.3050000e-02
   9.2861500e-01  -4.3042900e-01  -1.2370000e-02
   9.2885300e-01  -4.4741300e-01  -1.3158200e-01
   9.2894400e-01  -3.8769900e-01  -6.6972000e-02
   9.2926200e-01  -4.2849500e-01  -2.4738000e-02
   9.2927400e-01  -3.8791200e-01  -6.0891000e-02
   9.2942900e-01  -4.1162200e-01  -4.9166000e-02
   9.2957000e-01  -4.3348700e-01  -9.9487000e-02
   9.2968000e-01  -4.5777200e-01  -1.5783900e-01
   9.2971000e-01  -4.0433200e-01  -4.2895000e-02
   9.2974000e-01  -4.2170200e-01  -7.4153000e-02
   9.2975300e-01  -4.5049200e-01   2.4983000e-02
   9.2975400e-01  -4.0669100e-01  -4.2938000e-02
   9.2978000e-01  -4.2647500e-01  -3.7102000e-02
   9.2983900e-01  -4.3607300e-01  -1.0589200e-01
   9.3018400e-01  -4.6550500e-01  -1.6489500e-01
   9.3044700e-01  -4.5833200e-01  -1.5157300e-01
   9.3084200e-01  -4.4398700e-01   1.8701000e-02
   9.3098300e-01  -4.6609400e-01  -1.5860300e-01
   9.3118300e-01  -4.5886800e-01  -1.4530000e-01
   9.3175000e-01  -4.6666100e-01  -1.5230600e-01
   9.3179100e-01  -4.3025200e-01  -8.0798000e-02
   9.3268400e-01  -4.4045700e-01   6.2340000e-03
   9.3284300e-01  -4.4541100e-01  -1.2559300e-01
   9.3307600e-01  -4.2636900e-01  -3.7212000e-02
   9.3369500e-01  -4.2203900e-01  -4.3368000e-02
   9.3382400e-01  -4.3166300e-01  -8.7256000e-02
   9.3406200e-01  -4.2943600e-01  -3.1074000e-02
   9.3429900e-01  -4.3199300e-01  -1.8664000e-02
   9.3536800e-01  -4.4964500e-01  -1.3248200e-01
   9.3540000e-01  -4.1824700e-01  -4.3368000e-02
   9.3565300e-01  -3.9897600e-01  -5.5361000e-02
   9.3590500e-01  -4.3070900e-01  -8.1117000e-02
   9.3612500e-01  -4.3566500e-01  -1.0017400e-01
   9.3629800e-01  -4.3098200e-01  -7.4889000e-02
   9.3634000e-01  -4.5523800e-01  -1.5860300e-01
   9.3654100e-01  -4.2875500e-01  -3.1135000e-02
   9.3711300e-01  -4.5579500e-01  -1.5230600e-01
   9.3742300e-01  -4.4140400e-01  -1.1319800e-01
   9.3757000e-01  -4.2707200e-01  -8.1117000e-02
   9.3785600e-01  -4.5633000e-01  -1.4600300e-01
   9.3831500e-01  -4.3237600e-01  -2.4983000e-02
   9.3856700e-01  -4.5684200e-01  -1.3969500e-01
   9.3923600e-01  -4.4508200e-01  -1.1992500e-01
   9.3936200e-01  -4.6235500e-01  -1.5952000e-01
   9.3937400e-01  -4.4761600e-01  -1.2645000e-01
   9.3945700e-01  -4.5995100e-01  -1.5936700e-01
   9.3964600e-01  -4.4054100e-01  -1.0703700e-01
   9.3978100e-01  -4.5034900e-01  -1.5875600e-01
   9.4013800e-01  -4.6291900e-01  -1.5318700e-01
   9.4023400e-01  -4.6051300e-01  -1.5304000e-01
   9.4043300e-01  -4.5572300e-01  -1.5921500e-01
   9.4072100e-01  -4.4129300e-01  -1.1352900e-01
   9.4088300e-01  -4.6346000e-01  -1.4684700e-01
   9.4097900e-01  -4.6105200e-01  -1.4670700e-01
   9.4124000e-01  -4.3199100e-01  -7.5257000e-02
   9.4131700e-01  -4.5389600e-01  -1.5921500e-01
   9.4233000e-01  -4.4726600e-01  -1.5890900e-01
   9.4236600e-01  -4.3759400e-01  -9.4482000e-02
   9.4248600e-01  -4.3284900e-01  -8.1675000e-02
   9.4287800e-01  -4.3311800e-01  -8.8028000e-02
   9.4350900e-01  -4.3838700e-01  -1.0095800e-01
   9.4380100e-01  -4.3859000e-01  -1.0734900e-01
   9.4449400e-01  -4.3664800e-01  -8.8285000e-02
   9.4621100e-01  -4.4269700e-01  -1.0776600e-01
   9.4649000e-01  -4.3802800e-01  -9.4850000e-02
   9.4763200e-01  -4.3881800e-01  -1.0135000e-01
   9.4809800e-01  -4.4401300e-01  -1.1441100e-01
   9.4871600e-01  -4.5423800e-01  -1.6028400e-01
   9.5390000e-01  -4.4070700e-01  -9.5585000e-02
   9.5643900e-01  -4.6220400e-01  -1.3569400e-01
   9.5726900e-01  -4.5781000e-01  -1.2902100e-01
   9.6412200e-01  -4.6264800e-01  -1.5641500e-01
   9.6581800e-01  -4.6136500e-01  -1.5656100e-01
   9.6853700e-01  -4.7588900e-01  -1.5788200e-01
   9.6865400e-01  -4.7343200e-01  -1.5773500e-01
   9.6876600e-01  -4.7097700e-01  -1.5758900e-01
   9.6914300e-01  -4.6119000e-01  -1.5700200e-01
   9.6930700e-01  -4.7644200e-01  -1.5134800e-01
   9.6942500e-01  -4.7398300e-01  -1.5120800e-01
   9.6953700e-01  -4.7152600e-01  -1.5106700e-01
   9.7004600e-01  -4.7697100e-01  -1.4480900e-01
   9.7016400e-01  -4.7451100e-01  -1.4467400e-01
   9.7027600e-01  -4.7205200e-01  -1.4454000e-01
   9.7371300e-01  -4.7195500e-01  -1.5832200e-01
   9.7652800e-01  -4.6383400e-01  -1.5817500e-01
