   8.1878000e-01  -5.6935100e-01  -1.4555700e-01
   8.2387000e-01  -5.7718100e-01  -1.4065800e-01
   8.2848300e-01  -5.7908700e-01  -1.4136200e-01
   8.2967900e-01  -5.7755000e-01  -1.4761100e-01
   8.3780900e-01  -5.8291700e-01  -1.4907800e-01
   8.4502700e-01  -5.8455900e-01  -1.5646400e-01
   8.5481600e-01  -6.0267300e-01  -1.4642500e-01
   8.5668600e-01  -6.0171000e-01  -1.4656600e-01
   8.5720100e-01  -5.9939900e-01  -1.5289300e-01
   8.6588300e-01  -6.0232500e-01  -1.6074300e-01
   8.6610400e-01  -6.0538000e-01  -1.5450700e-01
   8.6698900e-01  -6.0910600e-01  -3.2055000e-02
   8.6916800e-01  -6.0271800e-01  -1.6120100e-01
   8.6950900e-01  -6.1447600e-01  -5.1570000e-02
   8.7012400e-01  -6.1508800e-01  -7.1018000e-02
   8.7041900e-01  -6.1538200e-01  -6.4571000e-02
   8.7063400e-01  -6.1848200e-01  -6.4693000e-02
   8.7102800e-01  -6.0170400e-01  -1.6791300e-01
   8.7134900e-01  -6.1343000e-01  -8.3985000e-02
   8.7153200e-01  -6.0503500e-01  -1.2836000e-02
   8.7175100e-01  -6.1959800e-01  -7.1288000e-02
   8.7185300e-01  -6.1105900e-01  -2.5768000e-02
   8.7192100e-01  -6.1687800e-01  -7.7684000e-02
   8.7231300e-01  -6.2016000e-01  -5.8341000e-02
   8.7242300e-01  -6.0876100e-01  -1.9309000e-02
   8.7255300e-01  -6.2039900e-01  -5.1865000e-02
   8.7274700e-01  -6.0338300e-01  -6.4180000e-03
   8.7279400e-01  -6.1486300e-01  -2.5842000e-02
   8.7325900e-01  -6.1820900e-01  -4.5343000e-02
   8.7354400e-01  -6.2139000e-01  -7.7978000e-02
   8.7368900e-01  -6.1863700e-01  -8.4384000e-02
   8.7379900e-01  -6.1586000e-01  -9.0774000e-02
   8.7392700e-01  -6.2468100e-01  -5.8562000e-02
   8.7405400e-01  -5.9902300e-01  -1.6807200e-01
   8.7407600e-01  -5.9622500e-01   6.4000000e-03
   8.7416700e-01  -6.2492200e-01  -5.2061000e-02
   8.7431800e-01  -6.0207700e-01  -1.6839000e-01
   8.7432800e-01  -6.1063500e-01  -1.5597400e-01
   8.7437800e-01  -6.2513400e-01  -4.5557000e-02
   8.7443100e-01  -6.0787600e-01  -6.4430000e-03
   8.7460100e-01  -6.2244700e-01  -8.4623000e-02
   8.7462400e-01  -6.1092700e-01  -1.0360400e-01
   8.7463200e-01  -6.1093400e-01  -1.2910000e-02
   8.7488400e-01  -6.2272900e-01  -4.5515000e-02
   8.7502200e-01  -6.1707200e-01  -1.9438000e-02
   8.7550700e-01  -6.1467000e-01  -1.9419000e-02
   8.7551100e-01  -6.1755700e-01  -9.7515000e-02
   8.7627500e-01  -6.2121200e-01  -3.9016000e-02
   8.7633400e-01  -6.2417800e-01  -9.1374000e-02
   8.7633900e-01  -6.0689000e-01   0.0000000e+00
   8.7647800e-01  -6.2724100e-01  -6.5307000e-02
   8.7700100e-01  -6.1614500e-01  -1.2971000e-02
   8.7730100e-01  -6.1069000e-01   0.0000000e+00
   8.7738300e-01  -6.2814900e-01  -3.9200000e-02
   8.7741700e-01  -6.1655600e-01  -9.7607000e-02
   8.7744600e-01  -6.0797100e-01  -1.1672500e-01
   8.7747200e-01  -6.1085700e-01  -1.1036900e-01
   8.7754400e-01  -6.2247600e-01  -9.1374000e-02
   8.7775500e-01  -6.1689000e-01  -6.4920000e-03
   8.7794400e-01  -6.0279200e-01   6.4430000e-03
   8.7812900e-01  -6.3770300e-01  -7.2367000e-02
   8.7823800e-01  -6.1448300e-01  -6.4860000e-03
   8.7826000e-01  -6.3487800e-01  -6.5675000e-02
   8.7829400e-01  -6.2906300e-01  -7.2030000e-02
   8.7842700e-01  -6.3800500e-01  -6.5797000e-02
   8.7853000e-01  -6.3515100e-01  -5.9114000e-02
   8.7855500e-01  -6.2348200e-01  -3.2607000e-02
   8.7862500e-01  -6.0626600e-01  -1.1672500e-01
   8.7869600e-01  -6.3827800e-01  -5.9224000e-02
   8.7877400e-01  -6.3248300e-01  -6.5613000e-02
   8.7879400e-01  -6.3250200e-01  -4.5901000e-02
   8.7893700e-01  -6.3852200e-01  -5.2650000e-02
   8.7897800e-01  -6.3268800e-01  -3.9347000e-02
   8.7904400e-01  -6.3275400e-01  -5.9059000e-02
   8.7910000e-01  -6.1821900e-01  -1.0438800e-01
   8.7913400e-01  -6.3284500e-01  -3.2791000e-02
   8.7915000e-01  -6.3873800e-01  -4.6073000e-02
   8.7928500e-01  -6.3299700e-01  -5.2502000e-02
   8.7937600e-01  -6.3014800e-01  -7.8714000e-02
   8.7952900e-01  -6.1000500e-01  -1.6318700e-01
   8.7955600e-01  -6.3327000e-01  -7.8861000e-02
   8.7972400e-01  -6.3049800e-01  -8.5340000e-02
   8.7982800e-01  -6.1604800e-01  -1.1089000e-01
   8.7988200e-01  -6.3359900e-01  -7.2300000e-02
   8.8001500e-01  -6.2785700e-01  -3.9273000e-02
   8.8038300e-01  -6.0797600e-01   0.0000000e+00
   8.8054300e-01  -5.6638700e-01  -1.6600700e-01
   8.8067000e-01  -6.3439300e-01  -2.6284000e-02
   8.8067500e-01  -5.9693500e-01   1.2873000e-02
   8.8072500e-01  -6.2272800e-01  -1.0478000e-01
   8.8073600e-01  -6.4034900e-01  -3.9568000e-02
   8.8075300e-01  -6.1985200e-01  -1.1120200e-01
   8.8077000e-01  -6.3449300e-01  -1.9714000e-02
   8.8108600e-01  -6.0865900e-01   6.4790000e-03
   8.8122800e-01  -6.0312800e-01   1.2922000e-02
   8.8136700e-01  -6.2628100e-01  -9.8434000e-02
   8.8148800e-01  -5.4844000e-01  -1.7101500e-01
   8.8158500e-01  -6.2942600e-01  -3.2791000e-02
   8.8160900e-01  -6.0349600e-01  -1.6950200e-01
   8.8211200e-01  -6.0683000e-01  -1.2364700e-01
   8.8217200e-01  -6.3883400e-01  -7.2637000e-02
   8.8219300e-01  -6.2418300e-01  -1.3081000e-02
   8.8236900e-01  -6.0990800e-01  -1.2387900e-01
   8.8298500e-01  -6.3965500e-01  -5.2846000e-02
   8.8305400e-01  -6.0489100e-01  -1.6318700e-01
   8.8307900e-01  -6.2506200e-01  -1.1172300e-01
   8.8312700e-01  -6.3096800e-01  -2.6284000e-02
   8.8316000e-01  -6.2514300e-01  -1.5163000e-01
   8.8319800e-01  -6.3987100e-01  -4.6245000e-02
   8.8335900e-01  -5.5278300e-01  -1.7167500e-01
   8.8336200e-01  -6.1663100e-01  -1.1782800e-01
   8.8349100e-01  -6.0246700e-01  -1.6966000e-01
   8.8363600e-01  -5.9977000e-01  -1.2987800e-01
   8.8364200e-01  -6.2854700e-01  -2.6259000e-02
   8.8371800e-01  -5.4483900e-01  -1.7101500e-01
   8.8374200e-01  -6.2864600e-01  -1.9695000e-02
   8.8379900e-01  -5.7210900e-01  -1.6696000e-01
   8.8381400e-01  -6.2871700e-01  -1.3131000e-02
   8.8383900e-01  -6.0280200e-01   1.2946000e-02
   8.8388900e-01  -6.3467700e-01  -3.2945000e-02
   8.8394600e-01  -6.0006800e-01  -1.6950200e-01
   8.8394900e-01  -6.4063000e-01  -7.9450000e-02
   8.8412300e-01  -5.9459000e-01  -1.6902500e-01
   8.8419600e-01  -5.6429300e-01  -1.6632400e-01
   8.8428800e-01  -6.2043600e-01  -1.1815800e-01
   8.8439500e-01  -5.9766900e-01  -1.6934300e-01
   8.8442800e-01  -6.1767600e-01   6.5290000e-03
   8.8456500e-01  -6.2946500e-01  -6.5720000e-03
   8.8465500e-01  -5.9791600e-01   1.9382000e-02
   8.8469700e-01  -6.2959600e-01  -1.4548200e-01
   8.8471800e-01  -6.0649600e-01  -1.2387900e-01
   8.8478900e-01  -6.4148000e-01  -3.9715000e-02
   8.8494000e-01  -6.0386000e-01  -1.6334000e-01
   8.8507600e-01  -6.2704200e-01  -6.5650000e-03
   8.8508200e-01  -6.0970800e-01   1.3008000e-02
   8.8515600e-01  -6.3005400e-01  -1.0556400e-01
   8.8528700e-01  -5.4042400e-01  -1.7085000e-01
   8.8542900e-01  -6.3622200e-01  -2.6406000e-02
   8.8549900e-01  -5.4934900e-01  -1.7167500e-01
   8.8550300e-01  -6.4518700e-01  -7.9744000e-02
   8.8558600e-01  -5.7650500e-01  -1.6759500e-01
   8.8593000e-01  -6.0481200e-01   1.9474000e-02
   8.8600100e-01  -5.9920000e-01   2.5891000e-02
   8.8605600e-01  -6.3389500e-01  -1.9787000e-02
   8.8609300e-01  -6.2221200e-01   0.0000000e+00
   8.8612700e-01  -6.3396600e-01  -1.3192000e-02
   8.8622400e-01  -6.3998600e-01  -8.6216000e-02
   8.8636000e-01  -5.4425300e-01  -1.7134500e-01
   8.8636900e-01  -5.6087400e-01  -1.6632400e-01
   8.8638000e-01  -6.0239900e-01   1.9456000e-02
   8.8648600e-01  -6.2551500e-01  -1.5205200e-01
   8.8667500e-01  -5.5307100e-01  -1.6568900e-01
   8.8675300e-01  -5.6390100e-01  -1.6664200e-01
   8.8684700e-01  -6.1141800e-01  -1.6425700e-01
   8.8686800e-01  -6.1717100e-01  -1.2481000e-01
   8.8694100e-01  -6.3773800e-01  -1.9842000e-02
   8.8695300e-01  -6.0010900e-01  -1.3024500e-01
   8.8700900e-01  -5.5069200e-01  -1.6553000e-01
   8.8701700e-01  -6.2604000e-01   0.0000000e+00
   8.8705700e-01  -6.1735500e-01   6.5410000e-03
   8.8707400e-01  -6.0591200e-01  -1.5714800e-01
   8.8722000e-01  -6.2916900e-01   0.0000000e+00
   8.8749400e-01  -6.1489200e-01   1.3069000e-02
   8.8750400e-01  -6.2360100e-01   6.5650000e-03
   8.8758300e-01  -5.8944100e-01   3.2239000e-02
   8.8772700e-01  -6.0940000e-01  -1.3097900e-01
   8.8775500e-01  -6.0656600e-01  -1.5064500e-01
   8.8775800e-01  -6.4448100e-01  -3.3221000e-02
   8.8780500e-01  -5.5676900e-01  -1.6616600e-01
   8.8786200e-01  -5.9250700e-01  -1.6934300e-01
   8.8799300e-01  -6.0110100e-01  -1.6349300e-01
   8.8808300e-01  -5.8158200e-01  -1.6839000e-01
   8.8819300e-01  -6.0698800e-01  -1.3085700e-01
   8.8822800e-01  -5.3745500e-01  -1.7101500e-01
   8.8825200e-01  -6.0419100e-01  -1.6379900e-01
   8.8826700e-01  -6.1279400e-01  -1.5788200e-01
   8.8840700e-01  -6.0719300e-01  -1.4413600e-01
   8.8848400e-01  -6.3928600e-01  -9.3004000e-02
   8.8852500e-01  -5.3508300e-01  -1.7085000e-01
   8.8860300e-01  -5.9320600e-01  -1.6288200e-01
   8.8873800e-01  -6.2774000e-01  -1.1904000e-01
   8.8874300e-01  -6.1038100e-01  -1.5773500e-01
   8.8886100e-01  -5.9626600e-01  -1.6981900e-01
   8.8903000e-01  -6.0779200e-01  -1.3762100e-01
   8.8911800e-01  -5.8532500e-01  -1.6886600e-01
   8.8919900e-01  -6.4593900e-01  -8.6694000e-02
   8.8942200e-01  -5.8839900e-01  -1.6918400e-01
   8.8964000e-01  -6.2278500e-01  -1.5890900e-01
   8.8974900e-01  -5.3878000e-01  -1.6489500e-01
   8.8981600e-01  -6.2587500e-01  -1.5247400e-01
   8.8984800e-01  -5.3098500e-01  -1.7068500e-01
   8.9007800e-01  -6.1166900e-01  -1.4467400e-01
   8.9012900e-01  -5.2861500e-01  -1.7052000e-01
   8.9038700e-01  -5.7266900e-01  -1.6791300e-01
   8.9039200e-01  -6.0624100e-01  -1.5758900e-01
   8.9040400e-01  -5.2624500e-01  -1.7035500e-01
   8.9045000e-01  -5.9213400e-01  -1.6966000e-01
   8.9050900e-01  -6.1208500e-01   1.9622000e-02
   8.9055900e-01  -5.9505000e-01  -1.3685000e-01
   8.9059100e-01  -6.0073700e-01  -1.6379900e-01
   8.9070200e-01  -6.1227200e-01  -1.3813500e-01
   8.9075600e-01  -5.9523500e-01  -1.5670800e-01
   8.9081900e-01  -6.1526700e-01  -1.3171400e-01
   8.9083000e-01  -5.8413300e-01   3.8684000e-02
   8.9102900e-01  -6.2414600e-01  -1.5247400e-01
   8.9105500e-01  -5.3464700e-01  -1.7118000e-01
   8.9108100e-01  -6.1552000e-01  -1.5177000e-01
   8.9114100e-01  -5.5141300e-01  -1.6616600e-01
   8.9125300e-01  -5.4566300e-01  -1.6568900e-01
   8.9127100e-01  -6.3024200e-01   6.6080000e-03
   8.9133900e-01  -6.1863200e-01  -1.6547900e-01
   8.9137600e-01  -5.9582000e-01  -1.4359800e-01
   8.9137600e-01  -5.3230000e-01  -1.6457700e-01
   8.9144100e-01  -5.9588100e-01  -1.5022300e-01
   8.9158100e-01  -6.4239400e-01  -1.0008900e-01
   8.9186200e-01  -5.7401800e-01  -1.6165900e-01
   8.9189000e-01  -5.5207600e-01  -1.5982600e-01
   8.9200300e-01  -5.4632000e-01  -1.5936700e-01
   8.9202300e-01  -6.0209700e-01  -1.5744200e-01
   8.9212200e-01  -6.3995800e-01  -9.9997000e-02
   8.9220300e-01  -5.9100100e-01   3.8868000e-02
   8.9228300e-01  -6.0519300e-01  -1.5773500e-01
   8.9233100e-01  -5.9112100e-01  -1.6318700e-01
   8.9250600e-01  -6.0826500e-01  -1.5134800e-01
   8.9253700e-01  -5.7463500e-01  -1.4867600e-01
   8.9258000e-01  -5.7467400e-01  -1.5524100e-01
   8.9259300e-01  -5.6377500e-01  -1.6743600e-01
   8.9263500e-01  -5.9418600e-01  -1.6349300e-01
   8.9272300e-01  -5.4695300e-01  -1.5304000e-01
   8.9276100e-01  -6.2001500e-01  -1.5905600e-01
   8.9285600e-01  -6.4666700e-01  -9.3691000e-02
   8.9316200e-01  -6.0889400e-01  -1.4480900e-01
   8.9326000e-01  -5.8082500e-01  -1.6242300e-01
   8.9343600e-01  -5.2883500e-01  -1.6457700e-01
   8.9355400e-01  -6.0355200e-01   3.2638000e-02
   8.9362700e-01  -6.1798800e-01   1.9732000e-02
   8.9367800e-01  -5.2643200e-01  -1.7085000e-01
   8.9368600e-01  -6.0653100e-01  -1.5134800e-01
   8.9369900e-01  -6.1516400e-01  -1.5205200e-01
   8.9370100e-01  -5.6205400e-01  -1.6089500e-01
   8.9371000e-01  -5.9802100e-01   3.2546000e-02
   8.9372400e-01  -6.0086900e-01  -1.3762100e-01
   8.9377700e-01  -5.3963900e-01  -1.6553000e-01
   8.9379000e-01  -6.0949400e-01  -1.3826400e-01
   8.9379900e-01  -5.5081200e-01  -1.6648300e-01
   8.9384600e-01  -6.3870500e-01  -1.1349300e-01
   8.9386600e-01  -5.4502100e-01  -1.7249900e-01
   8.9387000e-01  -6.1822300e-01  -1.4561600e-01
   8.9390900e-01  -6.0104500e-01  -1.6425700e-01
   8.9394600e-01  -5.2405800e-01  -1.7068500e-01
   8.9399300e-01  -6.0396900e-01  -1.3787800e-01
   8.9399900e-01  -6.0112900e-01   3.2607000e-02
   8.9414400e-01  -6.0411300e-01  -1.5120800e-01
   8.9415600e-01  -6.2137200e-01  -1.5261400e-01
   8.9422200e-01  -6.0990800e-01   2.6210000e-02
   8.9427700e-01  -5.9855600e-01   3.9089000e-02
   8.9434300e-01  -6.0715800e-01  -1.4480900e-01
   8.9437400e-01  -5.3488000e-01  -1.5875600e-01
   8.9440000e-01  -5.5726500e-01  -1.6059000e-01
   8.9442100e-01  -5.6270000e-01  -1.5450700e-01
   8.9449800e-01  -6.1883100e-01  -1.3903500e-01
   8.9454500e-01  -5.7923500e-01   5.1619000e-02
   8.9462700e-01  -6.0172400e-01  -1.5773500e-01
   8.9464800e-01  -5.4570500e-01  -1.6616600e-01
   8.9469800e-01  -5.9612400e-01  -1.4400100e-01
   8.9476400e-01  -5.7943500e-01   4.5171000e-02
   8.9480200e-01  -6.0473800e-01  -1.4467400e-01
   8.9481600e-01  -5.7121400e-01  -1.6181200e-01
   8.9482300e-01  -5.3790300e-01  -1.6553000e-01
   8.9483100e-01  -5.5468100e-01  -1.5392000e-01
   8.9497100e-01  -6.0775800e-01  -1.3826400e-01
   8.9503300e-01  -5.8524200e-01  -1.6303500e-01
   8.9509700e-01  -6.2813300e-01   1.3241000e-02
   8.9509800e-01  -5.3550300e-01  -1.5245300e-01
   8.9511300e-01  -5.6331900e-01  -1.4811300e-01
   8.9512200e-01  -5.5790700e-01  -1.5421400e-01
   8.9517800e-01  -5.6883300e-01  -1.6165900e-01
   8.9527400e-01  -6.0804600e-01   3.2761000e-02
   8.9532800e-01  -6.2251200e-01  -1.3269300e-01
   8.9540100e-01  -5.4636300e-01  -1.5982600e-01
   8.9540600e-01  -5.3313900e-01  -1.6521200e-01
   8.9545900e-01  -5.1759500e-01  -1.7035500e-01
   8.9552800e-01  -5.6097600e-01  -1.6104800e-01
   8.9553700e-01  -5.7186800e-01  -1.5538800e-01
   8.9559900e-01  -6.2569600e-01   1.3229000e-02
   8.9580200e-01  -6.2589400e-01  -1.5993600e-01
   8.9589800e-01  -5.7494600e-01  -1.6227100e-01
   8.9590000e-01  -5.6948400e-01  -1.5524100e-01
   8.9593700e-01  -5.9449500e-01  -1.5729500e-01
   8.9597400e-01  -6.0299900e-01  -1.4467400e-01
   8.9606800e-01  -5.8899600e-01  -1.6349300e-01
   8.9612400e-01  -5.4699600e-01  -1.5348000e-01
   8.9622900e-01  -5.7249500e-01  -1.4895700e-01
   8.9625000e-01  -5.6162100e-01  -1.5465400e-01
   8.9650400e-01  -5.8103200e-01   5.8231000e-02
   8.9659200e-01  -5.7011000e-01  -1.4881600e-01
   8.9661900e-01  -5.7560300e-01  -1.5582800e-01
   8.9662700e-01  -5.9514000e-01  -1.5078600e-01
   8.9674000e-01  -6.2388500e-01   1.9842000e-02
   8.9694300e-01  -5.6224000e-01  -1.4825400e-01
   8.9701600e-01  -5.6775400e-01  -1.6181200e-01
   8.9731200e-01  -5.7623400e-01  -1.4937900e-01
   8.9747200e-01  -6.0441700e-01  -1.5163000e-01
   8.9765500e-01  -5.7378800e-01   5.8065000e-02
   8.9773900e-01  -5.6840500e-01  -1.5538800e-01
   8.9790400e-01  -5.7401400e-01   5.1619000e-02
   8.9790600e-01  -6.2794900e-01  -1.5359900e-01
   8.9796300e-01  -5.9075500e-01   4.5557000e-02
   8.9796500e-01  -5.2488500e-01  -1.7134500e-01
   8.9808100e-01  -6.1649300e-01   2.6382000e-02
   8.9837500e-01  -5.8833200e-01   4.5515000e-02
   8.9837800e-01  -6.2840900e-01  -1.3342800e-01
   8.9839900e-01  -5.9960000e-01  -1.5802900e-01
   8.9843300e-01  -5.6903000e-01  -1.4895700e-01
   8.9861700e-01  -5.8019200e-01   5.1815000e-02
   8.9896300e-01  -5.9168400e-01  -1.5744200e-01
   8.9898300e-01  -5.2314100e-01  -1.7134500e-01
   8.9909100e-01  -6.0025000e-01  -1.5148900e-01
   8.9931000e-01  -5.9765100e-01   4.5772000e-02
   8.9948400e-01  -5.8376600e-01  -1.6349300e-01
   8.9965700e-01  -5.9232700e-01  -1.5092600e-01
   8.9972600e-01  -5.3157600e-01  -1.6568900e-01
   8.9973800e-01  -5.9522200e-01   4.5729000e-02
   8.9977300e-01  -5.2380500e-01  -1.6505400e-01
   8.9985400e-01  -6.3279700e-01  -1.2713600e-01
   8.9992900e-01  -5.9540000e-01   3.9200000e-02
   9.0011100e-01  -5.8993700e-01  -1.5744200e-01
   9.0018600e-01  -5.4786900e-01  -1.6059000e-01
   9.0020800e-01  -5.8443100e-01  -1.5700200e-01
   9.0025000e-01  -5.8726400e-01   4.5557000e-02
   9.0025000e-01  -5.1901400e-01  -1.7118000e-01
   9.0048100e-01  -5.5670400e-01  -1.6135400e-01
   9.0049500e-01  -6.2753800e-01  -1.4709700e-01
   9.0050200e-01  -5.4547200e-01  -1.6043700e-01
   9.0066300e-01  -5.3764500e-01  -1.5982600e-01
   9.0080500e-01  -5.9058000e-01  -1.5092600e-01
   9.0082500e-01  -6.4865500e-01  -1.0791700e-01
   9.0090300e-01  -5.8506900e-01  -1.5050400e-01
   9.0091500e-01  -5.4850300e-01  -1.5421400e-01
   9.0097400e-01  -5.1188000e-01  -1.7068500e-01
   9.0109600e-01  -6.0784800e-01   3.9494000e-02
   9.0112800e-01  -6.2815300e-01  -1.4044800e-01
   9.0120900e-01  -5.5734600e-01  -1.5494700e-01
   9.0123100e-01  -5.4610500e-01  -1.5406700e-01
   9.0125400e-01  -5.8818800e-01  -1.5744200e-01
   9.0125600e-01  -5.1726500e-01  -1.7118000e-01
   9.0139300e-01  -5.3827100e-01  -1.5348000e-01
   9.0149900e-01  -5.1488600e-01  -1.7101500e-01
   9.0154500e-01  -5.2269100e-01  -1.6521200e-01
   9.0155700e-01  -6.5543000e-01  -1.0155900e-01
   9.0177200e-01  -5.2809800e-01  -1.6568900e-01
   9.0180000e-01  -5.2030700e-01  -1.6505400e-01
   9.0195000e-01  -5.8882900e-01  -1.5092600e-01
   9.0195800e-01  -5.8046300e-01   5.1963000e-02
   9.0196700e-01  -5.1012900e-01  -1.7068500e-01
   9.0199100e-01  -5.3350300e-01  -1.5967300e-01
   9.0204600e-01  -5.2571600e-01  -1.5906200e-01
   9.0208400e-01  -6.0591700e-01   4.6073000e-02
   9.0215200e-01  -5.9747200e-01  -1.6502100e-01
   9.0245200e-01  -6.5028200e-01  -1.1495000e-01
   9.0245900e-01  -5.7541000e-01   5.8341000e-02
   9.0256300e-01  -5.2094300e-01  -1.5875600e-01
   9.0272200e-01  -6.0366000e-01   3.9457000e-02
   9.0272300e-01  -5.3412500e-01  -1.5333300e-01
   9.0277800e-01  -5.2633200e-01  -1.5274600e-01
   9.0287800e-01  -5.9814900e-01  -1.5846900e-01
   9.0328900e-01  -5.2937900e-01  -1.5952000e-01
   9.0329600e-01  -5.2155500e-01  -1.5245300e-01
   9.0352300e-01  -6.6042200e-01  -9.5149000e-02
   9.0353600e-01  -6.1303800e-01   3.9678000e-02
   9.0356800e-01  -5.1918600e-01  -1.6521200e-01
   9.0357500e-01  -5.9879800e-01  -1.5191100e-01
   9.0371900e-01  -5.0900100e-01  -1.7085000e-01
   9.0377900e-01  -6.5463200e-01  -1.0850500e-01
   9.0380300e-01  -5.4566100e-01  -1.6089500e-01
   9.0382300e-01  -5.2459800e-01  -1.5921500e-01
   9.0393000e-01  -5.0664200e-01  -1.7068500e-01
   9.0407500e-01  -6.2517800e-01   2.6627000e-02
   9.0414600e-01  -5.0426500e-01  -1.7052000e-01
   9.0431700e-01  -5.7432500e-01   5.8397000e-02
   9.0433300e-01  -5.1982100e-01  -1.5890900e-01
   9.0443800e-01  -5.9112100e-01   5.2355000e-02
   9.0445500e-01  -6.4626100e-01  -1.2168500e-01
   9.0453500e-01  -5.4629400e-01  -1.5450700e-01
   9.0455700e-01  -5.2521300e-01  -1.5289300e-01
   9.0463300e-01  -5.9978400e-01   5.2601000e-02
   9.0477000e-01  -5.8024100e-01   6.5123000e-02
   9.0506800e-01  -5.2043200e-01  -1.5260000e-01
   9.0546300e-01  -5.3910400e-01  -1.6059000e-01
   9.0553400e-01  -5.3127300e-01  -1.5348000e-01
   9.0557700e-01  -5.1567300e-01  -1.6521200e-01
   9.0565600e-01  -6.3551500e-01  -1.4830800e-01
   9.0604400e-01  -5.1090300e-01  -1.6489500e-01
   9.0617400e-01  -5.7323400e-01   5.8452000e-02
   9.0619700e-01  -5.3973100e-01  -1.5421400e-01
   9.0625800e-01  -5.7055700e-01   6.4877000e-02
   9.0625800e-01  -5.0853900e-01  -1.6473600e-01
   9.0629200e-01  -6.3613700e-01  -1.4160500e-01
   9.0634500e-01  -5.1630500e-01  -1.5890900e-01
   9.0647700e-01  -5.0615600e-01  -1.6457700e-01
   9.0665800e-01  -5.0374800e-01  -1.7085000e-01
   9.0690000e-01  -6.0758400e-01   4.6287000e-02
   9.0708200e-01  -5.1691300e-01  -1.5260000e-01
   9.0753600e-01  -5.3557200e-01  -1.6711900e-01
   9.0830400e-01  -5.3622200e-01  -1.6074300e-01
   9.0835200e-01  -5.8628500e-01   5.8949000e-02
   9.0852900e-01  -6.2361000e-01   3.3374000e-02
   9.0855900e-01  -5.1041300e-01  -1.5875600e-01
   9.0872900e-01  -5.9224900e-01   6.5736000e-02
   9.0880600e-01  -4.9784300e-01  -1.7068500e-01
   9.0886600e-01  -5.1579300e-01  -1.6568900e-01
   9.0904100e-01  -5.3684700e-01  -1.5436000e-01
   9.0913800e-01  -5.2120700e-01  -1.6616600e-01
   9.0915500e-01  -5.9830100e-01   5.2748000e-02
   9.0916800e-01  -5.6139200e-01   7.1221000e-02
   9.0930000e-01  -5.1101600e-01  -1.5245300e-01
   9.0937700e-01  -5.0084000e-01  -1.7101500e-01
   9.0947500e-01  -5.6463400e-01   7.1356000e-02
   9.0963200e-01  -5.8465000e-01   7.2098000e-02
   9.0995100e-01  -6.4568900e-01  -1.2899700e-01
   9.1018700e-01  -6.0210400e-01   5.2895000e-02
   9.1024400e-01  -6.4597800e-01  -1.4965400e-01
   9.1033000e-01  -6.7038700e-01  -8.9244000e-02
   9.1034800e-01  -5.7144900e-01   6.5123000e-02
   9.1067000e-01  -5.2247400e-01  -1.5997900e-01
   9.1070700e-01  -5.0446000e-01  -1.7151000e-01
   9.1088400e-01  -6.4660700e-01  -1.4289000e-01
   9.1095100e-01  -5.0210200e-01  -1.6489500e-01
   9.1141200e-01  -5.2308800e-01  -1.5362700e-01
   9.1145500e-01  -5.8074800e-01   6.5491000e-02
   9.1149400e-01  -6.4720800e-01  -1.3612100e-01
   9.1163400e-01  -5.9208900e-01   5.9280000e-02
   9.1206600e-01  -5.0811800e-01  -1.6553000e-01
   9.1208700e-01  -4.9791900e-01  -1.7118000e-01
   9.1227900e-01  -4.9553500e-01  -1.7101500e-01
   9.1284100e-01  -5.0874400e-01  -1.5921500e-01
   9.1291100e-01  -6.3667200e-01   2.6971000e-02
   9.1312000e-01  -6.3981700e-01   2.7020000e-02
   9.1332400e-01  -5.7964400e-01   6.5552000e-02
   9.1337100e-01  -5.6207400e-01   7.1491000e-02
   9.1338600e-01  -5.1176100e-01  -1.5952000e-01
   9.1358500e-01  -5.0934600e-01  -1.5289300e-01
   9.1366600e-01  -4.9917500e-01  -1.6505400e-01
   9.1380100e-01  -6.3160700e-01   3.3650000e-02
   9.1410800e-01  -5.8313600e-01   7.2300000e-02
   9.1413100e-01  -5.1236500e-01  -1.5318700e-01
   9.1418500e-01  -4.9200800e-01  -1.7101500e-01
   9.1422000e-01  -5.2018800e-01  -1.6028400e-01
   9.1423800e-01  -5.0218100e-01  -1.6537100e-01
   9.1444400e-01  -4.9979400e-01  -1.5875600e-01
   9.1446300e-01  -5.1778600e-01  -1.6013100e-01
   9.1476500e-01  -6.5648500e-01  -1.5100000e-01
   9.1479300e-01  -5.5786900e-01   7.1423000e-02
   9.1484200e-01  -6.4448400e-01   2.0339000e-02
   9.1496500e-01  -5.2080000e-01  -1.5392000e-01
   9.1520900e-01  -5.1839600e-01  -1.5377400e-01
   9.1531100e-01  -4.8784800e-01  -1.7085000e-01
   9.1535800e-01  -5.0820300e-01  -1.6600700e-01
   9.1545000e-01  -6.3615700e-01   3.3773000e-02
   9.1564900e-01  -6.3932400e-01   3.3834000e-02
   9.1579900e-01  -6.3352800e-01   4.0488000e-02
   9.1591600e-01  -4.9084000e-01  -1.7118000e-01
   9.1596500e-01  -5.0100400e-01  -1.5260000e-01
   9.1603800e-01  -6.5470800e-01  -1.5100000e-01
   9.1613600e-01  -5.0883000e-01  -1.5967300e-01
   9.1657500e-01  -4.8130400e-01  -1.7052000e-01
   9.1688300e-01  -6.4647800e-01   2.7192000e-02
   9.1688400e-01  -5.0943200e-01  -1.5333300e-01
   9.1744300e-01  -6.3808100e-01   4.0635000e-02
   9.1750500e-01  -4.9208400e-01  -1.6505400e-01
   9.1785400e-01  -5.8091100e-01   7.2435000e-02
   9.1810800e-01  -5.7224700e-01   7.8714000e-02
   9.1813900e-01  -5.5804800e-01   7.1625000e-02
   9.1825200e-01  -6.2996600e-01   4.0488000e-02
   9.1859400e-01  -4.8788500e-01  -1.7134500e-01
   9.1875000e-01  -5.5044900e-01   7.7905000e-02
   9.1927700e-01  -5.0107900e-01  -1.6600700e-01
   9.1943400e-01  -4.9865000e-01  -1.7233400e-01
   9.1943500e-01  -6.4595900e-01   3.4049000e-02
   9.1965000e-01  -5.0650100e-01  -1.5997900e-01
   9.1995400e-01  -5.9121500e-01   6.6288000e-02
   9.2006100e-01  -5.0169900e-01  -1.5967300e-01
   9.2040200e-01  -5.0710200e-01  -1.5362700e-01
   9.2081300e-01  -5.0229500e-01  -1.5333300e-01
   9.2081500e-01  -5.7161900e-01   7.8861000e-02
   9.2102400e-01  -4.9990400e-01  -1.6616600e-01
   9.2110000e-01  -4.8730700e-01  -1.7167500e-01
   9.2135800e-01  -6.3589500e-01   4.0709000e-02
   9.2157200e-01  -4.8013700e-01  -1.7118000e-01
   9.2171000e-01  -5.7848400e-01   7.2570000e-02
   9.2178700e-01  -5.0050600e-01  -1.5333300e-01
   9.2180900e-01  -5.0052400e-01  -1.5982600e-01
   9.2198500e-01  -5.6685100e-01   7.2165000e-02
   9.2270800e-01  -5.8244300e-01   7.2772000e-02
   9.2313100e-01  -4.9394400e-01  -1.6600700e-01
   9.2327400e-01  -5.4088400e-01   7.7831000e-02
   9.2329100e-01  -5.1199500e-01  -1.6089500e-01
   9.2353400e-01  -4.9935500e-01  -1.6648300e-01
   9.2391900e-01  -4.9455800e-01  -1.5967300e-01
   9.2404600e-01  -5.1260000e-01  -1.5450700e-01
   9.2435300e-01  -4.7476000e-01  -1.7118000e-01
   9.2467600e-01  -4.9514900e-01  -1.5333300e-01
   9.2533300e-01  -4.8552700e-01  -1.7216900e-01
   9.2533800e-01  -5.6426800e-01   7.8861000e-02
   9.2578700e-01  -4.7834200e-01  -1.7167500e-01
   9.2582300e-01  -4.9095900e-01  -1.6616600e-01
   9.2595200e-01  -5.5659900e-01   8.5181000e-02
   9.2599200e-01  -4.8855800e-01  -1.6600700e-01
   9.2606100e-01  -4.7355700e-01  -1.7134500e-01
   9.2607000e-01  -4.9878800e-01  -1.6028400e-01
   9.2635700e-01  -6.5877500e-01  -1.5248000e-01
   9.2638300e-01  -5.9134900e-01   7.3312000e-02
   9.2642700e-01  -4.9396700e-01  -1.6648300e-01
   9.2650200e-01  -5.4896800e-01   7.8346000e-02
   9.2678400e-01  -4.8916800e-01  -1.5967300e-01
   9.2682900e-01  -4.9938200e-01  -1.5392000e-01
   9.2701000e-01  -6.5941600e-01  -1.4558800e-01
   9.2717800e-01  -5.8923600e-01   7.9965000e-02
   9.2754500e-01  -4.8975400e-01  -1.5333300e-01
   9.2756600e-01  -5.4716800e-01   7.8346000e-02
   9.2763300e-01  -6.6002600e-01  -1.3869100e-01
   9.2772900e-01  -5.5267900e-01   7.8567000e-02
   9.2792700e-01  -5.7786300e-01   8.6216000e-02
   9.2794400e-01  -5.6377100e-01   7.9008000e-02
   9.2799900e-01  -4.9518800e-01  -1.6028400e-01
   9.2815200e-01  -5.4228400e-01   7.8199000e-02
   9.2822300e-01  -4.6281000e-01  -1.7085000e-01
   9.2827900e-01  -5.6131900e-01   7.8935000e-02
   9.2832100e-01  -5.8743500e-01   7.9965000e-02
   9.2866700e-01  -4.8555800e-01  -1.6616600e-01
   9.2876100e-01  -4.9577900e-01  -1.5392000e-01
   9.2878100e-01  -4.8312500e-01  -1.7249900e-01
   9.2893300e-01  -5.5641800e-01   7.8788000e-02
   9.2898200e-01  -5.2704600e-01   7.7684000e-02
   9.2898500e-01  -5.0363800e-01  -1.6104800e-01
   9.2915700e-01  -5.7309700e-01   7.9450000e-02
   9.2928900e-01  -4.8856200e-01  -1.6648300e-01
   9.2946200e-01  -4.8616500e-01  -1.5982600e-01
   9.2951400e-01  -5.7063800e-01   7.9376000e-02
   9.2974600e-01  -5.0423600e-01  -1.5465400e-01
   9.3008400e-01  -4.8917200e-01  -1.6013100e-01
   9.3052300e-01  -4.9459400e-01  -1.6059000e-01
   9.3079400e-01  -5.3379400e-01   7.8052000e-02
   9.3083200e-01  -4.7714400e-01  -1.6584800e-01
   9.3091600e-01  -4.7473500e-01  -1.7216900e-01
   9.3104500e-01  -5.7752500e-01   7.9744000e-02
   9.3128700e-01  -4.9518500e-01  -1.5421400e-01
   9.3128700e-01  -4.6754400e-01  -1.7167500e-01
   9.3130000e-01  -5.4760400e-01   8.5181000e-02
   9.3163300e-01  -4.9036000e-01  -1.5392000e-01
   9.3170000e-01  -4.5797600e-01  -1.7101500e-01
   9.3253600e-01  -4.7594800e-01  -1.6600700e-01
   9.3333600e-01  -4.7654700e-01  -1.5967300e-01
   9.3336900e-01  -4.8915100e-01  -1.5406700e-01
   9.3384400e-01  -4.8192500e-01  -1.6664200e-01
   9.3432200e-01  -4.8734100e-01  -1.6711900e-01
   9.3449600e-01  -5.1313300e-01   7.7537000e-02
   9.3464400e-01  -4.8252900e-01  -1.6028400e-01
   9.3470800e-01  -5.6683000e-01   8.6216000e-02
   9.3492700e-01  -5.8707700e-01   8.7093000e-02
   9.3538100e-01  -5.0091900e-01   6.4264000e-02
   9.3541300e-01  -4.8311000e-01  -1.5392000e-01
   9.3548100e-01  -4.6567500e-01  -1.7216900e-01
   9.3592000e-01  -4.7346900e-01  -1.7282900e-01
   9.3636800e-01  -4.9144200e-01   5.7624000e-02
   9.3638300e-01  -4.6385700e-01  -1.7216900e-01
   9.3645200e-01  -5.2782200e-01   7.8199000e-02
   9.3646100e-01  -5.3577300e-01   7.8493000e-02
   9.3669800e-01  -5.2537800e-01   7.8126000e-02
   9.3684000e-01  -4.8671900e-01  -1.6743600e-01
   9.3727200e-01  -4.7949400e-01  -1.5392000e-01
   9.3731900e-01  -4.9728300e-01   6.4264000e-02
   9.3764300e-01  -4.8732800e-01  -1.6104800e-01
   9.3774800e-01  -5.3152400e-01   7.8420000e-02
   9.3793100e-01  -5.0032300e-01   6.4387000e-02
   9.3802800e-01  -4.8255500e-01   5.1079000e-02
   9.3811500e-01  -4.9022800e-01   5.7679000e-02
   9.3841500e-01  -4.8791300e-01  -1.5465400e-01
   9.3895200e-01  -4.7823300e-01  -1.7365400e-01
   9.3918000e-01  -5.6513300e-01   8.6455000e-02
   9.3984100e-01  -4.9154100e-01  -1.6165900e-01
   9.3996700e-01  -5.1226800e-01   7.1356000e-02
   9.4042500e-01  -5.4169900e-01   8.5579000e-02
   9.4061500e-01  -4.9213000e-01  -1.5524100e-01
   9.4090900e-01  -5.4479200e-01   8.5738000e-02
   9.4145000e-01  -5.6983300e-01   9.3519000e-02
   9.4152000e-01  -5.9602700e-01   8.1142000e-02
   9.4185400e-01  -5.5099000e-01   8.6057000e-02
   9.4200300e-01  -4.6796500e-01  -1.6680100e-01
   9.4208600e-01  -4.9581100e-01   7.0951000e-02
   9.4241600e-01  -4.9606300e-01   6.4509000e-02
   9.4255700e-01  -5.6524200e-01   8.6694000e-02
   9.4268800e-01  -4.8605900e-01  -1.6165900e-01
   9.4316300e-01  -5.2792400e-01   7.8641000e-02
   9.4331700e-01  -5.1228700e-01   7.1558000e-02
   9.4346500e-01  -4.8664300e-01  -1.5524100e-01
   9.4352300e-01  -5.0984100e-01   7.1491000e-02
   9.4364000e-01  -5.6343100e-01   8.6694000e-02
   9.4382700e-01  -4.9971500e-01   6.4693000e-02
   9.4388800e-01  -4.8191500e-01   5.1325000e-02
   9.4451100e-01  -5.0800800e-01   7.1491000e-02
   9.4453900e-01  -4.8240000e-01  -1.6823100e-01
   9.4473300e-01  -5.6159800e-01   8.6694000e-02
   9.4494500e-01  -4.8775500e-01   5.7955000e-02
   9.4522600e-01  -5.5106600e-01   8.6296000e-02
   9.4537500e-01  -5.5664800e-01   8.6535000e-02
   9.4543100e-01  -4.9323000e-01   5.8121000e-02
   9.4547400e-01  -4.8056500e-01  -1.6823100e-01
   9.4554800e-01  -4.6284900e-01  -1.7348900e-01
   9.4582800e-01  -5.2210900e-01   8.5181000e-02
   9.4628600e-01  -4.8116900e-01  -1.6181200e-01
   9.4637400e-01  -5.4121100e-01   8.5977000e-02
   9.4676700e-01  -5.2549900e-01   7.8788000e-02
   9.4679300e-01  -4.7901500e-01   4.4956000e-02
   9.4706800e-01  -4.8174900e-01  -1.5538800e-01
   9.4719900e-01  -4.7931600e-01  -1.6839000e-01
   9.4730400e-01  -5.2858100e-01   7.8935000e-02
   9.4764800e-01  -5.4492000e-01   8.6216000e-02
   9.4798000e-01  -4.9259700e-01   5.8231000e-02
   9.4825700e-01  -4.7505000e-01  -1.6823100e-01
   9.4854700e-01  -4.8793700e-01   5.1668000e-02
   9.4854900e-01  -4.6776400e-01  -1.7431300e-01
   9.4912300e-01  -4.5994900e-01  -1.7381800e-01
   9.4988400e-01  -4.7121000e-01   3.8500000e-02
   9.5039700e-01  -4.8168200e-01  -1.6242300e-01
   9.5039800e-01  -4.6634900e-01  -1.6791300e-01
   9.5054000e-01  -4.6370300e-01  -1.7431300e-01
   9.5089600e-01  -4.8714100e-01  -1.6288200e-01
   9.5118200e-01  -4.8226300e-01  -1.5597400e-01
   9.5130700e-01  -4.7981800e-01  -1.6902500e-01
   9.5151500e-01  -4.6165900e-01   3.1994000e-02
   9.5159600e-01  -4.6997200e-01   3.8537000e-02
   9.5168100e-01  -4.8772700e-01  -1.5641500e-01
   9.5169100e-01  -4.7252600e-01  -1.6854800e-01
   9.5174300e-01  -4.8013900e-01   4.5171000e-02
   9.5211400e-01  -5.0088100e-01   6.5184000e-02
   9.5212600e-01  -4.8042200e-01  -1.6257600e-01
   9.5219500e-01  -4.6489200e-01  -1.6807200e-01
   9.5280000e-01  -5.0920700e-01   7.2030000e-02
   9.5288200e-01  -5.3571500e-01   8.6216000e-02
   9.5291300e-01  -4.8100200e-01  -1.5612100e-01
   9.5297900e-01  -4.8359200e-01   5.1766000e-02
   9.5308500e-01  -4.9903200e-01   6.5184000e-02
   9.5338800e-01  -5.1227700e-01   7.2165000e-02
   9.5361600e-01  -5.4439700e-01   8.6615000e-02
   9.5362200e-01  -4.6867500e-01  -1.6196500e-01
   9.5372200e-01  -5.2307700e-01   7.9155000e-02
   9.5387200e-01  -4.9192500e-01   5.8507000e-02
   9.5389600e-01  -5.4191700e-01   8.6535000e-02
   9.5428400e-01  -4.7947200e-01   4.5257000e-02
   9.5452300e-01  -4.7458700e-01   4.5171000e-02
   9.5478200e-01  -4.7730400e-01  -1.6272900e-01
   9.5490800e-01  -4.7486700e-01  -1.6257600e-01
   9.5495900e-01  -5.1875600e-01   7.9082000e-02
   9.5501400e-01  -4.5892500e-01  -1.7464300e-01
   9.5501600e-01  -4.9532700e-01   6.5184000e-02
   9.5539600e-01  -4.6719200e-01   3.2178000e-02
   9.5557300e-01  -4.7788100e-01  -1.5626800e-01
   9.5569900e-01  -4.7544300e-01  -1.5612100e-01
   9.5572900e-01  -4.6192300e-01  -1.7497300e-01
   9.5579400e-01  -4.7301600e-01  -1.6918400e-01
   9.5590100e-01  -4.6204500e-01   2.5695000e-02
   9.5603100e-01  -4.6764800e-01   3.8648000e-02
   9.5604600e-01  -4.5224400e-01  -1.7431300e-01
   9.5658600e-01  -4.7862200e-01   5.1815000e-02
   9.5681800e-01  -4.7098200e-01  -1.5597400e-01
   9.5682700e-01  -4.7879800e-01   4.5343000e-02
   9.5704300e-01  -4.5541900e-01   1.9235000e-02
   9.5720200e-01  -4.6572700e-01  -1.6886600e-01
   9.5738500e-01  -4.6310200e-01   3.2178000e-02
   9.5741300e-01  -5.2861300e-01   7.9597000e-02
   9.5754000e-01  -5.1812400e-01   7.9229000e-02
   9.5761200e-01  -4.6076700e-01   2.5719000e-02
   9.5783800e-01  -4.8208000e-01  -1.6349300e-01
   9.5787700e-01  -5.2368300e-01   7.9450000e-02
   9.5805200e-01  -5.4256400e-01   8.6854000e-02
   9.5853700e-01  -5.1100000e-01   7.2435000e-02
   9.5856600e-01  -4.5649000e-01   2.5695000e-02
   9.5863000e-01  -4.8266200e-01  -1.5700200e-01
   9.5900000e-01  -4.6425200e-01  -1.6902500e-01
   9.5912600e-01  -4.5934600e-01  -1.7530300e-01
   9.5925400e-01  -4.9080100e-01   5.2208000e-02
   9.5954500e-01  -4.8588800e-01   5.2110000e-02
   9.6042800e-01  -4.9425000e-01   5.8893000e-02
   9.6074300e-01  -5.1006600e-01   7.9155000e-02
   9.6095500e-01  -4.6063600e-01   2.5793000e-02
   9.6122200e-01  -5.0259300e-01   6.5736000e-02
   9.6126500e-01  -4.5341500e-01   1.9290000e-02
   9.6134600e-01  -4.5347200e-01   1.2861000e-02
   9.6177600e-01  -4.5377200e-01  -1.7530300e-01
   9.6184500e-01  -4.7182500e-01  -1.6334000e-01
   9.6190400e-01  -4.7744500e-01   4.5515000e-02
   9.6190600e-01  -4.6909100e-01   3.8868000e-02
   9.6258500e-01  -5.3538200e-01   9.3605000e-02
   9.6264300e-01  -4.7239800e-01  -1.5685500e-01
   9.6312100e-01  -4.6467300e-01  -1.6966000e-01
   9.6314800e-01  -4.4976900e-01   6.4300000e-03
   9.6326800e-01  -5.4132700e-01   8.7173000e-02
   9.6346500e-01  -4.5246600e-01  -1.7546800e-01
   9.6370700e-01  -4.8638700e-01   5.2306000e-02
   9.6385400e-01  -4.6770800e-01  -1.6334000e-01
   9.6434200e-01  -4.5059500e-01  -1.7546800e-01
   9.6446000e-01  -4.7091700e-01  -1.6364600e-01
   9.6462000e-01  -4.7941400e-01  -1.6425700e-01
   9.6465400e-01  -4.6827700e-01  -1.5685500e-01
   9.6475300e-01  -5.0007400e-01   6.5858000e-02
   9.6475300e-01  -4.7670800e-01   3.9089000e-02
   9.6484000e-01  -5.3447200e-01   8.7013000e-02
   9.6526000e-01  -4.7149000e-01  -1.5714800e-01
   9.6542000e-01  -4.7999300e-01  -1.5773500e-01
   9.6563500e-01  -4.6394100e-01  -1.6997800e-01
   9.6565400e-01  -4.6147500e-01  -1.7645700e-01
   9.6587800e-01  -5.4069700e-01   8.7332000e-02
   9.6633100e-01  -4.5445600e-01   1.2922000e-02
   9.6684000e-01  -4.4984000e-01  -1.7579700e-01
   9.6686600e-01  -5.1210700e-01   7.2974000e-02
   9.6707100e-01  -4.5497000e-01   1.9401000e-02
   9.6775300e-01  -4.6044300e-01   1.9456000e-02
   9.6779800e-01  -4.9714800e-01   5.9335000e-02
   9.6795900e-01  -4.9467400e-01   5.9280000e-02
   9.6822800e-01  -4.6077500e-01  -1.7013700e-01
   9.6896100e-01  -4.5130100e-01   6.4670000e-03
   9.6902700e-01  -4.4886500e-01   0.0000000e+00
   9.6920400e-01  -4.5895300e-01   3.2454000e-02
   9.6935100e-01  -4.5905500e-01   2.5965000e-02
   9.6973500e-01  -4.5183500e-01   1.2946000e-02
   9.6975400e-01  -4.6435800e-01  -1.7061400e-01
   9.6983500e-01  -4.4941900e-01   6.4670000e-03
   9.6988000e-01  -4.4697100e-01  -6.4610000e-03
   9.6989300e-01  -4.9870400e-01   6.6104000e-02
   9.7023300e-01  -4.7224900e-01   3.9200000e-02
   9.7040400e-01  -4.6983600e-01  -1.6441000e-01
   9.7050100e-01  -4.5485500e-01   1.2971000e-02
   9.7074000e-01  -4.6002400e-01  -1.7045500e-01
   9.7082400e-01  -4.8902700e-01   5.9280000e-02
   9.7102400e-01  -4.8123400e-01   4.5944000e-02
   9.7121000e-01  -4.7040800e-01  -1.5788200e-01
   9.7132300e-01  -5.0237600e-01   6.6288000e-02
   9.7139600e-01  -5.2353000e-01   8.0333000e-02
   9.7150300e-01  -4.6558800e-01   3.2607000e-02
   9.7152400e-01  -4.4561600e-01  -1.2934000e-02
   9.7154800e-01  -4.4811000e-01   0.0000000e+00
   9.7157300e-01  -4.4565000e-01  -6.4670000e-03
   9.7195600e-01  -5.2663600e-01   8.0480000e-02
   9.7214400e-01  -4.7107000e-01   3.2699000e-02
   9.7224000e-01  -4.6860500e-01   3.2669000e-02
   9.7255200e-01  -4.6380400e-01   2.6087000e-02
   9.7262900e-01  -5.1384500e-01   7.3379000e-02
   9.7288600e-01  -4.5650400e-01   1.9511000e-02
   9.7292900e-01  -4.6909100e-01  -1.6471500e-01
   9.7318300e-01  -4.4922700e-01   6.4860000e-03
   9.7333100e-01  -4.5681200e-01  -1.7061400e-01
   9.7359400e-01  -4.7209900e-01   3.9310000e-02
   9.7366400e-01  -4.8851900e-01   5.2797000e-02
   9.7367300e-01  -4.8032200e-01   4.6030000e-02
   9.7373800e-01  -4.6966300e-01  -1.5817500e-01
   9.7473400e-01  -4.5277900e-01   1.3008000e-02
   9.7489700e-01  -4.4791100e-01   0.0000000e+00
   9.7516700e-01  -4.6059400e-01   2.6112000e-02
   9.7540900e-01  -4.8723500e-01   5.2846000e-02
   9.7544400e-01  -4.6836000e-01  -1.6502100e-01
   9.7550700e-01  -4.9504600e-01   5.9666000e-02
   9.7568000e-01  -4.6599400e-01   3.2730000e-02
   9.7568600e-01  -4.6095400e-01  -1.7124900e-01
   9.7569900e-01  -4.4597200e-01  -1.2983000e-02
   9.7615500e-01  -4.9292300e-01   6.6288000e-02
   9.7625600e-01  -4.6893000e-01  -1.5846900e-01
   9.7636700e-01  -5.2467800e-01   8.0700000e-02
   9.7647100e-01  -4.4404200e-01  -1.9474000e-02
   9.7738200e-01  -4.4465700e-01  -1.2996000e-02
   9.7740400e-01  -4.4712700e-01  -6.5040000e-03
   9.7743200e-01  -4.4469100e-01  -6.4980000e-03
   9.7754000e-01  -4.5470400e-01  -1.7109000e-01
   9.7760600e-01  -4.5224900e-01  -1.7093100e-01
   9.7766600e-01  -4.4979400e-01  -1.7077300e-01
   9.7794900e-01  -4.5498500e-01   1.9585000e-02
   9.7808800e-01  -4.5257800e-01   1.3045000e-02
   9.7815600e-01  -4.6267000e-01  -1.6502100e-01
   9.7818800e-01  -4.5014900e-01   6.5160000e-03
   9.7897100e-01  -4.6323600e-01  -1.5846900e-01
   9.7936700e-01  -5.0049300e-01   5.9997000e-02
   9.7968700e-01  -4.6626400e-01  -1.6547900e-01
   9.7990400e-01  -4.4882100e-01   0.0000000e+00
   9.7990800e-01  -4.5884200e-01  -1.7172600e-01
   9.8035800e-01  -4.5915200e-01   1.9658000e-02
   9.8039900e-01  -4.6929900e-01  -1.6578500e-01
   9.8050400e-01  -4.6683300e-01  -1.5890900e-01
   9.8104000e-01  -4.7481900e-01   3.9605000e-02
   9.8121600e-01  -4.6987100e-01  -1.5920300e-01
   9.8213900e-01  -4.6797400e-01   3.9531000e-02
   9.8219400e-01  -4.4541300e-01  -2.6112000e-02
   9.8231100e-01  -4.4549100e-01  -1.9585000e-02
   9.8263700e-01  -4.6324900e-01   2.6308000e-02
   9.8276700e-01  -4.7350900e-01   3.9641000e-02
   9.8319900e-01  -4.5105300e-01   6.5470000e-03
   9.8373800e-01  -4.4396000e-01  -3.2669000e-02
   9.8405000e-01  -4.6676300e-01   3.2975000e-02
   9.8408000e-01  -4.4917600e-01   0.0000000e+00
   9.8410300e-01  -5.2791500e-01   8.8129000e-02
   9.8445000e-01  -4.8521300e-01   4.6545000e-02
   9.8466900e-01  -4.5455800e-01   1.9695000e-02
   9.8475200e-01  -4.5461500e-01   1.3131000e-02
   9.8524700e-01  -4.4248100e-01  -3.9237000e-02
   9.8535800e-01  -4.9157700e-01   5.3386000e-02
   9.8555000e-01  -4.4517200e-01  -2.6185000e-02
   9.8555500e-01  -4.6526700e-01  -1.6624300e-01
   9.8564200e-01  -4.6279200e-01  -1.6609100e-01
   9.8626100e-01  -4.5816100e-01   1.9750000e-02
   9.8626200e-01  -4.4315800e-01  -3.2730000e-02
   9.8626500e-01  -4.4067400e-01  -9.8343000e-02
   9.8646500e-01  -4.6335900e-01  -1.5949600e-01
   9.8653900e-01  -4.6087700e-01  -1.6609100e-01
   9.8671200e-01  -4.5343200e-01  -1.7236100e-01
   9.8719000e-01  -4.6639900e-01  -1.5978900e-01
   9.8732900e-01  -4.4636200e-01  -1.9677000e-02
   9.8736300e-01  -4.6144200e-01  -1.5949600e-01
   9.8741300e-01  -4.4641800e-01  -1.3118000e-02
   9.8815300e-01  -4.6198400e-01  -1.5289600e-01
   9.8820400e-01  -4.4945000e-01  -1.3143000e-02
   9.8843700e-01  -4.3962900e-01  -9.1889000e-02
   9.8859600e-01  -4.7504000e-01   3.9862000e-02
   9.8868500e-01  -4.5729000e-01   2.6382000e-02
   9.8886600e-01  -4.8292700e-01   4.6674000e-02
   9.8906300e-01  -4.4253000e-01  -1.0527000e-01
   9.8908400e-01  -4.5004100e-01  -6.5780000e-03
   9.8909000e-01  -4.4006000e-01  -1.0517200e-01
   9.8961100e-01  -4.4040500e-01  -9.8618000e-02
   9.8974000e-01  -4.4547500e-01  -2.6284000e-02
   9.9019400e-01  -4.4079000e-01  -1.1193100e-01
   9.9020000e-01  -4.6338800e-01   2.6480000e-02
   9.9069600e-01  -4.6119100e-01  -1.6670200e-01
   9.9078700e-01  -4.4867600e-01  -6.5840000e-03
   9.9096800e-01  -4.4879700e-01  -1.7267900e-01
   9.9152400e-01  -4.6175600e-01  -1.6008300e-01
   9.9159100e-01  -4.5172600e-01   0.0000000e+00
   9.9193300e-01  -4.4443400e-01  -3.9494000e-02
   9.9199600e-01  -4.8774300e-01   4.6889000e-02
   9.9231800e-01  -4.6229900e-01  -1.5345800e-01
   9.9235400e-01  -4.4721600e-01  -1.9769000e-02
   9.9246600e-01  -4.4979900e-01   0.0000000e+00
   9.9305100e-01  -4.4018400e-01  -7.2435000e-02
   9.9308400e-01  -4.5774900e-01   1.3241000e-02
   9.9317400e-01  -4.7053800e-01   3.3282000e-02
   9.9322400e-01  -4.6037800e-01  -1.6700700e-01
   9.9329800e-01  -4.5789400e-01  -1.6685500e-01
   9.9330900e-01  -4.5540200e-01  -1.7347300e-01
   9.9337200e-01  -4.5292200e-01  -1.7331400e-01
   9.9341400e-01  -4.6814600e-01   2.6603000e-02
   9.9398900e-01  -4.4329700e-01  -5.2748000e-02
   9.9412900e-01  -4.5845700e-01  -1.6023000e-01
   9.9417500e-01  -4.5598600e-01  -1.6685500e-01
   9.9424000e-01  -4.4096600e-01  -6.5920000e-02
   9.9456100e-01  -4.4117700e-01  -5.9335000e-02
   9.9461700e-01  -4.4621500e-01  -3.3006000e-02
   9.9476900e-01  -4.4631600e-01  -2.6406000e-02
   9.9484800e-01  -4.4136600e-01  -5.2748000e-02
   9.9487200e-01  -4.6149900e-01  -1.6052300e-01
   9.9492600e-01  -4.5899700e-01  -1.5359900e-01
   9.9518400e-01  -4.3909400e-01  -7.9155000e-02
   9.9557300e-01  -4.3934900e-01  -7.2570000e-02
   9.9567000e-01  -4.6204200e-01  -1.5388000e-01
   9.9572500e-01  -4.5450300e-01   6.6270000e-03
   9.9592900e-01  -4.3958200e-01  -6.5981000e-02
   9.9619500e-01  -4.2492000e-01  -1.6517400e-01
   9.9623900e-01  -4.4478300e-01  -1.1937100e-01
   9.9659900e-01  -4.5004400e-01  -1.3241000e-02
   9.9674300e-01  -4.4511600e-01  -4.6287000e-02
   9.9696300e-01  -4.4526200e-01  -3.9678000e-02
   9.9748200e-01  -4.5063200e-01  -6.6270000e-03
   9.9760600e-01  -4.4318000e-01  -4.6287000e-02
   9.9761200e-01  -4.4318500e-01  -9.2747000e-02
   9.9772300e-01  -4.4325700e-01  -1.7331400e-01
   9.9809600e-01  -4.3850500e-01  -7.2705000e-02
   9.9815600e-01  -4.5867200e-01   6.6510000e-03
   9.9822000e-01  -4.4860500e-01  -1.9879000e-02
   9.9852700e-01  -4.6654000e-01   2.6701000e-02
   9.9875600e-01  -4.4143400e-01  -5.9556000e-02
   9.9879400e-01  -4.6161800e-01   1.9990000e-02
   9.9937600e-01  -4.3934000e-01  -7.9450000e-02
   9.9961600e-01  -4.4450200e-01  -9.9629000e-02
   9.9992700e-01  -4.5986700e-01  -1.6111000e-01
   1.0001250e+00  -4.3982800e-01  -6.6226000e-02
   1.0001880e+00  -4.4487900e-01  -1.1307600e-01
   1.0004850e+00  -4.4758800e-01  -3.3190000e-02
   1.0007160e+00  -4.4271700e-01  -5.3042000e-02
   1.0007300e+00  -4.6040800e-01  -1.5444300e-01
   1.0007510e+00  -4.4524900e-01  -1.0644700e-01
   1.0008010e+00  -4.5791300e-01  -1.6792400e-01
   1.0012840e+00  -4.4058500e-01  -5.9666000e-02
   1.0015740e+00  -4.4077300e-01  -5.3042000e-02
   1.0015920e+00  -4.5590500e-01   6.6640000e-03
   1.0016370e+00  -4.5087200e-01  -1.3302000e-02
   1.0016390e+00  -4.5847600e-01  -1.6125700e-01
   1.0016880e+00  -4.5596900e-01  -1.6792400e-01
   1.0021430e+00  -4.4365200e-01  -9.9813000e-02
   1.0024430e+00  -4.5901600e-01  -1.5458300e-01
   1.0024920e+00  -4.5397000e-01   0.0000000e+00
   1.0025190e+00  -4.5398800e-01  -1.7474400e-01
   1.0025270e+00  -4.5653000e-01  -1.6125700e-01
   1.0026380e+00  -4.4397600e-01  -9.3176000e-02
   1.0026430e+00  -4.4397900e-01  -4.6502000e-02
   1.0026640e+00  -4.4148400e-01  -9.3090000e-02
   1.0027110e+00  -4.4402400e-01  -1.7410900e-01
   1.0027140e+00  -4.4402600e-01  -1.1328400e-01
   1.0030690e+00  -4.4929500e-01  -1.2702000e-01
   1.0030790e+00  -4.6199300e-01   1.3376000e-02
   1.0031200e+00  -4.3930500e-01  -7.3042000e-02
   1.0031410e+00  -4.4934200e-01  -2.6627000e-02
   1.0032780e+00  -4.4439600e-01  -1.0664300e-01
   1.0033330e+00  -4.5706900e-01  -1.5458300e-01
   1.0033940e+00  -4.5457100e-01  -1.6807700e-01
   1.0034780e+00  -4.3953800e-01  -6.6410000e-02
   1.0040580e+00  -4.4994800e-01  -1.3391700e-01
   1.0042210e+00  -4.5258600e-01  -1.7490300e-01
   1.0043990e+00  -4.4013600e-01  -7.9818000e-02
   1.0045050e+00  -4.4771900e-01  -3.9973000e-02
   1.0049280e+00  -4.5052300e-01  -2.0008000e-02
   1.0050220e+00  -4.5311700e-01  -6.6760000e-03
   1.0050980e+00  -4.5063500e-01  -1.7490300e-01
   1.0051770e+00  -4.4312300e-01  -4.6588000e-02
   1.0054410e+00  -4.4581200e-01  -1.2036300e-01
   1.0054780e+00  -4.4083700e-01  -5.9887000e-02
   1.0055280e+00  -4.4839100e-01  -3.3344000e-02
   1.0056430e+00  -4.4094500e-01  -8.6615000e-02
   1.0058480e+00  -4.5113100e-01  -1.3351000e-02
   1.0062340e+00  -4.4885600e-01  -1.2058300e-01
   1.0065170e+00  -4.4904200e-01  -2.6701000e-02
   1.0067050e+00  -4.5423400e-01   0.0000000e+00
   1.0067450e+00  -4.5426100e-01  -1.6853500e-01
   1.0074930e+00  -4.5221700e-01  -1.4121900e-01
   1.0083010e+00  -4.5784000e-01   6.7070000e-03
   1.0089180e+00  -4.5062200e-01  -1.2771800e-01
   1.0092370e+00  -4.5337000e-01  -6.7000000e-03
   1.0092380e+00  -4.5591500e-01  -1.6213700e-01
   1.0096750e+00  -4.4605700e-01  -1.0054800e-01
   1.0100500e+00  -4.5645300e-01  -1.5542700e-01
   1.0105290e+00  -4.4411800e-01  -1.0054800e-01
   1.0107940e+00  -4.4429000e-01  -5.3533000e-02
   1.0108080e+00  -4.4679600e-01  -1.0742700e-01
   1.0110290e+00  -4.4444300e-01  -9.3862000e-02
   1.0110530e+00  -4.4445800e-01  -4.6846000e-02
   1.0110720e+00  -4.4696800e-01  -1.1422100e-01
   1.0112240e+00  -4.4960000e-01  -4.0230000e-02
   1.0114440e+00  -4.6506300e-01   1.3486000e-02
   1.0122490e+00  -4.5027200e-01  -3.3558000e-02
   1.0123920e+00  -4.5290700e-01  -1.3501900e-01
   1.0125730e+00  -4.5557300e-01  -1.6945200e-01
   1.0129320e+00  -4.4818200e-01  -4.0267000e-02
   1.0131150e+00  -4.5083900e-01  -1.2818300e-01
   1.0132910e+00  -4.6116400e-01  -1.6301800e-01
   1.0133330e+00  -4.4593900e-01  -1.0762300e-01
   1.0141060e+00  -4.6170700e-01  -1.5627100e-01
   1.0141540e+00  -4.5406600e-01  -2.0192000e-02
   1.0142810e+00  -4.5415000e-01  -1.6960500e-01
   1.0145520e+00  -4.3413300e-01  -1.6155000e-01
   1.0145560e+00  -4.2913500e-01  -1.6125700e-01
   1.0149300e+00  -4.5202800e-01  -1.3526400e-01
   1.0150760e+00  -4.5467200e-01  -1.3474000e-02
   1.0152640e+00  -4.4719300e-01  -1.1463800e-01
   1.0156990e+00  -4.4494300e-01  -7.3986000e-02
   1.0157500e+00  -4.5256500e-01  -2.6946000e-02
   1.0158990e+00  -4.5777100e-01  -1.6316400e-01
   1.0160630e+00  -4.4517800e-01  -6.7269000e-02
   1.0161380e+00  -4.4522600e-01  -8.0774000e-02
   1.0163930e+00  -4.4539100e-01  -6.0549000e-02
   1.0167070e+00  -4.5319200e-01  -1.4237600e-01
   1.0167170e+00  -4.5831100e-01  -1.5641200e-01
   1.0170420e+00  -4.3823200e-01  -1.6213700e-01
   1.0170640e+00  -4.3322100e-01  -1.6184400e-01
   1.0171270e+00  -4.5091800e-01  -1.2179600e-01
   1.0174830e+00  -4.5625500e-01  -1.4263300e-01
   1.0175430e+00  -4.5374000e-01  -2.0247000e-02
   1.0176340e+00  -4.5635500e-01  -6.7560000e-03
   1.0176930e+00  -4.5128700e-01  -1.6991000e-01
   1.0183650e+00  -4.4666600e-01  -5.3925000e-02
   1.0188240e+00  -4.4950600e-01  -1.2190600e-01
   1.0192650e+00  -4.5742800e-01  -1.6360400e-01
   1.0192950e+00  -4.5488700e-01  -1.7036900e-01
   1.0193770e+00  -4.5238600e-01  -1.6331100e-01
   1.0198110e+00  -4.5266900e-01  -1.2899700e-01
   1.0198190e+00  -4.5267400e-01  -3.3804000e-02
   1.0200870e+00  -4.5796900e-01  -1.5683400e-01
   1.0201520e+00  -4.5544800e-01  -1.6360400e-01
   1.0201990e+00  -4.5292200e-01  -1.5655300e-01
   1.0207270e+00  -4.4819400e-01  -8.7969000e-02
   1.0207560e+00  -4.4567100e-01  -7.4323000e-02
   1.0208730e+00  -4.5848600e-01  -1.5005700e-01
   1.0209330e+00  -4.5596000e-01  -1.4992300e-01
   1.0209740e+00  -4.5598700e-01  -1.5683400e-01
   1.0209860e+00  -4.5343500e-01  -1.4978800e-01
   1.0210930e+00  -4.4843100e-01  -9.4806000e-02
   1.0211220e+00  -4.4590600e-01  -6.7575000e-02
   1.0214530e+00  -4.4612000e-01  -6.0825000e-02
   1.0217390e+00  -4.5392600e-01  -1.4301800e-01
   1.0217490e+00  -4.4631000e-01  -5.4073000e-02
   1.0219810e+00  -4.4900500e-01  -4.7361000e-02
   1.0221710e+00  -4.5168000e-01  -4.0635000e-02
   1.0224560e+00  -4.5439400e-01  -1.3624300e-01
   1.0228210e+00  -4.4445900e-01  -1.7021600e-01
   1.0228510e+00  -4.4702000e-01  -4.7361000e-02
   1.0230950e+00  -4.4972600e-01  -1.0183500e-01
   1.0232010e+00  -4.5234900e-01  -3.3896000e-02
   1.0233250e+00  -4.5496100e-01  -2.7143000e-02
   1.0234850e+00  -4.5763200e-01  -1.3585000e-02
   1.0239980e+00  -4.4521300e-01  -6.0936000e-02
   1.0242950e+00  -4.4540400e-01  -5.4171000e-02
   1.0248430e+00  -4.5341500e-01  -1.2957900e-01
   1.0251220e+00  -4.5613300e-01  -2.0395000e-02
   1.0261860e+00  -4.4661700e-01  -6.7882000e-02
   1.0269410e+00  -4.4965400e-01  -1.7113300e-01
   1.0270810e+00  -4.4719000e-01  -4.7533000e-02
   1.0272420e+00  -4.5240800e-01  -4.0819000e-02
   1.0278220e+00  -4.5278300e-01  -1.1609600e-01
   1.0279010e+00  -4.5027200e-01  -8.1730000e-02
   1.0279550e+00  -4.3505200e-01  -1.6345800e-01
   1.0284030e+00  -4.5315900e-01  -1.0928900e-01
   1.0299760e+00  -4.5160900e-01  -8.8766000e-02
   1.0301600e+00  -4.5686900e-01  -1.7205000e-01
   1.0307070e+00  -4.2069000e-01  -9.4634000e-02
   1.0308180e+00  -4.5729600e-01  -1.3734500e-01
   1.0309250e+00  -4.5736600e-01  -1.4430300e-01
   1.0310280e+00  -4.5743300e-01  -1.6521900e-01
   1.0311850e+00  -4.2098200e-01  -8.7890000e-02
   1.0315600e+00  -4.5520000e-01  -1.3039300e-01
   1.0316280e+00  -4.2125200e-01  -8.1142000e-02
   1.0316310e+00  -4.5524700e-01  -3.4172000e-02
   1.0316970e+00  -4.5015100e-01  -7.5133000e-02
   1.0318600e+00  -4.5797300e-01  -1.5838100e-01
   1.0318750e+00  -4.5540400e-01  -1.7220200e-01
   1.0322140e+00  -4.5562400e-01  -1.2355900e-01
   1.0323190e+00  -4.5311800e-01  -4.1003000e-02
   1.0325370e+00  -4.5583300e-01  -1.3746700e-01
   1.0326580e+00  -4.5849100e-01  -1.5153800e-01
   1.0336750e+00  -4.5141900e-01  -1.6521900e-01
   1.0339320e+00  -4.5415700e-01  -1.2366900e-01
   1.0339880e+00  -4.2823000e-01  -9.5149000e-02
   1.0340520e+00  -4.2549800e-01  -9.5063000e-02
   1.0344670e+00  -4.2852600e-01  -8.8368000e-02
   1.0345310e+00  -4.2579200e-01  -8.8288000e-02
   1.0345520e+00  -4.5455600e-01  -1.1682400e-01
   1.0349110e+00  -4.2879900e-01  -8.1583000e-02
   1.0349750e+00  -4.2606400e-01  -8.1510000e-02
   1.0351370e+00  -4.5493300e-01  -1.0997500e-01
   1.0352360e+00  -4.5757900e-01  -1.6580500e-01
   1.0354950e+00  -4.3978500e-01  -1.5781900e-01
   1.0356870e+00  -4.5528700e-01  -1.0312200e-01
   1.0357820e+00  -4.5534800e-01  -1.3085800e-01
   1.0360730e+00  -4.5812000e-01  -1.5894400e-01
   1.0362010e+00  -4.5561800e-01  -9.6265000e-02
   1.0363050e+00  -4.5053200e-01  -6.8557000e-02
   1.0366420e+00  -4.5074700e-01  -6.1708000e-02
   1.0368070e+00  -4.5859500e-01  -1.4507400e-01
   1.0368740e+00  -4.5863800e-01  -1.5207600e-01
   1.0369440e+00  -4.5094000e-01  -5.4858000e-02
   1.0369550e+00  -4.5610300e-01  -1.6595200e-01
   1.0371680e+00  -4.5365900e-01  -8.2466000e-02
   1.0373050e+00  -4.3306300e-01  -9.5578000e-02
   1.0377860e+00  -4.3336100e-01  -8.8766000e-02
   1.0377930e+00  -4.5664300e-01  -1.5908400e-01
   1.0382310e+00  -4.3363600e-01  -8.1951000e-02
   1.0384560e+00  -4.5190500e-01  -7.5605000e-02
   1.0385960e+00  -4.5716000e-01  -1.5221100e-01
   1.0389950e+00  -4.5483100e-01  -1.2422000e-01
   1.0392610e+00  -4.5758900e-01  -1.3832400e-01
   1.0393120e+00  -4.5503400e-01  -1.3820200e-01
   1.0393630e+00  -4.5765500e-01  -1.4533100e-01
   1.0400080e+00  -4.5548000e-01  -1.3132400e-01
   1.0402450e+00  -4.4021000e-01  -8.9165000e-02
   1.0405020e+00  -4.4549100e-01  -1.5880300e-01
   1.0405690e+00  -4.5325500e-01  -8.2687000e-02
   1.0406910e+00  -4.4048900e-01  -8.2319000e-02
   1.0410450e+00  -4.5614500e-01  -1.1056300e-01
   1.0412940e+00  -4.5630500e-01  -1.1755300e-01
   1.0415980e+00  -4.5650000e-01  -1.0367300e-01
   1.0421160e+00  -4.5683200e-01  -9.6779000e-02
   1.0422980e+00  -4.4149300e-01  -9.6265000e-02
   1.0425980e+00  -4.5714100e-01  -8.9882000e-02
   1.0427970e+00  -4.3366000e-01  -1.0293800e-01
   1.0435590e+00  -4.4999400e-01  -8.9722000e-02
   1.0436400e+00  -4.4233100e-01  -7.5672000e-02
   1.0438180e+00  -4.5015800e-01  -1.5950600e-01
   1.0440060e+00  -4.5027700e-01  -8.2834000e-02
   1.0444310e+00  -4.4796700e-01  -8.9722000e-02
   1.0444540e+00  -4.4540800e-01  -8.9643000e-02
   1.0448780e+00  -4.4824900e-01  -8.2834000e-02
   1.0449020e+00  -4.4568900e-01  -8.2760000e-02
   1.0462340e+00  -4.5687200e-01  -1.6021000e-01
   1.0463600e+00  -4.5695300e-01  -9.7123000e-02
   1.0468440e+00  -4.5726200e-01  -9.0201000e-02
   1.0473380e+00  -4.5497900e-01  -8.3202000e-02
   1.0473460e+00  -4.4722300e-01  -9.6865000e-02
   1.0473830e+00  -4.4210000e-01  -9.6694000e-02
   1.0477510e+00  -4.5524200e-01  -7.6279000e-02
   1.0478690e+00  -4.4240200e-01  -8.9802000e-02
   1.0478800e+00  -4.5792300e-01  -1.5342200e-01
   1.0483190e+00  -4.4268200e-01  -8.2907000e-02
   1.0486950e+00  -4.4807000e-01  -7.6144000e-02
   1.0489690e+00  -4.5341900e-01  -9.7208000e-02
   1.0498470e+00  -4.5138100e-01  -9.7208000e-02
   1.0502540e+00  -4.5683300e-01  -9.0440000e-02
   1.0502680e+00  -4.6206000e-01  -1.4687300e-01
   1.0503190e+00  -4.5427400e-01  -7.6414000e-02
   1.0505130e+00  -4.3559500e-01  -1.0367300e-01
   1.0511990e+00  -4.5223300e-01  -7.6414000e-02
   1.0514860e+00  -4.4465300e-01  -1.6021000e-01
   1.0514970e+00  -4.5762300e-01  -6.9599000e-02
   1.0520120e+00  -4.6317800e-01  -1.6133500e-01
   1.0520270e+00  -4.4218000e-01  -1.0404100e-01
   1.0522990e+00  -4.4774300e-01  -1.6049100e-01
   1.0528280e+00  -4.6370100e-01  -1.5436400e-01
   1.0529680e+00  -4.5855800e-01  -1.6119400e-01
   1.0571850e+00  -4.5862100e-01  -1.5463300e-01
   1.0573350e+00  -4.6133500e-01  -9.8152000e-02
   1.0596380e+00  -4.6279900e-01  -1.5517200e-01
   1.0740000e+00  -4.6660700e-01  -1.5719000e-01
   1.0837610e+00  -4.8083500e-01  -1.5188500e-01
