   8.0833200e-01  -8.1171700e-01  -1.6077200e-01
   8.0879600e-01  -8.3513700e-01   8.4746000e-02
   8.0921300e-01  -8.3960100e-01  -1.5651700e-01
   8.0957100e-01  -8.3623200e-01   4.2365000e-02
   8.0966000e-01  -8.3635900e-01   7.7763000e-02
   8.0969700e-01  -8.3641000e-01  -1.5624800e-01
   8.0970900e-01  -8.3642700e-01   3.5307000e-02
   8.0975300e-01  -8.4036900e-01  -1.4944300e-01
   8.0982100e-01  -8.3658600e-01   2.8247000e-02
   8.0987200e-01  -8.3665800e-01   9.9096000e-02
   8.0990900e-01  -8.3671000e-01   2.1186000e-02
   8.0992300e-01  -8.3673100e-01   7.0703000e-02
   8.0997200e-01  -8.3679800e-01   1.4125000e-02
   8.1009800e-01  -8.3697800e-01  -1.3481300e-01
   8.1016100e-01  -8.3706700e-01   6.3640000e-02
   8.1021100e-01  -8.3713700e-01   9.2033000e-02
   8.1023800e-01  -8.3717500e-01  -1.4918600e-01
   8.1037400e-01  -8.3736800e-01   5.6575000e-02
   8.1056200e-01  -8.3763400e-01   4.9508000e-02
   8.1056300e-01  -8.3763500e-01  -1.2774800e-01
   8.1061100e-01  -8.3388200e-01   6.3530000e-02
   8.1075400e-01  -8.3790500e-01  -1.4211900e-01
   8.1078300e-01  -8.3028000e-01   9.8753000e-02
   8.1082400e-01  -8.3418200e-01   5.6477000e-02
   8.1085700e-01  -8.3038400e-01   8.4599000e-02
   8.1095000e-01  -8.3436000e-01   7.0641000e-02
   8.1100400e-01  -8.3825700e-01  -1.2067700e-01
   8.1101200e-01  -8.3444700e-01   4.9422000e-02
   8.1112200e-01  -8.3075500e-01   9.1714000e-02
   8.1114600e-01  -8.3078900e-01   7.7561000e-02
   8.1116400e-01  -8.3848400e-01   7.0750000e-03
   8.1117500e-01  -8.3467700e-01   4.2365000e-02
   8.1123900e-01  -8.3476700e-01   9.1954000e-02
   8.1131300e-01  -8.3487100e-01   3.5307000e-02
   8.1133800e-01  -8.2723000e-01   4.9207000e-02
   8.1134700e-01  -8.3107100e-01   1.2015600e-01
   8.1139200e-01  -8.3113400e-01  -2.1131000e-02
   8.1141000e-01  -8.3115900e-01   7.0519000e-02
   8.1142600e-01  -8.3503000e-01  -2.8247000e-02
   8.1144000e-01  -8.3887500e-01  -3.5399000e-02
   8.1145500e-01  -8.3122200e-01  -1.4088000e-02
   8.1147700e-01  -8.3510100e-01   9.9096000e-02
   8.1150000e-01  -8.2364700e-01   1.1252400e-01
   8.1150100e-01  -8.2745800e-01   4.2181000e-02
   8.1151400e-01  -8.3515400e-01  -2.1186000e-02
   8.1151400e-01  -8.3515400e-01   2.1186000e-02
   8.1152800e-01  -8.3899900e-01  -5.6673000e-02
   8.1155300e-01  -8.3520900e-01   8.4894000e-02
   8.1163900e-01  -8.2765100e-01   3.5153000e-02
   8.1164900e-01  -8.3149400e-01   6.3475000e-02
   8.1171600e-01  -8.3926500e-01  -4.9594000e-02
   8.1173100e-01  -8.2777900e-01   5.6281000e-02
   8.1174100e-01  -8.3930100e-01  -7.0810000e-03
   8.1175200e-01  -8.2780900e-01   2.8124000e-02
   8.1175400e-01  -8.3931800e-01   0.0000000e+00
   8.1176200e-01  -8.3165300e-01   1.1311200e-01
   8.1184200e-01  -8.3561600e-01   7.7830000e-02
   8.1187500e-01  -8.3566200e-01  -1.5638300e-01
   8.1188000e-01  -8.3949600e-01  -4.2512000e-02
   8.1188500e-01  -8.3182500e-01  -2.8198000e-02
   8.1199300e-01  -8.3965700e-01  -1.1370000e-01
   8.1207300e-01  -8.3208900e-01  -7.0500000e-03
   8.1215300e-01  -8.3220100e-01   1.0606300e-01
   8.1215600e-01  -8.3605700e-01  -1.4137000e-02
   8.1219300e-01  -8.3611000e-01  -7.0690000e-03
   8.1219300e-01  -8.3611000e-01   7.0690000e-03
   8.1220600e-01  -8.3612800e-01   0.0000000e+00
   8.1222900e-01  -8.2847500e-01  -1.5571000e-01
   8.1223800e-01  -8.4389600e-01  -1.2119800e-01
   8.1223800e-01  -8.1334700e-01  -1.6133500e-01
   8.1235200e-01  -8.3248000e-01   3.5276000e-02
   8.1238400e-01  -8.4020800e-01  -1.0661400e-01
   8.1242200e-01  -8.2874400e-01   2.1113000e-02
   8.1246500e-01  -8.3263900e-01   2.8222000e-02
   8.1252300e-01  -8.2888500e-01  -7.0380000e-03
   8.1253500e-01  -8.2890200e-01   0.0000000e+00
   8.1255300e-01  -8.3276200e-01   2.1168000e-02
   8.1256800e-01  -8.4046900e-01   1.1379800e-01
   8.1263100e-01  -8.3287100e-01  -4.9422000e-02
   8.1268000e-01  -8.2910400e-01   6.3419000e-02
   8.1268400e-01  -8.3680200e-01  -7.0825000e-02
   8.1270800e-01  -8.3683500e-01  -8.5041000e-02
   8.1274700e-01  -8.3303400e-01  -1.3469700e-01
   8.1274900e-01  -8.4072500e-01  -9.9525000e-02
   8.1279400e-01  -8.3310000e-01  -4.2365000e-02
   8.1280800e-01  -8.3311900e-01  -6.3585000e-02
   8.1291600e-01  -8.2943400e-01  -2.8173000e-02
   8.1292100e-01  -8.3327700e-01  -1.5624800e-01
   8.1293300e-01  -8.3329400e-01  -3.5307000e-02
   8.1294200e-01  -8.4489500e-01  -1.2851900e-01
   8.1295900e-01  -8.4102100e-01   1.0670600e-01
   8.1299200e-01  -8.3723500e-01  -1.4944300e-01
   8.1299800e-01  -8.3724300e-01  -7.7965000e-02
   8.1302200e-01  -8.3341900e-01  -5.6526000e-02
   8.1302200e-01  -8.2958200e-01   7.0519000e-02
   8.1302800e-01  -8.3728500e-01  -1.1360200e-01
   8.1308900e-01  -8.4120600e-01  -9.2432000e-02
   8.1309600e-01  -8.2968500e-01   1.2730700e-01
   8.1316300e-01  -8.3747500e-01   2.8321000e-02
   8.1319700e-01  -8.3366400e-01   1.4125000e-02
   8.1321500e-01  -8.3369000e-01  -1.2763700e-01
   8.1323500e-01  -8.3371700e-01   7.0620000e-03
   8.1324700e-01  -8.3373500e-01   0.0000000e+00
   8.1325800e-01  -8.2609200e-01  -1.5557500e-01
   8.1328500e-01  -8.4148300e-01  -2.8394000e-02
   8.1333900e-01  -8.3002400e-01   7.7628000e-02
   8.1335100e-01  -8.3004000e-01  -1.4880100e-01
   8.1337300e-01  -8.4160800e-01  -2.1297000e-02
   8.1340400e-01  -8.4165100e-01  -8.5335000e-02
   8.1343600e-01  -8.4169600e-01  -1.4198000e-02
   8.1346500e-01  -8.3404000e-01  -1.4918600e-01
   8.1349000e-01  -8.3793600e-01  -4.2512000e-02
   8.1350200e-01  -8.3795200e-01  -6.3806000e-02
   8.1351100e-01  -8.3796500e-01  -1.4236400e-01
   8.1353800e-01  -8.3030200e-01   1.2026000e-01
   8.1354500e-01  -8.2649100e-01   1.2708600e-01
   8.1354800e-01  -8.3801800e-01  -9.2272000e-02
   8.1362800e-01  -8.3813100e-01  -3.5429000e-02
   8.1362900e-01  -8.3043000e-01  -8.4746000e-02
   8.1365000e-01  -8.3045800e-01   1.4100000e-02
   8.1365700e-01  -8.3431000e-01  -1.2057300e-01
   8.1366500e-01  -8.3047900e-01  -4.9379000e-02
   8.1369400e-01  -8.4206000e-01  -7.8235000e-02
   8.1369800e-01  -8.4596900e-01  -1.4309800e-01
   8.1370000e-01  -8.2290400e-01  -1.5530600e-01
   8.1378500e-01  -8.3835100e-01  -9.9439000e-02
   8.1380000e-01  -8.4611300e-01  -1.1428800e-01
   8.1382800e-01  -8.3070800e-01  -4.2328000e-02
   8.1389300e-01  -8.3850300e-01   1.4174000e-02
   8.1389400e-01  -8.3080000e-01  -9.1874000e-02
   8.1391900e-01  -8.3083500e-01  -7.7695000e-02
   8.1395800e-01  -8.4243500e-01  -7.1132000e-02
   8.1396700e-01  -8.3090100e-01  -3.5276000e-02
   8.1398400e-01  -8.3476800e-01  -1.4211900e-01
   8.1398700e-01  -8.2710600e-01   1.2005200e-01
   8.1400400e-01  -8.3866000e-01  -1.3527900e-01
   8.1407400e-01  -8.3489400e-01  -1.1350400e-01
   8.1416900e-01  -8.3118300e-01  -2.1168000e-02
   8.1418000e-01  -8.3890700e-01   1.1379800e-01
   8.1418400e-01  -8.3120500e-01  -7.0641000e-02
   8.1419200e-01  -8.4666900e-01  -1.0716600e-01
   8.1419200e-01  -8.4666800e-01  -1.3597600e-01
   8.1419800e-01  -8.4277300e-01  -6.4026000e-02
   8.1429400e-01  -8.3906800e-01  -5.6771000e-02
   8.1434700e-01  -8.3143200e-01   1.0615500e-01
   8.1442400e-01  -8.3154000e-01  -6.3585000e-02
   8.1448300e-01  -8.3933400e-01  -4.9680000e-02
   8.1457200e-01  -8.3945900e-01   1.0670600e-01
   8.1463900e-01  -8.3183900e-01  -5.6526000e-02
   8.1467700e-01  -8.2806500e-01  -1.4088000e-02
   8.1471400e-01  -8.3194400e-01   9.9096000e-02
   8.1471500e-01  -8.2811700e-01  -7.0440000e-03
   8.1479700e-01  -8.2823200e-01   1.0597100e-01
   8.1481700e-01  -8.2825900e-01  -1.3446400e-01
   8.1491500e-01  -8.3994200e-01  -1.2109300e-01
   8.1492400e-01  -8.2840900e-01   9.1794000e-02
   8.1502500e-01  -8.3237900e-01  -1.4199600e-01
   8.1504800e-01  -8.4012900e-01  -1.2829900e-01
   8.1505500e-01  -8.3242100e-01   9.2033000e-02
   8.1506900e-01  -8.2480000e-01   7.0396000e-02
   8.1513100e-01  -8.4800300e-01  -1.0012500e-01
   8.1514800e-01  -8.4027100e-01  -1.0679800e-01
   8.1514800e-01  -8.2491000e-01   1.2708600e-01
   8.1516400e-01  -8.2874300e-01   9.8924000e-02
   8.1519700e-01  -8.2878900e-01  -2.1149000e-02
   8.1521400e-01  -8.2881200e-01   7.0580000e-02
   8.1524000e-01  -8.2884800e-01   8.4746000e-02
   8.1527500e-01  -8.3272800e-01  -1.2057300e-01
   8.1528600e-01  -8.2891200e-01  -1.2741700e-01
   8.1529400e-01  -8.3275400e-01  -9.9182000e-02
   8.1530900e-01  -8.2513300e-01   6.3364000e-02
   8.1534200e-01  -8.3667200e-01   5.6722000e-02
   8.1537100e-01  -8.3286200e-01   8.4967000e-02
   8.1539600e-01  -8.3289700e-01  -1.4137000e-02
   8.1542800e-01  -8.2529700e-01   1.1291600e-01
   8.1543400e-01  -8.3295000e-01   7.0690000e-03
   8.1545400e-01  -8.2914600e-01   6.3530000e-02
   8.1547300e-01  -8.4848700e-01  -9.2989000e-02
   8.1550700e-01  -8.3305100e-01  -1.0633900e-01
   8.1552400e-01  -8.2543000e-01   5.6330000e-02
   8.1553100e-01  -8.3693800e-01   4.9637000e-02
   8.1553100e-01  -8.2925300e-01   7.7695000e-02
   8.1554600e-01  -8.2546100e-01  -2.8149000e-02
   8.1554600e-01  -8.2546100e-01   2.8149000e-02
   8.1559200e-01  -8.2552400e-01   1.2005200e-01
   8.1562200e-01  -8.3706500e-01  -1.0661400e-01
   8.1563500e-01  -8.2558300e-01  -2.1113000e-02
   8.1569600e-01  -8.3716800e-01   4.2549000e-02
   8.1578900e-01  -8.4893600e-01  -8.5850000e-02
   8.1579700e-01  -8.2962200e-01  -7.0641000e-02
   8.1582100e-01  -8.2584100e-01   1.0587900e-01
   8.1586900e-01  -8.4905000e-01  -7.1420000e-03
   8.1588200e-01  -8.4906800e-01   0.0000000e+00
   8.1597600e-01  -8.1098500e-01  -1.6147600e-01
   8.1598700e-01  -8.2607200e-01  -1.4867200e-01
   8.1598900e-01  -8.3758000e-01  -9.9525000e-02
   8.1598900e-01  -8.3372500e-01  -1.2785800e-01
   8.1602300e-01  -8.2993700e-01  -4.2365000e-02
   8.1603700e-01  -8.2995700e-01  -6.3585000e-02
   8.1607900e-01  -8.4934800e-01  -7.8707000e-02
   8.1609800e-01  -8.3387700e-01  -1.3504600e-01
   8.1616200e-01  -8.3013100e-01  -3.5307000e-02
   8.1618900e-01  -8.2635100e-01   9.8839000e-02
   8.1625200e-01  -8.3025600e-01  -5.6526000e-02
   8.1625200e-01  -8.3025600e-01   5.6526000e-02
   8.1627300e-01  -8.3412100e-01  -1.1360200e-01
   8.1627300e-01  -8.3412100e-01   1.1360200e-01
   8.1627600e-01  -8.3028900e-01  -2.8247000e-02
   8.1629900e-01  -8.2650300e-01   4.9336000e-02
   8.1631000e-01  -8.3033600e-01  -1.2046900e-01
   8.1632400e-01  -8.2274000e-01   6.3309000e-02
   8.1633100e-01  -8.3805900e-01  -9.2432000e-02
   8.1634500e-01  -8.4972500e-01  -7.1561000e-02
   8.1642800e-01  -8.3050000e-01   1.4125000e-02
   8.1644200e-01  -8.3052000e-01  -4.9465000e-02
   8.1644200e-01  -8.3052000e-01   4.9465000e-02
   8.1646300e-01  -8.2673100e-01   4.2291000e-02
   8.1646600e-01  -8.3055300e-01   7.0620000e-03
   8.1647900e-01  -8.3057100e-01   0.0000000e+00
   8.1650900e-01  -8.2679400e-01  -1.4162900e-01
   8.1653100e-01  -8.2682500e-01   9.1794000e-02
   8.1653900e-01  -8.2303700e-01   5.6281000e-02
   8.1660300e-01  -8.2692400e-01  -3.5245000e-02
   8.1660300e-01  -8.2692400e-01   3.5245000e-02
   8.1662600e-01  -8.3847300e-01  -7.1071000e-02
   8.1664800e-01  -8.3850300e-01  -8.5335000e-02
   8.1666900e-01  -8.2321600e-01   7.0396000e-02
   8.1672900e-01  -8.3091900e-01  -1.1340600e-01
   8.1673700e-01  -8.1576500e-01  -1.6203800e-01
   8.1680500e-01  -8.2720400e-01   2.1149000e-02
   8.1684800e-01  -8.2726400e-01   8.4746000e-02
   8.1686800e-01  -8.2729200e-01  -1.4100000e-02
   8.1693900e-01  -8.3891200e-01  -7.8235000e-02
   8.1694900e-01  -8.3122400e-01   2.1205000e-02
   8.1698700e-01  -8.3127700e-01  -8.4967000e-02
   8.1712300e-01  -8.3146600e-01  -1.0633900e-01
   8.1714000e-01  -8.2766800e-01   7.7695000e-02
   8.1717100e-01  -8.2012400e-01  -7.0190000e-03
   8.1718300e-01  -8.2014100e-01   0.0000000e+00
   8.1725200e-01  -8.3164600e-01  -9.2113000e-02
   8.1727900e-01  -8.3168300e-01  -7.7898000e-02
   8.1731600e-01  -8.2410800e-01   4.9293000e-02
   8.1737500e-01  -8.5118800e-01  -5.7311000e-02
   8.1745400e-01  -8.2810300e-01   1.4112000e-02
   8.1749100e-01  -8.3197800e-01  -9.9267000e-02
   8.1749200e-01  -8.2815500e-01  -7.0560000e-03
   8.1749200e-01  -8.2815500e-01   7.0560000e-03
   8.1750400e-01  -8.2817300e-01   0.0000000e+00
   8.1753100e-01  -8.0941700e-01  -1.6147600e-01
   8.1757400e-01  -8.2446400e-01   7.7561000e-02
   8.1761300e-01  -8.2451800e-01   1.1301400e-01
   8.1764700e-01  -8.2837100e-01  -6.3585000e-02
   8.1785600e-01  -8.3248500e-01  -1.4944300e-01
   8.1786300e-01  -8.2866900e-01  -5.6526000e-02
   8.1792100e-01  -8.2875000e-01  -1.2046900e-01
   8.1798300e-01  -8.5205100e-01  -2.8664000e-02
   8.1800700e-01  -8.2506200e-01   1.0597100e-01
   8.1805300e-01  -8.2893300e-01  -4.9465000e-02
   8.1806700e-01  -8.2514400e-01   4.2291000e-02
   8.1814100e-01  -8.5227400e-01  -5.0195000e-02
   8.1820700e-01  -8.2533700e-01   3.5245000e-02
   8.1821800e-01  -8.2916200e-01  -4.2402000e-02
   8.1830900e-01  -8.2168800e-01  -1.4063000e-02
   8.1832100e-01  -8.2549400e-01  -2.8198000e-02
   8.1832100e-01  -8.2549400e-01   2.8198000e-02
   8.1835700e-01  -8.3318300e-01   4.2512000e-02
   8.1836100e-01  -8.2554900e-01  -1.2026000e-01
   8.1837600e-01  -8.2557100e-01   9.8924000e-02
   8.1837800e-01  -8.3321200e-01  -1.4236400e-01
   8.1841000e-01  -8.2561700e-01   2.1149000e-02
   8.1844500e-01  -8.5270600e-01  -3.5859000e-02
   8.1847300e-01  -8.2570400e-01   1.4100000e-02
   8.1849700e-01  -8.3337700e-01   3.5429000e-02
   8.1849800e-01  -8.2573900e-01   1.2741700e-01
   8.1851100e-01  -8.2575700e-01   7.0500000e-03
   8.1852400e-01  -8.2577400e-01   0.0000000e+00
   8.1861100e-01  -8.3353600e-01   2.8345000e-02
   8.1864800e-01  -8.5299400e-01  -2.1517000e-02
   8.1871100e-01  -8.5308400e-01  -1.4345000e-02
   8.1871100e-01  -8.5308400e-01   1.4345000e-02
   8.1872000e-01  -8.2604500e-01   9.1874000e-02
   8.1874900e-01  -8.5313800e-01   7.1730000e-03
   8.1878600e-01  -8.2613600e-01  -1.5611400e-01
   8.1888400e-01  -8.2627100e-01  -5.6477000e-02
   8.1888500e-01  -8.5333100e-01  -6.4634000e-02
   8.1894500e-01  -8.2635500e-01   1.2036500e-01
   8.1903800e-01  -8.2648400e-01   8.4820000e-02
   8.1904300e-01  -8.2269600e-01  -1.3434800e-01
   8.1907500e-01  -8.2653400e-01  -4.9422000e-02
   8.1921900e-01  -8.2293800e-01  -3.5215000e-02
   8.1924000e-01  -8.2676200e-01  -4.2365000e-02
   8.1933000e-01  -8.3070200e-01  -1.3504600e-01
   8.1933600e-01  -8.2689400e-01  -1.4905800e-01
   8.1938000e-01  -8.2695500e-01  -3.5307000e-02
   8.1942300e-01  -8.2321800e-01   2.1131000e-02
   8.1944900e-01  -8.3086600e-01  -9.2193000e-02
   8.1948100e-01  -8.1576100e-01  -1.5517200e-01
   8.1948600e-01  -8.2330500e-01   1.4088000e-02
   8.1950600e-01  -8.3094500e-01  -1.1360200e-01
   8.1951500e-01  -8.2334500e-01  -1.2730700e-01
   8.1964700e-01  -8.2732400e-01  -1.4125000e-02
   8.1968500e-01  -8.2737600e-01  -7.0620000e-03
   8.1971000e-01  -8.5450200e-01   2.8738000e-02
   8.1976700e-01  -8.3130700e-01  -8.5114000e-02
   8.1979900e-01  -8.5462800e-01   2.1554000e-02
   8.1980300e-01  -8.3135600e-01  -1.2796800e-01
   8.1986000e-01  -8.2761700e-01  -1.4199600e-01
   8.1989000e-01  -8.2765900e-01  -9.2033000e-02
   8.1990100e-01  -8.3149300e-01  -1.0652200e-01
   8.1991600e-01  -8.2769500e-01  -7.7830000e-02
   8.1996200e-01  -8.2395900e-01  -1.2026000e-01
   8.2006000e-01  -8.3171200e-01  -7.8033000e-02
   8.2009000e-01  -8.2413500e-01  -4.9379000e-02
   8.2013100e-01  -8.2799100e-01  -9.9182000e-02
   8.2018400e-01  -8.2806400e-01  -7.0764000e-02
   8.2020900e-01  -8.2809800e-01  -8.4967000e-02
   8.2025600e-01  -8.2436200e-01  -4.2328000e-02
   8.2027100e-01  -8.3200500e-01  -9.9439000e-02
   8.2032800e-01  -8.3208300e-01  -7.0948000e-02
   8.2042600e-01  -8.2839800e-01  -6.3695000e-02
   8.2048700e-01  -8.2468000e-01  -5.6477000e-02
   8.2051100e-01  -8.2471200e-01  -2.8222000e-02
   8.2060000e-01  -8.2483500e-01  -2.1168000e-02
   8.2060700e-01  -8.5577600e-01  -4.3175000e-02
   8.2074700e-01  -8.5597400e-01   3.5982000e-02
   8.2075700e-01  -8.2885500e-01  -2.1223000e-02
   8.2081900e-01  -8.2135100e-01  -1.5584400e-01
   8.2094200e-01  -8.2910900e-01  -1.3504600e-01
   8.2111800e-01  -8.2935200e-01  -1.1360200e-01
   8.2137000e-01  -8.2210500e-01  -1.4880100e-01
   8.2141500e-01  -8.2976300e-01  -1.2796800e-01
   8.2151400e-01  -8.2989900e-01  -1.0652200e-01
   8.2155500e-01  -8.2614700e-01  -1.1340600e-01
   8.2163300e-01  -8.1498400e-01  -1.5530600e-01
   8.2175900e-01  -8.5741000e-01   4.3248000e-02
   8.2179200e-01  -8.1891000e-01  -1.4854400e-01
   8.2181500e-01  -8.2650400e-01  -8.4967000e-02
   8.2189600e-01  -8.2282500e-01  -1.4175200e-01
   8.2195200e-01  -8.2669200e-01  -1.0633900e-01
   8.2203300e-01  -8.2680400e-01  -6.3695000e-02
   8.2208200e-01  -8.2687100e-01  -9.2113000e-02
   8.2210900e-01  -8.2690800e-01  -7.7898000e-02
   8.2213800e-01  -8.2694800e-01  -1.5651700e-01
   8.2218600e-01  -8.1573400e-01  -1.4828700e-01
   8.2231800e-01  -8.1962700e-01  -1.4150700e-01
   8.2232300e-01  -8.2720200e-01  -9.9267000e-02
   8.2237800e-01  -8.2727700e-01  -7.0825000e-02
   8.2269100e-01  -8.2770700e-01  -1.4944300e-01
   8.2321800e-01  -8.2843100e-01  -1.4236400e-01
   8.2330100e-01  -8.1724800e-01  -1.4138400e-01
   8.2331900e-01  -8.5962500e-01   5.0581000e-02
   8.2349800e-01  -8.6385900e-01  -1.5291300e-01
   8.2383000e-01  -8.1417800e-01  -1.6260100e-01
   8.2400800e-01  -8.0702200e-01  -1.6189800e-01
   8.2427800e-01  -8.6098600e-01   5.7900000e-02
   8.2475600e-01  -8.0065100e-01  -1.6133500e-01
   8.2480100e-01  -8.1180000e-01  -1.6246000e-01
   8.2498000e-01  -8.0462800e-01  -1.6175700e-01
   8.2500000e-01  -8.1575900e-01  -1.5571000e-01
   8.2538300e-01  -8.1258300e-01  -1.5544100e-01
   8.2549500e-01  -8.1642800e-01  -1.4150700e-01
   8.2555500e-01  -8.1650900e-01  -1.4867200e-01
   8.2593900e-01  -8.1333100e-01  -1.4841500e-01
   8.2695900e-01  -8.1097800e-01  -1.5544100e-01
   8.2750200e-01  -8.0062800e-01  -1.6161600e-01
   8.2760700e-01  -7.9347000e-01  -1.6091300e-01
   8.2765300e-01  -8.1563800e-01  -1.4162900e-01
   8.2798200e-01  -8.0126500e-01   1.4040500e-01
   8.2808700e-01  -8.0140300e-01  -1.5463300e-01
   8.2810900e-01  -8.1252100e-01  -1.4854400e-01
   8.2831500e-01  -8.0538500e-01  -1.5503700e-01
   8.2854500e-01  -7.9107500e-01  -1.6077200e-01
   8.2864100e-01  -8.1323400e-01  -1.4150700e-01
   8.2905500e-01  -7.9902000e-01  -1.6161600e-01
   8.2984000e-01  -8.0372600e-01  -1.4790100e-01
   8.2999200e-01  -7.9660400e-01  -1.5436400e-01
   8.3013600e-01  -8.0044600e-01   1.4052700e-01
   8.3031400e-01  -8.1175100e-01  -1.5584400e-01
   8.3033400e-01  -7.9341600e-01  -1.5409500e-01
   8.3037400e-01  -8.0443300e-01  -1.4089500e-01
   8.3066200e-01  -8.0850600e-01  -1.4841500e-01
   8.3083800e-01  -8.0137300e-01  -1.5490200e-01
   8.3087400e-01  -8.1249900e-01  -1.4880100e-01
   8.3089500e-01  -7.9415000e-01  -1.4713000e-01
   8.3115300e-01  -7.9813000e-01  -1.4751600e-01
   8.3119700e-01  -8.0921700e-01  -1.4138400e-01
   8.3139900e-01  -8.0211300e-01  -1.4790100e-01
   8.3140900e-01  -8.1321200e-01  -1.4175200e-01
   8.3153600e-01  -8.7128900e-01   6.5848000e-02
   8.3174700e-01  -7.9167800e-01   1.3991500e-01
   8.3187000e-01  -7.9183900e-01  -1.6119400e-01
   8.3193500e-01  -8.0281900e-01  -1.4089500e-01
   8.3244000e-01  -8.7257200e-01   7.3278000e-02
   8.3289100e-01  -8.0041200e-01  -1.4077200e-01
   8.3349200e-01  -8.0120200e-01   1.4089500e-01
   8.3366500e-01  -7.9417900e-01  -1.5449900e-01
   8.3433300e-01  -7.8781900e-01  -1.6105400e-01
   8.3512700e-01  -7.8525200e-01   1.3967100e-01
   8.3521800e-01  -7.9257500e-01  -1.6161600e-01
   8.3542200e-01  -7.8922700e-01   1.4003800e-01
   8.3549000e-01  -7.8931500e-01   1.4713000e-01
   8.3550000e-01  -7.8215400e-01   1.4648800e-01
   8.3570500e-01  -7.9320700e-01   1.4040500e-01
   8.3585600e-01  -7.7904800e-01  -1.6035000e-01
   8.3603900e-01  -7.8284600e-01   1.3954800e-01
   8.3604000e-01  -7.9727500e-01  -1.4790100e-01
   8.3613700e-01  -7.9015200e-01  -1.5436400e-01
   8.3658000e-01  -7.9797800e-01  -1.4089500e-01
   8.3670300e-01  -7.9088400e-01  -1.4738700e-01
   8.3685400e-01  -8.0194800e-01  -1.4126200e-01
   8.3691600e-01  -7.9477900e-01  -1.4065000e-01
   8.3707500e-01  -7.8776200e-01  -1.6133500e-01
   8.3723300e-01  -7.7725300e-01   1.3918100e-01
   8.3724300e-01  -7.9158300e-01  -1.4040500e-01
   8.3762500e-01  -7.9569900e-01  -1.5503700e-01
   8.3817000e-01  -7.8200300e-01   1.3967100e-01
   8.3819200e-01  -7.9643500e-01  -1.4803000e-01
   8.3826200e-01  -7.7501900e-01  -1.6021000e-01
   8.3860300e-01  -7.8613500e-01  -1.6133500e-01
   8.3885800e-01  -7.7577400e-01  -1.5328700e-01
   8.3909100e-01  -7.8676000e-01  -1.4016000e-01
   8.3914400e-01  -7.7968400e-01   1.4661600e-01
   8.3919900e-01  -7.8689900e-01  -1.5436400e-01
   8.3945400e-01  -7.9082500e-01   1.4764400e-01
   8.3976800e-01  -7.8762900e-01  -1.4738700e-01
   8.3981500e-01  -7.8053700e-01  -1.6091300e-01
   8.4011500e-01  -7.8448800e-01  -1.5422900e-01
   8.4041200e-01  -7.8129700e-01  -1.5396000e-01
   8.4068500e-01  -7.8521600e-01  -1.4725900e-01
   8.4098200e-01  -7.8202300e-01  -1.4700200e-01
   8.4120000e-01  -7.7874200e-01   1.3967100e-01
   8.4127000e-01  -7.7883100e-01  -1.4674500e-01
   8.4138700e-01  -7.6840000e-01   1.3881400e-01
   8.4147800e-01  -7.7555200e-01   1.3942600e-01
   8.4152700e-01  -7.6857600e-01  -1.5992800e-01
   8.4174700e-01  -7.7236300e-01   1.3918100e-01
   8.4184000e-01  -7.8669200e-01  -1.4040500e-01
   8.4192400e-01  -7.9400500e-01  -1.5530600e-01
   8.4249500e-01  -7.9474100e-01  -1.4828700e-01
   8.4249800e-01  -7.7330800e-01  -1.6049100e-01
   8.4251800e-01  -7.8755900e-01   1.4764400e-01
   8.4304000e-01  -7.9544300e-01  -1.4126200e-01
   8.4304400e-01  -7.8108000e-01  -1.4003800e-01
   8.4309800e-01  -7.7406200e-01  -1.5355700e-01
   8.4336600e-01  -7.8505600e-01  -1.4040500e-01
   8.4339700e-01  -7.7797400e-01   1.4687300e-01
   8.4372800e-01  -7.8194500e-01   1.4725900e-01
   8.4433500e-01  -7.5819100e-01  -1.5922500e-01
   8.4472300e-01  -7.6910700e-01   1.3918100e-01
   8.4479600e-01  -7.6919700e-01   1.4623100e-01
   8.4497000e-01  -7.6591900e-01   1.3893600e-01
   8.4503600e-01  -7.3526200e-01  -1.6404500e-01
   8.4529900e-01  -7.8037400e-01  -1.6147600e-01
   8.4547800e-01  -7.7004800e-01  -1.6049100e-01
   8.4583600e-01  -7.7397200e-01  -1.5382600e-01
   8.4590100e-01  -7.8113400e-01  -1.5449900e-01
   8.4607100e-01  -7.7780000e-01  -1.4003800e-01
   8.4628800e-01  -7.6755600e-01   1.4623100e-01
   8.4647600e-01  -7.8186000e-01  -1.4751600e-01
   8.4675800e-01  -7.7866300e-01  -1.4725900e-01
   8.4696100e-01  -7.7538000e-01  -1.3991500e-01
   8.4697200e-01  -7.6840500e-01  -1.6049100e-01
   8.4702500e-01  -7.8255300e-01  -1.4052700e-01
   8.4705600e-01  -7.5808500e-01  -1.5950600e-01
   8.4709800e-01  -7.3437900e-01  -1.6419100e-01
   8.4712400e-01  -7.5472300e-01   1.3820200e-01
   8.4715300e-01  -7.6514000e-01   1.4610200e-01
   8.4720600e-01  -7.7220400e-01  -1.3967100e-01
   8.4721800e-01  -7.6521900e-01  -1.6021000e-01
   8.4737500e-01  -7.7943900e-01   1.4738700e-01
   8.4753700e-01  -7.5867500e-01   1.3856900e-01
   8.4757600e-01  -7.6915600e-01  -1.5355700e-01
   8.4761300e-01  -7.5876800e-01   1.4558800e-01
   8.4764900e-01  -7.7624200e-01  -1.4713000e-01
   8.4764900e-01  -7.7624200e-01   1.4713000e-01
   8.4770300e-01  -7.6582000e-01   1.3918100e-01
   8.4782200e-01  -7.6596700e-01  -1.5328700e-01
   8.4793800e-01  -7.6263100e-01   1.3893600e-01
   8.4820400e-01  -7.3906100e-01  -1.5781900e-01
   8.4856000e-01  -7.7389300e-01  -1.5409500e-01
   8.4868300e-01  -7.6355000e-01  -1.5315300e-01
   8.4895100e-01  -7.6736400e-01  -1.3942600e-01
   8.4913800e-01  -7.7461400e-01  -1.4713000e-01
   8.4936600e-01  -7.5402500e-01  -1.5936600e-01
   8.4939700e-01  -7.7141800e-01  -1.4687300e-01
   8.4941700e-01  -7.6098400e-01  -1.3893600e-01
   8.4984700e-01  -7.5461100e-01   1.3844600e-01
   8.4988700e-01  -7.6503400e-01   1.4635900e-01
   8.5027000e-01  -7.6899600e-01  -1.4674500e-01
   8.5043100e-01  -7.3500400e-01  -1.6463200e-01
   8.5057100e-01  -7.7287700e-01  -1.4003800e-01
   8.5103400e-01  -7.5950500e-01  -1.6006900e-01
   8.5113600e-01  -7.6657400e-01  -1.4661600e-01
   8.5164000e-01  -7.4997700e-01  -1.5922500e-01
   8.5169000e-01  -7.6725600e-01  -1.3967100e-01
   8.5181200e-01  -7.5700400e-01   1.4584500e-01
   8.5208800e-01  -7.5390200e-01  -1.5964700e-01
   8.5224900e-01  -7.5071300e-01  -1.5234500e-01
   8.5249500e-01  -7.3410700e-01  -1.6477800e-01
   8.5283900e-01  -7.2469000e-01  -1.6389800e-01
   8.5325400e-01  -7.4511500e-01  -1.5194200e-01
   8.5329300e-01  -7.6574200e-01  -1.5382600e-01
   8.5374500e-01  -7.5935900e-01  -1.5328700e-01
   8.5383600e-01  -7.5602300e-01   1.3893600e-01
   8.5387600e-01  -7.6645800e-01  -1.4687300e-01
   8.5395800e-01  -7.5617100e-01  -1.5301800e-01
   8.5405700e-01  -7.2928400e-01  -1.6448500e-01
   8.5432900e-01  -7.6007000e-01  -1.4635900e-01
   8.5454100e-01  -7.5687900e-01  -1.4610200e-01
   8.5455800e-01  -7.3320500e-01  -1.6492500e-01
   8.5472800e-01  -7.5370900e-01  -1.4584500e-01
   8.5473500e-01  -7.6403000e-01   1.4674500e-01
   8.5603300e-01  -7.6561800e-01  -1.5409500e-01
   8.5661800e-01  -7.6633400e-01  -1.4713000e-01
   8.5663000e-01  -7.4576200e-01  -1.5936600e-01
   8.5752300e-01  -7.5365200e-01  -1.6021000e-01
   8.5764900e-01  -7.5038400e-01  -1.4584500e-01
   8.5807600e-01  -7.4409700e-01  -1.5936600e-01
   8.5813800e-01  -7.5439200e-01  -1.5328700e-01
   8.5833900e-01  -7.2120700e-01  -1.6419100e-01
   8.5869200e-01  -7.4483000e-01  -1.5248000e-01
   8.5872500e-01  -7.5509900e-01  -1.4635900e-01
   8.5925500e-01  -7.1249000e-01  -1.6345800e-01
   8.5951900e-01  -7.4243000e-01  -1.5936600e-01
   8.5983000e-01  -7.3607000e-01  -1.5880300e-01
   8.6003900e-01  -7.2979200e-01  -1.6521900e-01
   8.6013600e-01  -7.4316100e-01  -1.5248000e-01
   8.6072600e-01  -7.4386000e-01  -1.4558800e-01
   8.6145400e-01  -7.2812100e-01  -1.6521900e-01
   8.6169700e-01  -7.5181400e-01  -1.5342200e-01
   8.6173200e-01  -7.3830600e-01  -1.5221100e-01
   8.6194200e-01  -7.1230700e-01  -1.6375100e-01
   8.6228800e-01  -7.5251900e-01  -1.4648800e-01
   8.6247100e-01  -7.4932500e-01  -1.4623100e-01
   8.6326200e-01  -7.3355200e-01  -1.5894400e-01
   8.6410600e-01  -7.0505500e-01  -1.6331100e-01
   8.6415900e-01  -7.4453600e-01  -1.6006900e-01
   8.6478100e-01  -7.4527000e-01  -1.5315300e-01
   8.6489300e-01  -7.4202300e-01  -1.4584500e-01
   8.6492300e-01  -7.2551700e-01  -1.6536500e-01
   8.6505100e-01  -7.3899200e-01  -1.5964700e-01
   8.6567300e-01  -7.3972100e-01  -1.5274900e-01
   8.6601200e-01  -7.1043700e-01  -1.6404500e-01
   8.6610400e-01  -7.3019500e-01  -1.5894400e-01
   8.6646300e-01  -7.3728600e-01  -1.5261500e-01
   8.6662200e-01  -7.3412600e-01  -1.5936600e-01
   8.6672800e-01  -7.3091700e-01  -1.5207600e-01
   8.6705900e-01  -7.3798100e-01  -1.4571700e-01
   8.6724600e-01  -7.3485100e-01  -1.5248000e-01
   8.6729800e-01  -7.4824000e-01  -1.4661600e-01
   8.6732400e-01  -7.3160700e-01  -1.4520300e-01
   8.6820000e-01  -7.4268000e-01  -1.4623100e-01
   8.6912100e-01  -7.2048800e-01  -1.5838100e-01
   8.6913700e-01  -7.3704800e-01  -1.4584500e-01
   8.6942300e-01  -7.0780700e-01  -1.6419100e-01
   8.6994500e-01  -7.1488300e-01  -1.5795900e-01
   8.7013600e-01  -7.0538000e-01  -1.6404500e-01
   8.7051600e-01  -7.1879700e-01  -1.6536500e-01
   8.7087800e-01  -7.2905800e-01  -1.6639200e-01
   8.7091000e-01  -6.9663300e-01  -1.6331100e-01
   8.7117300e-01  -7.1954200e-01  -1.5852200e-01
   8.7153400e-01  -7.2981200e-01  -1.5950600e-01
   8.7163000e-01  -7.2664700e-01  -1.5922500e-01
   8.7180200e-01  -7.2025600e-01  -1.5167200e-01
   8.7188600e-01  -7.1707800e-01  -1.5140300e-01
   8.7206200e-01  -7.3374700e-01  -1.5992800e-01
   8.7226000e-01  -7.2736700e-01  -1.5234500e-01
   8.7240400e-01  -7.2093900e-01  -1.4481700e-01
   8.7269100e-01  -7.3447200e-01  -1.5301800e-01
   8.7276400e-01  -7.3122500e-01  -1.4571700e-01
   8.7282600e-01  -7.0516100e-01  -1.6433800e-01
   8.7286100e-01  -7.2805400e-01  -1.4546000e-01
   8.7286800e-01  -7.0199600e-01  -1.6404500e-01
   8.7329200e-01  -7.3516500e-01  -1.4610200e-01
   8.7367000e-01  -7.2567200e-01  -1.5234500e-01
   8.7396100e-01  -7.1615400e-01  -1.5852200e-01
   8.7409400e-01  -7.0980300e-01  -1.5795900e-01
   8.7445900e-01  -7.1998600e-01  -1.4494600e-01
   8.7459300e-01  -7.1686500e-01  -1.5167200e-01
   8.7476600e-01  -7.3352400e-01  -1.5315300e-01
   8.7492700e-01  -6.9472600e-01  -1.6360400e-01
   8.7551800e-01  -7.0493300e-01  -1.5767800e-01
   8.7585500e-01  -7.1828700e-01  -1.4494600e-01
   8.7600900e-01  -7.1519500e-01  -1.5866200e-01
   8.7670900e-01  -7.1272500e-01  -1.5153800e-01
   8.7730200e-01  -7.1664500e-01  -1.5194200e-01
   8.7731500e-01  -7.1340200e-01  -1.4468900e-01
   8.7754400e-01  -7.3008500e-01  -1.4610200e-01
   8.7756900e-01  -7.0081600e-01  -1.6448500e-01
   8.7790800e-01  -7.1732500e-01  -1.4507400e-01
   8.7823400e-01  -7.0154700e-01  -1.5767800e-01
   8.7827900e-01  -6.8573400e-01  -1.6316400e-01
   8.7880700e-01  -7.0857900e-01  -1.5140300e-01
   8.7887900e-01  -7.0543400e-01  -1.5810000e-01
   8.7941500e-01  -7.0925400e-01  -1.4456000e-01
   8.7944100e-01  -7.1252400e-01  -1.5880300e-01
   8.7961500e-01  -6.9667300e-01  -1.6433800e-01
   8.7962700e-01  -6.9350800e-01  -1.6404500e-01
   8.8030100e-01  -6.9107200e-01  -1.6389800e-01
   8.8095100e-01  -6.9813100e-01  -1.5767800e-01
   8.8096500e-01  -6.9496200e-01  -1.5739700e-01
   8.8151100e-01  -7.0834100e-01  -1.5167200e-01
   8.8153600e-01  -7.0518100e-01  -1.5140300e-01
   8.8159100e-01  -6.9882900e-01  -1.5086500e-01
   8.8159600e-01  -7.0203500e-01  -1.5810000e-01
   8.8206500e-01  -7.1544400e-01  -1.5234500e-01
   8.8212200e-01  -7.0901500e-01  -1.4481700e-01
   8.8214700e-01  -7.0585300e-01  -1.4456000e-01
   8.8220200e-01  -6.9949700e-01  -1.4404600e-01
   8.8267500e-01  -7.1612400e-01  -1.4546000e-01
   8.8290400e-01  -7.0346800e-01  -1.5140300e-01
   8.8294600e-01  -6.9711600e-01  -1.5086500e-01
   8.8351600e-01  -7.0413800e-01  -1.4456000e-01
   8.8365600e-01  -6.9470500e-01  -1.5767800e-01
   8.8500000e-01  -6.8982100e-01  -1.6433800e-01
   8.8500300e-01  -6.9298800e-01  -1.5767800e-01
   8.8557500e-01  -6.7789400e-01  -1.6331100e-01
   8.8564200e-01  -6.9685700e-01  -1.5113400e-01
   8.8564600e-01  -6.9368200e-01  -1.5086500e-01
   8.8567200e-01  -6.9054300e-01  -1.5753700e-01
   8.8626200e-01  -6.9434600e-01  -1.4404600e-01
   8.8691500e-01  -7.0143200e-01  -1.4468900e-01
   8.8699200e-01  -6.9196100e-01  -1.5086500e-01
   8.8699500e-01  -6.8565700e-01  -1.6419100e-01
   8.8768800e-01  -6.8954700e-01  -1.6463200e-01
   8.8827500e-01  -6.9970900e-01  -1.4468900e-01
   8.8834700e-01  -6.8709900e-01  -1.5753700e-01
   8.8836300e-01  -6.9027000e-01  -1.5781900e-01
   8.8891700e-01  -6.7834500e-01  -1.6375100e-01
   8.8899400e-01  -6.8778900e-01  -1.5073000e-01
   8.8901000e-01  -6.9096200e-01  -1.5100000e-01
   8.8961300e-01  -6.8844800e-01  -1.4391800e-01
   8.8962800e-01  -6.9162400e-01  -1.4417500e-01
   8.8966600e-01  -6.8539300e-01  -1.6448500e-01
   8.9017700e-01  -6.7345800e-01  -1.6345800e-01
   8.9085600e-01  -6.7416800e-01  -1.5669300e-01
   8.9098600e-01  -6.9625400e-01  -1.4468900e-01
   8.9100900e-01  -6.8364400e-01  -1.5753700e-01
   8.9102200e-01  -6.8683400e-01  -1.5781900e-01
   8.9167200e-01  -6.8752400e-01  -1.5100000e-01
   8.9229200e-01  -6.8818300e-01  -1.4417500e-01
   8.9300100e-01  -6.8265000e-01  -1.5767800e-01
   8.9370000e-01  -6.8649200e-01  -1.5113400e-01
   8.9397000e-01  -6.7742500e-01  -1.2969500e-01
   8.9424500e-01  -6.7771300e-01  -1.5046100e-01
   8.9491800e-01  -6.8153800e-01  -1.4391800e-01
   8.9500400e-01  -6.8787100e-01  -1.4443200e-01
   8.9546400e-01  -6.7898700e-01  -1.3685500e-01
   8.9551300e-01  -6.8216200e-01  -1.3710000e-01
   8.9569900e-01  -6.8549400e-01  -1.5126900e-01
   8.9632300e-01  -6.8615200e-01  -1.4443200e-01
   8.9696300e-01  -6.7743700e-01  -1.5767800e-01
   8.9705400e-01  -6.8378100e-01  -1.6521900e-01
   8.9773900e-01  -6.8450000e-01  -1.5838100e-01
   8.9839500e-01  -6.8518800e-01  -1.5153800e-01
   9.0035200e-01  -6.8409900e-01  -1.4468900e-01
   9.0102400e-01  -6.7854600e-01  -1.5824100e-01
   9.0267200e-01  -5.4925000e-01  -1.4797200e-01
   9.0274000e-01  -5.3600700e-01  -1.5348000e-01
   9.0379400e-01  -6.8455400e-01  -1.5207600e-01
   9.0404800e-01  -5.3187800e-01  -1.5333300e-01
   9.0511200e-01  -6.8592700e-01  -1.4533100e-01
   9.0571500e-01  -6.8655500e-01  -1.3844600e-01
   9.0628800e-01  -6.8715300e-01  -1.3155600e-01
   9.0695700e-01  -5.4226300e-01  -1.5450700e-01
   9.0853500e-01  -6.8320000e-01  -1.5950600e-01
   9.1085800e-01  -6.7189600e-01  -1.5880300e-01
   9.1130600e-01  -5.4067800e-01  -1.5494700e-01
   9.1130900e-01  -6.8922000e-01  -1.5328700e-01
   9.1469900e-01  -6.9273800e-01  -1.4687300e-01
   9.1531000e-01  -6.9337200e-01  -1.3991500e-01
   9.1606800e-01  -6.8782700e-01  -1.6077200e-01
   9.1633500e-01  -6.7435200e-01  -1.5964700e-01
   9.1658000e-01  -6.9469000e-01  -1.3306900e-01
   9.1856100e-01  -6.8285500e-01  -1.6063200e-01
   9.2015100e-01  -6.8890200e-01  -1.6133500e-01
   9.2022400e-01  -6.9528300e-01  -1.5476800e-01
   9.2157200e-01  -6.9349500e-01  -1.5476800e-01
   9.2195100e-01  -5.5510200e-01  -1.5078600e-01
   9.2247500e-01  -5.4478500e-01  -1.5670800e-01
   9.2431700e-01  -6.9951400e-01  -1.4841500e-01
   9.2493500e-01  -7.0015300e-01  -1.4138400e-01
   9.2690400e-01  -7.0218900e-01  -1.3458100e-01
   9.2705200e-01  -6.9598200e-01  -1.5557500e-01
   9.2905400e-01  -5.5845000e-01  -1.5191100e-01
   9.3033400e-01  -6.9486600e-01  -1.5584400e-01
   9.3087800e-01  -5.5730700e-01  -1.5205200e-01
   9.3303600e-01  -5.5368700e-01  -1.5205200e-01
   9.3534600e-01  -7.0767800e-01  -1.5021400e-01
   9.3585100e-01  -6.9729600e-01  -1.5665200e-01
   9.3706500e-01  -7.0173400e-01   1.0679800e-01
   9.3713500e-01  -7.0952100e-01  -1.2885000e-01
   9.3750900e-01  -7.0218600e-01   9.9696000e-02
   9.3792200e-01  -7.0260800e-01   9.2591000e-02
   9.3798500e-01  -7.0267200e-01   1.1409200e-01
   9.3804700e-01  -7.1046000e-01  -1.4346500e-01
   9.3864500e-01  -7.1107600e-01  -1.3632500e-01
   9.3947200e-01  -7.0872200e-01  -1.5072800e-01
   9.4010200e-01  -7.0936900e-01  -1.4358800e-01
   9.4208800e-01  -7.1140600e-01  -1.3667400e-01
   9.4265800e-01  -7.1199100e-01  -1.2951100e-01
   9.4329500e-01  -5.6509200e-01  -1.5416100e-01
   9.4353500e-01  -7.0510500e-01   1.1468000e-01
   9.4486400e-01  -7.0323300e-01  -1.5813200e-01
   9.4528500e-01  -7.1012000e-01   8.6218000e-02
   9.4548500e-01  -5.6142600e-01  -1.6777100e-01
   9.4564000e-01  -7.1048200e-01   7.9044000e-02
   9.4666300e-01  -7.1152600e-01   7.1929000e-02
   9.4777700e-01  -4.7900500e-01  -1.2848000e-02
   9.4890200e-01  -7.1056000e-01   1.0817700e-01
   9.4964400e-01  -6.9841800e-01  -1.5826700e-01
   9.5005100e-01  -7.1172700e-01   1.0106900e-01
   9.5036400e-01  -5.6275900e-01  -1.6853500e-01
   9.5045100e-01  -7.1539000e-01  -6.5020000e-02
   9.5112000e-01  -7.1607300e-01  -1.5252700e-01
   9.5186900e-01  -7.1357500e-01   9.4025000e-02
   9.5245400e-01  -7.1743400e-01  -1.4542400e-01
   9.5278000e-01  -7.1124700e-01   1.2307200e-01
   9.5295100e-01  -7.1794100e-01  -7.2481000e-02
   9.5295800e-01  -7.1468100e-01   8.6880000e-02
   9.5329500e-01  -7.1176800e-01   1.1585600e-01
   9.5375800e-01  -7.1876500e-01  -1.3830300e-01
   9.5401600e-01  -7.1575600e-01   7.9719000e-02
   9.5433700e-01  -7.1935500e-01  -1.3105400e-01
   9.5447900e-01  -7.1296700e-01   1.0872800e-01
   9.5449200e-01  -5.6344300e-01  -1.6914600e-01
   9.5485900e-01  -7.1010100e-01   1.2317600e-01
   9.5493200e-01  -7.1342500e-01   1.0149800e-01
   9.5504400e-01  -7.1353900e-01   8.6953000e-02
   9.5529000e-01  -7.1705200e-01  -1.5304100e-01
   9.5535400e-01  -7.1385300e-01   9.4264000e-02
   9.5537600e-01  -7.1062200e-01   1.1595400e-01
   9.5558000e-01  -7.2062300e-01  -1.2390500e-01
   9.5575700e-01  -7.2080300e-01  -8.7321000e-02
   9.5609700e-01  -7.2115000e-01  -1.1664000e-01
   9.5633900e-01  -7.2139700e-01  -1.0201300e-01
   9.5658200e-01  -7.2164600e-01  -1.0937200e-01
   9.5676100e-01  -7.2182900e-01  -9.4742000e-02
   9.5681400e-01  -7.2188300e-01  -8.0123000e-02
   9.5699500e-01  -5.5724500e-01  -1.6899400e-01
   9.5710500e-01  -5.6285100e-01  -1.6945200e-01
   9.5731100e-01  -5.5476000e-01  -1.6884100e-01
   9.5744100e-01  -7.1923700e-01  -6.5462000e-02
   9.5760600e-01  -7.1613300e-01   3.6288000e-02
   9.5770700e-01  -7.1950800e-01  -5.8194000e-02
   9.5797800e-01  -5.7471200e-01  -1.4978800e-01
   9.5801700e-01  -7.0356800e-01  -1.5961300e-01
   9.5807400e-01  -7.1009200e-01  -1.6015100e-01
   9.5837300e-01  -5.7785200e-01  -1.5005700e-01
   9.5840900e-01  -5.7227800e-01   4.7361000e-02
   9.5878600e-01  -7.1406100e-01  -1.6055500e-01
   9.5878800e-01  -5.4236500e-01  -1.6807700e-01
   9.5923900e-01  -7.1778500e-01   7.2788000e-02
   9.5943000e-01  -5.7313500e-01   6.0991000e-02
   9.5946800e-01  -5.7037400e-01  -1.3523000e-02
   9.5953700e-01  -7.1808700e-01   6.5517000e-02
   9.5961100e-01  -7.1816100e-01   8.0123000e-02
   9.5970100e-01  -5.7336200e-01   5.4220000e-02
   9.5972000e-01  -5.6225000e-01  -1.6975800e-01
   9.5980400e-01  -7.1835700e-01   5.8243000e-02
   9.5980800e-01  -7.2164300e-01   5.8341000e-02
   9.5985500e-01  -7.1840900e-01   2.9106000e-02
   9.5996500e-01  -7.1852000e-01   2.1830000e-02
   9.6004400e-01  -7.2188300e-01   5.1054000e-02
   9.6010600e-01  -7.1866300e-01   0.0000000e+00
   9.6024300e-01  -7.1880200e-01   4.3690000e-02
   9.6080900e-01  -5.4670800e-01  -1.6868800e-01
   9.6092300e-01  -5.7159000e-01  -2.0321000e-02
   9.6105000e-01  -5.7169700e-01  -6.7740000e-03
   9.6105100e-01  -5.7169800e-01   4.7447000e-02
   9.6140900e-01  -5.7479600e-01  -1.6404500e-01
   9.6150200e-01  -7.2336500e-01  -1.4677000e-01
   9.6210800e-01  -5.7538300e-01  -2.0376000e-02
   9.6214600e-01  -7.2072800e-01   5.1097000e-02
   9.6215400e-01  -5.4235500e-01  -1.6853500e-01
   9.6216600e-01  -5.8669200e-01  -1.5113400e-01
   9.6218800e-01  -5.7545000e-01  -1.3585000e-02
   9.6234400e-01  -5.7277900e-01   5.4318000e-02
   9.6237100e-01  -7.1440800e-01   1.1673800e-01
   9.6255200e-01  -7.1459000e-01   1.2411300e-01
   9.6268700e-01  -5.7027000e-01  -2.7118000e-02
   9.6269800e-01  -5.2934900e-01  -1.6761900e-01
   9.6276200e-01  -5.7593200e-01  -2.7192000e-02
   9.6279200e-01  -5.7315300e-01   4.0746000e-02
   9.6279400e-01  -5.6479100e-01  -1.6345800e-01
   9.6283900e-01  -5.7319200e-01   6.1156000e-02
   9.6285400e-01  -7.2144500e-01  -1.4603000e-02
   9.6286100e-01  -7.1490000e-01   1.0946400e-01
   9.6290100e-01  -7.2149300e-01  -7.3020000e-03
   9.6296800e-01  -5.7330000e-01   3.3957000e-02
   9.6297600e-01  -4.9023600e-01  -1.9622000e-02
   9.6300200e-01  -5.7613300e-01  -6.7990000e-03
   9.6301800e-01  -5.7614700e-01   0.0000000e+00
   9.6311200e-01  -5.7342100e-01   2.7167000e-02
   9.6331900e-01  -7.1536000e-01   1.0218500e-01
   9.6332800e-01  -7.2522000e-01  -1.0269900e-01
   9.6335100e-01  -5.7362100e-01   6.7920000e-03
   9.6336700e-01  -5.7363400e-01   0.0000000e+00
   9.6338400e-01  -5.7645400e-01  -3.4018000e-02
   9.6345500e-01  -5.7090900e-01   5.4318000e-02
   9.6354300e-01  -4.8808300e-01  -1.5802900e-01
   9.6355100e-01  -5.6541700e-01  -1.5669300e-01
   9.6356900e-01  -7.2546500e-01  -1.1010700e-01
   9.6363400e-01  -5.7105800e-01  -1.6404500e-01
   9.6363900e-01  -5.7666900e-01   2.0413000e-02
   9.6364800e-01  -5.6828000e-01   3.3896000e-02
   9.6375400e-01  -7.2565400e-01  -9.5380000e-02
   9.6376700e-01  -5.7677700e-01   6.8050000e-03
   9.6390300e-01  -5.7128300e-01   4.0746000e-02
   9.6392800e-01  -7.2253300e-01  -3.6564000e-02
   9.6397300e-01  -5.7694900e-01   4.0856000e-02
   9.6398400e-01  -5.6855900e-01   1.3560000e-02
   9.6407000e-01  -7.2267600e-01  -2.9253000e-02
   9.6418100e-01  -7.2278800e-01  -2.1941000e-02
   9.6427500e-01  -7.1959700e-01   1.0983100e-01
   9.6428900e-01  -5.6881100e-01   6.1101000e-02
   9.6430400e-01  -7.2621200e-01  -7.3260000e-03
   9.6432600e-01  -4.9123300e-01   3.2761000e-02
   9.6439100e-01  -5.7168900e-01  -1.5725600e-01
   9.6441500e-01  -5.7170900e-01   1.3585000e-02
   9.6446300e-01  -5.7174900e-01  -6.7920000e-03
   9.6447900e-01  -5.7176300e-01   0.0000000e+00
   9.6456100e-01  -5.6903800e-01   5.4318000e-02
   9.6467100e-01  -5.7192200e-01  -4.0782000e-02
   9.6471700e-01  -5.7196100e-01   6.1212000e-02
   9.6473400e-01  -7.2005900e-01   1.0252800e-01
   9.6484400e-01  -7.2676100e-01  -7.3401000e-02
   9.6484700e-01  -5.7206900e-01  -3.3988000e-02
   9.6484800e-01  -7.2017400e-01   7.3156000e-02
   9.6484900e-01  -7.2676600e-01  -8.8130000e-02
   9.6490500e-01  -7.2682300e-01  -1.3993100e-01
   9.6491500e-01  -5.7774000e-01   3.4080000e-02
   9.6497700e-01  -4.9171400e-01  -1.6517400e-01
   9.6499100e-01  -5.7218900e-01   2.7192000e-02
   9.6501000e-01  -5.6941000e-01   4.0746000e-02
   9.6504400e-01  -7.2366200e-01  -1.5458300e-01
   9.6505900e-01  -5.7786100e-01   2.7265000e-02
   9.6510300e-01  -5.7228300e-01  -2.0395000e-02
   9.6510300e-01  -5.7228300e-01   2.0395000e-02
   9.6514800e-01  -7.2047700e-01   6.5848000e-02
   9.6518300e-01  -5.7234900e-01  -1.3597000e-02
   9.6521200e-01  -7.2713500e-01  -8.0798000e-02
   9.6523000e-01  -5.7238800e-01  -4.7619000e-02
   9.6523000e-01  -5.7238800e-01   4.7619000e-02
   9.6523200e-01  -5.7238900e-01   6.7990000e-03
   9.6524300e-01  -5.7801500e-01  -6.8250000e-02
   9.6525100e-01  -5.7802200e-01   1.3634000e-02
   9.6526300e-01  -5.5854700e-01  -1.7021600e-01
   9.6541700e-01  -7.2074700e-01   5.8538000e-02
   9.6554700e-01  -5.7827100e-01  -6.1432000e-02
   9.6561500e-01  -5.7270900e-01   3.4018000e-02
   9.6565400e-01  -7.2098700e-01   5.1225000e-02
   9.6582000e-01  -5.7850000e-01  -5.4612000e-02
   9.6585700e-01  -5.6732300e-01  -1.3572000e-02
   9.6585900e-01  -7.2119400e-01   4.3911000e-02
   9.6586200e-01  -7.2449000e-01  -4.3985000e-02
   9.6590500e-01  -5.6736300e-01  -6.7860000e-03
   9.6592100e-01  -7.2125600e-01   8.0595000e-02
   9.6595500e-01  -5.7861300e-01  -1.5795900e-01
   9.6604600e-01  -7.2798300e-01  -1.2525800e-01
   9.6618800e-01  -7.2812700e-01  -1.3270800e-01
   9.6626900e-01  -5.7887700e-01  -4.0966000e-02
   9.6629100e-01  -5.7608000e-01   2.0450000e-02
   9.6632500e-01  -5.3488700e-01  -1.6853500e-01
   9.6635800e-01  -7.2499300e-01  -5.1354000e-02
   9.6636300e-01  -5.7614000e-01  -6.8250000e-02
   9.6637100e-01  -5.7614700e-01   1.3634000e-02
   9.6656500e-01  -7.2190600e-01   9.5380000e-02
   9.6656900e-01  -7.2851400e-01  -1.1791500e-01
   9.6665700e-01  -5.5417200e-01  -1.7006300e-01
   9.6666800e-01  -5.7639500e-01  -6.1432000e-02
   9.6668100e-01  -5.7922300e-01  -1.5113400e-01
   9.6682600e-01  -5.7934400e-01  -4.7833000e-02
   9.6682800e-01  -5.7934700e-01  -8.2098000e-02
   9.6687000e-01  -5.7095300e-01   2.7216000e-02
   9.6694100e-01  -5.7662400e-01  -5.4612000e-02
   9.6696100e-01  -7.2230500e-01   8.8057000e-02
   9.6698200e-01  -5.7104600e-01   2.0413000e-02
   9.6706600e-01  -5.8805200e-01  -1.5180700e-01
   9.6710900e-01  -5.7115100e-01   4.7661000e-02
   9.6711100e-01  -5.7115300e-01  -6.8050000e-03
   9.6711100e-01  -5.7115300e-01   6.8050000e-03
   9.6712700e-01  -5.7116600e-01   0.0000000e+00
   9.6714600e-01  -5.7961300e-01  -1.3039300e-01
   9.6718200e-01  -5.7682500e-01  -4.7790000e-02
   9.6719800e-01  -5.7965700e-01  -7.5267000e-02
   9.6723300e-01  -5.7405700e-01  -1.3697800e-01
   9.6736300e-01  -5.7136200e-01  -6.1322000e-02
   9.6736300e-01  -4.9347700e-01   3.9457000e-02
   9.6737500e-01  -5.7980600e-01  -1.4430300e-01
   9.6739100e-01  -5.7700000e-01  -4.0966000e-02
   9.6745500e-01  -5.6864400e-01  -8.1730000e-02
   9.6756800e-01  -5.7714800e-01  -3.4141000e-02
   9.6758200e-01  -5.7154400e-01  -1.3685500e-01
   9.6763600e-01  -5.7158900e-01  -5.4514000e-02
   9.6771300e-01  -5.7726900e-01  -2.7314000e-02
   9.6774300e-01  -5.8011400e-01  -1.2355900e-01
   9.6779000e-01  -5.6892100e-01  -1.2981200e-01
   9.6782100e-01  -5.6894600e-01  -8.8607000e-02
   9.6782600e-01  -5.6895000e-01  -7.4930000e-02
   9.6784400e-01  -7.2319500e-01  -1.5484000e-01
   9.6786300e-01  -5.7458200e-01  -1.3016100e-01
   9.6787900e-01  -5.5791900e-01  -1.7052200e-01
   9.6803700e-01  -5.8036200e-01  -1.3746700e-01
   9.6805900e-01  -5.7474500e-01  -5.4612000e-02
   9.6809500e-01  -5.6917300e-01  -1.5059600e-01
   9.6812200e-01  -5.4168800e-01  -1.6929900e-01
   9.6816200e-01  -5.7483000e-01  -1.5100000e-01
   9.6816400e-01  -5.6922900e-01  -6.8127000e-02
   9.6821300e-01  -5.7206700e-01  -1.3004400e-01
   9.6847000e-01  -5.6948200e-01  -6.1322000e-02
   9.6862700e-01  -4.8667000e-01  -1.5861600e-01
   9.6881100e-01  -5.7256300e-01  -1.2322800e-01
   9.6885800e-01  -5.7541000e-01  -1.4417500e-01
   9.6886000e-01  -5.6980400e-01  -2.0431000e-02
   9.6886700e-01  -5.7823400e-01  -1.2355900e-01
   9.6888900e-01  -5.2615500e-01  -1.6823000e-01
   9.6895400e-01  -5.6988200e-01  -1.1620000e-01
   9.6898900e-01  -5.6991100e-01   6.8110000e-03
   9.6900500e-01  -5.6992400e-01   0.0000000e+00
   9.6901400e-01  -5.7554000e-01  -6.8373000e-02
   9.6915400e-01  -5.7004800e-01  -1.2311800e-01
   9.6916200e-01  -5.7848100e-01  -1.3746700e-01
   9.6917400e-01  -5.3173900e-01  -1.6868800e-01
   9.6927600e-01  -4.8972000e-01  -1.5890900e-01
   9.6932000e-01  -5.7579500e-01  -6.1543000e-02
   9.6937100e-01  -5.7302800e-01  -1.3646000e-02
   9.6937600e-01  -5.7303300e-01  -1.1640800e-01
   9.6940700e-01  -5.7868600e-01  -9.6007000e-02
   9.6943300e-01  -5.7870700e-01  -1.1672000e-01
   9.6944100e-01  -5.5919000e-01  -1.6389800e-01
   9.6944200e-01  -5.7589700e-01  -7.5267000e-02
   9.6945500e-01  -5.7029700e-01  -1.3697800e-01
   9.6948200e-01  -5.7874800e-01  -8.2245000e-02
   9.6948700e-01  -5.7032300e-01  -1.0938700e-01
   9.6956300e-01  -4.9510300e-01   4.6159000e-02
   9.6979100e-01  -5.7337600e-01  -7.5200000e-02
   9.6979300e-01  -5.7900900e-01  -1.3062600e-01
   9.6980200e-01  -5.7338600e-01  -3.4141000e-02
   9.6984300e-01  -5.7905000e-01  -8.9165000e-02
   9.6984500e-01  -4.9531100e-01   5.9390000e-02
   9.6985300e-01  -5.7905800e-01  -7.5402000e-02
   9.6991000e-01  -5.7347500e-01  -1.0958300e-01
   9.6994700e-01  -5.7350600e-01  -2.7314000e-02
   9.6996600e-01  -5.7915300e-01  -1.0987700e-01
   9.7006000e-01  -5.7360000e-01  -2.0487000e-02
   9.7006900e-01  -5.7360800e-01  -1.6507200e-01
   9.7011100e-01  -5.7927400e-01  -1.6551200e-01
   9.7012200e-01  -4.9551600e-01   5.2797000e-02
   9.7012900e-01  -5.7365800e-01  -6.8373000e-02
   9.7014300e-01  -5.7086500e-01  -3.4110000e-02
   9.7024400e-01  -5.8221400e-01  -8.9324000e-02
   9.7028800e-01  -5.7098500e-01  -2.7290000e-02
   9.7033300e-01  -7.2901600e-01  -5.8979000e-02
   9.7033400e-01  -5.6543900e-01  -1.6448500e-01
   9.7037000e-01  -4.8537000e-01  -1.5876200e-01
   9.7041100e-01  -5.7389100e-01  -1.0275400e-01
   9.7046700e-01  -5.7957200e-01  -1.0303000e-01
   9.7060400e-01  -5.7686400e-01  -8.2245000e-02
   9.7063800e-01  -7.2601200e-01   7.3570000e-03
   9.7065200e-01  -5.6294900e-01  -1.6433800e-01
   9.7065300e-01  -7.2602800e-01   0.0000000e+00
   9.7075200e-01  -5.7698800e-01  -1.2366900e-01
   9.7075600e-01  -5.7137200e-01  -1.0266200e-01
   9.7076200e-01  -5.6857900e-01  -1.6477800e-01
   9.7083300e-01  -5.7424100e-01  -1.5824100e-01
   9.7087400e-01  -5.7991200e-01  -1.5866200e-01
   9.7095300e-01  -5.7434100e-01  -4.7876000e-02
   9.7096000e-01  -7.2633700e-01   3.6810000e-02
   9.7096600e-01  -5.7716600e-01  -8.9165000e-02
   9.7097300e-01  -5.6043700e-01  -1.5725600e-01
   9.7108500e-01  -5.7164300e-01  -1.4417500e-01
   9.7109900e-01  -5.6606500e-01  -1.5767800e-01
   9.7110300e-01  -7.2648200e-01   2.9449000e-02
   9.7113900e-01  -5.6609800e-01   6.8189000e-02
   9.7116300e-01  -5.7451500e-01  -4.1040000e-02
   9.7117600e-01  -7.2325300e-01   8.8351000e-02
   9.7121400e-01  -7.2659400e-01   2.2088000e-02
   9.7122600e-01  -5.7176000e-01  -9.5836000e-02
   9.7129400e-01  -7.2667400e-01   1.4726000e-02
   9.7129500e-01  -5.7744000e-01  -9.6093000e-02
   9.7129600e-01  -5.7181800e-01   4.7833000e-02
   9.7134200e-01  -7.2672200e-01  -7.3630000e-03
   9.7135400e-01  -5.8314600e-01  -1.1713700e-01
   9.7141700e-01  -5.6357300e-01  -1.5753700e-01
   9.7142700e-01  -5.6912600e-01  -1.4404600e-01
   9.7149700e-01  -5.4164700e-01  -1.6975800e-01
   9.7149900e-01  -5.7479400e-01  -1.4443200e-01
   9.7152700e-01  -5.6920800e-01  -1.5795900e-01
   9.7156400e-01  -5.7484800e-01  -1.5140300e-01
   9.7160400e-01  -5.8052300e-01  -1.5180700e-01
   9.7170400e-01  -5.4726400e-01  -1.7021600e-01
   9.7188800e-01  -5.8359500e-01  -1.1026900e-01
   9.7206200e-01  -5.5855200e-01  -1.6419100e-01
   9.7208300e-01  -5.7809700e-01  -1.1692900e-01
   9.7209300e-01  -5.6967500e-01  -1.3722200e-01
   9.7214900e-01  -5.6417200e-01  -1.5073000e-01
   9.7225900e-01  -5.6981100e-01  -1.5113400e-01
   9.7230300e-01  -5.8110700e-01  -1.4494600e-01
   9.7231800e-01  -5.7266300e-01   6.1598000e-02
   9.7239000e-01  -5.8401600e-01  -1.0339800e-01
   9.7241400e-01  -5.7555300e-01  -9.6093000e-02
   9.7247400e-01  -5.6165800e-01  -1.5059600e-01
   9.7256600e-01  -7.3127700e-01  -7.3953000e-02
   9.7259400e-01  -5.7289000e-01  -5.4760000e-02
   9.7261800e-01  -5.7854200e-01  -1.1007300e-01
   9.7267000e-01  -7.3138200e-01  -1.4848400e-01
   9.7268200e-01  -5.5353400e-01  -1.6389800e-01
   9.7279200e-01  -5.4539800e-01  -1.6331100e-01
   9.7285200e-01  -5.7591600e-01  -8.9244000e-02
   9.7286000e-01  -5.8441100e-01  -9.6522000e-02
   9.7286900e-01  -7.3158400e-01  -6.6565000e-02
   9.7304700e-01  -5.7326500e-01  -4.1077000e-02
   9.7312100e-01  -5.7896100e-01  -1.0321400e-01
   9.7325700e-01  -5.7625200e-01  -8.2392000e-02
   9.7327800e-01  -5.4851900e-01  -1.6360400e-01
   9.7329400e-01  -7.3201400e-01  -1.4109500e-01
   9.7336700e-01  -4.9531300e-01  -7.2839000e-02
   9.7356000e-01  -5.4600800e-01  -1.5655300e-01
   9.7360600e-01  -5.7372700e-01  -4.7962000e-02
   9.7371100e-01  -4.9556600e-01  -6.6226000e-02
   9.7391500e-01  -5.5728500e-01  -1.6433800e-01
   9.7394100e-01  -5.5730600e-01   6.8066000e-02
   9.7436700e-01  -5.6042000e-01  -1.5767800e-01
   9.7458500e-01  -7.3332100e-01  -1.3381000e-01
   9.7477300e-01  -7.3351100e-01  -1.1139400e-01
   9.7499300e-01  -5.5539200e-01  -1.5739700e-01
   9.7510300e-01  -5.6101600e-01  -1.5086500e-01
   9.7514600e-01  -7.3388900e-01  -1.2640400e-01
   9.7523700e-01  -7.3398100e-01  -1.0398600e-01
   9.7566300e-01  -5.3410600e-01  -1.6975800e-01
   9.7566900e-01  -7.3441800e-01  -9.6575000e-02
   9.7567500e-01  -7.3442400e-01  -1.1899300e-01
   9.7573000e-01  -5.5598400e-01  -1.5059600e-01
   9.7584800e-01  -5.4782500e-01  -1.5005700e-01
   9.7607000e-01  -7.3482400e-01  -8.9160000e-02
   9.7616500e-01  -5.2910500e-01  -1.6945200e-01
   9.7620600e-01  -7.3162800e-01  -5.1869000e-02
   9.7622400e-01  -5.5914900e-01  -1.5781900e-01
   9.7641400e-01  -7.3183800e-01  -4.4463000e-02
   9.7642800e-01  -5.7043500e-01  -1.5167200e-01
   9.7643800e-01  -7.3519700e-01  -8.1742000e-02
   9.7647000e-01  -7.2857100e-01   8.1472000e-02
   9.7664400e-01  -5.2410800e-01  -1.6914600e-01
   9.7680700e-01  -7.2890900e-01   7.4075000e-02
   9.7684400e-01  -5.5411700e-01  -1.6448500e-01
   9.7687700e-01  -5.5414400e-01   6.8127000e-02
   9.7696100e-01  -5.5974400e-01  -1.5100000e-01
   9.7714300e-01  -5.5160100e-01  -1.5739700e-01
   9.7758200e-01  -7.3301500e-01  -1.4909600e-01
   9.7761500e-01  -5.5473500e-01  -1.5767800e-01
   9.7788100e-01  -5.5219000e-01  -1.5059600e-01
   9.7796300e-01  -5.6612300e-01   6.8557000e-02
   9.7835400e-01  -5.5532700e-01  -1.5086500e-01
   9.7835600e-01  -7.2714700e-01  -1.5625400e-01
   9.7852100e-01  -7.3063100e-01   6.6786000e-02
   9.7877900e-01  -7.3422200e-01  -5.9470000e-02
   9.7879400e-01  -7.3090500e-01   5.9372000e-02
   9.7895900e-01  -7.3440300e-01  -2.2291000e-02
   9.7903500e-01  -7.3114700e-01   5.1955000e-02
   9.7903900e-01  -7.3448400e-01  -1.4861000e-02
   9.7905800e-01  -5.4219000e-01   6.7882000e-02
   9.7920900e-01  -7.3465600e-01  -6.6952000e-02
   9.7940600e-01  -7.3485400e-01  -3.7178000e-02
   9.7945800e-01  -5.2091000e-01  -1.6929900e-01
   9.7951200e-01  -5.5349100e-01   6.8250000e-02
   9.7955000e-01  -7.3500000e-01  -2.9744000e-02
   9.7968900e-01  -5.5916600e-01   6.8434000e-02
   9.8005500e-01  -5.4841800e-01  -1.6448500e-01
   9.8008800e-01  -5.4844400e-01   6.8127000e-02
   9.8032400e-01  -5.2961900e-01  -1.7006300e-01
   9.8058500e-01  -5.5158800e-01   6.8250000e-02
   9.8060900e-01  -5.4340800e-01  -1.6419100e-01
   9.8061200e-01  -5.6548000e-01   6.8679000e-02
   9.8065400e-01  -7.3277300e-01   4.4610000e-02
   9.8067400e-01  -7.3613300e-01  -8.2012000e-02
   9.8079000e-01  -5.2463100e-01  -1.6975800e-01
   9.8089500e-01  -5.4090300e-01   6.7943000e-02
   9.8101200e-01  -7.3647400e-01  -7.4566000e-02
   9.8101400e-01  -5.9701100e-01  -1.4700200e-01
   9.8124500e-01  -5.1962500e-01  -1.6945200e-01
   9.8131800e-01  -5.2232300e-01   6.0660000e-02
   9.8135600e-01  -5.0381700e-01  -2.6725000e-02
   9.8138500e-01  -5.4401700e-01  -1.5739700e-01
   9.8141100e-01  -5.3586600e-01   6.7821000e-02
   9.8153600e-01  -7.3365900e-01   3.7209000e-02
   9.8159700e-01  -5.2253600e-01   5.3925000e-02
   9.8160700e-01  -5.4964500e-01  -1.5781900e-01
   9.8160900e-01  -7.3040200e-01   1.0424400e-01
   9.8168100e-01  -7.3380500e-01   2.9769000e-02
   9.8184400e-01  -5.2272300e-01   4.7189000e-02
   9.8185100e-01  -5.0155600e-01  -1.5458300e-01
   9.8187400e-01  -7.3399900e-01   1.4885000e-02
   9.8191800e-01  -5.3084600e-01  -1.6345800e-01
   9.8192200e-01  -7.3404800e-01   7.4430000e-03
   9.8193200e-01  -5.3898800e-01  -1.6404500e-01
   9.8212900e-01  -5.4460000e-01  -1.5059600e-01
   9.8217100e-01  -5.9510500e-01  -1.4700200e-01
   9.8235000e-01  -5.5023300e-01  -1.5100000e-01
   9.8266000e-01  -5.4776000e-01  -1.6477800e-01
   9.8270500e-01  -7.3818100e-01  -1.1977700e-01
   9.8270900e-01  -5.3959300e-01  -1.5725600e-01
   9.8287300e-01  -5.1021700e-01  -1.6899400e-01
   9.8294600e-01  -7.3507600e-01  -3.7270000e-02
   9.8317500e-01  -5.2645000e-01  -1.6331100e-01
   9.8320700e-01  -7.3868700e-01  -1.1231300e-01
   9.8328500e-01  -7.3541600e-01  -1.4910000e-02
   9.8338900e-01  -5.2389700e-01   6.7575000e-02
   9.8343800e-01  -5.4837300e-01  -1.5795900e-01
   9.8365000e-01  -5.2409600e-01   4.0525000e-02
   9.8367600e-01  -7.3916000e-01  -1.0484400e-01
   9.8383100e-01  -5.2423400e-01   3.3773000e-02
   9.8391000e-01  -7.3604400e-01  -2.2383000e-02
   9.8398000e-01  -5.2434600e-01   2.7020000e-02
   9.8403900e-01  -7.3617400e-01  -7.4610000e-03
   9.8405500e-01  -7.3619000e-01   0.0000000e+00
   9.8409500e-01  -5.2443400e-01   2.0266000e-02
   9.8411300e-01  -7.3960100e-01  -9.7372000e-02
   9.8417800e-01  -5.2449700e-01   1.3511000e-02
   9.8418200e-01  -5.4895900e-01  -1.5113400e-01
   9.8422700e-01  -5.2453500e-01   6.7560000e-03
   9.8427500e-01  -5.4903300e-01   6.8373000e-02
   9.8430600e-01  -5.4083700e-01   6.8127000e-02
   9.8451700e-01  -7.4000900e-01  -8.9896000e-02
   9.8478000e-01  -5.4394000e-01  -1.6477800e-01
   9.8483600e-01  -5.1699700e-01  -1.6975800e-01
   9.8501800e-01  -5.4139100e-01  -1.5073000e-01
   9.8504000e-01  -5.2515200e-01   0.0000000e+00
   9.8522700e-01  -5.0667700e-01  -3.3558000e-02
   9.8532100e-01  -5.3889900e-01  -1.6448500e-01
   9.8540800e-01  -5.2009900e-01  -1.7006300e-01
   9.8544800e-01  -5.2818500e-01   2.0321000e-02
   9.8553000e-01  -5.2824800e-01   1.3548000e-02
   9.8556000e-01  -5.4454900e-01  -1.5795900e-01
   9.8558100e-01  -5.2828700e-01   4.7447000e-02
   9.8567300e-01  -7.4117400e-01  -1.2775700e-01
   9.8577000e-01  -5.2570700e-01  -1.3536000e-02
   9.8579600e-01  -5.2845100e-01   4.0672000e-02
   9.8597800e-01  -5.2859000e-01   3.3896000e-02
   9.8602600e-01  -7.3817000e-01   2.2438000e-02
   9.8610000e-01  -5.3135500e-01   6.7943000e-02
   9.8610200e-01  -5.3950400e-01  -1.5767800e-01
   9.8612700e-01  -5.2870400e-01  -2.7118000e-02
   9.8612700e-01  -5.2870400e-01   2.7118000e-02
   9.8624500e-01  -5.2073000e-01   6.7560000e-03
   9.8639900e-01  -5.3701000e-01   6.8127000e-02
   9.8656900e-01  -5.2631500e-01  -1.6375100e-01
   9.8662000e-01  -5.3446400e-01  -1.5739700e-01
   9.8662900e-01  -5.1567600e-01  -1.6991000e-01
   9.8687300e-01  -5.3194700e-01  -1.6419100e-01
   9.8692100e-01  -5.2931000e-01   5.4318000e-02
   9.8745600e-01  -5.0832400e-01  -4.0378000e-02
   9.8756700e-01  -5.2980300e-01  -3.3957000e-02
   9.8762800e-01  -5.2711900e-01  -4.0709000e-02
   9.8765600e-01  -5.3254700e-01  -1.5739700e-01
   9.8765600e-01  -5.1911600e-01  -3.3804000e-02
   9.8766800e-01  -5.2715000e-01  -1.0201900e-01
   9.8768200e-01  -7.3647900e-01   9.7452000e-02
   9.8771500e-01  -5.2991600e-01  -5.4367000e-02
   9.8778200e-01  -5.2723700e-01  -1.2946300e-01
   9.8779200e-01  -5.2189700e-01   1.3536000e-02
   9.8781000e-01  -5.2725800e-01  -3.3926000e-02
   9.8783200e-01  -5.3000500e-01  -2.0376000e-02
   9.8785900e-01  -5.2194700e-01   0.0000000e+00
   9.8795900e-01  -5.2737100e-01  -2.7143000e-02
   9.8796400e-01  -5.3010600e-01  -4.7576000e-02
   9.8796500e-01  -5.3010600e-01  -6.7920000e-03
   9.8802800e-01  -7.4018100e-01  -2.9989000e-02
   9.8805100e-01  -5.0876400e-01  -1.6272400e-01
   9.8807500e-01  -5.2745900e-01  -2.0358000e-02
   9.8815000e-01  -5.2751600e-01  -9.5235000e-02
   9.8817900e-01  -5.3027000e-01  -4.0782000e-02
   9.8820700e-01  -5.2756000e-01  -4.7533000e-02
   9.8820800e-01  -5.2756000e-01  -6.7860000e-03
   9.8834900e-01  -7.4050400e-01  -1.2036500e-01
   9.8839800e-01  -5.2770500e-01  -1.2267700e-01
   9.8840600e-01  -5.3312200e-01  -1.5059600e-01
   9.8841600e-01  -5.4129900e-01  -1.5113400e-01
   9.8850800e-01  -5.2243600e-01  -2.0321000e-02
   9.8859100e-01  -5.2249900e-01  -1.3548000e-02
   9.8859900e-01  -5.2785700e-01  -8.8448000e-02
   9.8860200e-01  -5.2786000e-01  -7.4795000e-02
   9.8864900e-01  -5.4696400e-01  -1.5153800e-01
   9.8867000e-01  -5.1187500e-01   0.0000000e+00
   9.8870600e-01  -5.3067200e-01   6.8066000e-02
   9.8871400e-01  -5.3879900e-01  -1.6492500e-01
   9.8879300e-01  -7.3759100e-01   9.0043000e-02
   9.8884700e-01  -5.0935200e-01  -4.7189000e-02
   9.8895100e-01  -5.2812500e-01  -6.8005000e-02
   9.8898100e-01  -5.2814800e-01  -1.1588700e-01
   9.8901400e-01  -5.2817300e-01  -8.1657000e-02
   9.8906300e-01  -7.4122100e-01  -9.7770000e-02
   9.8916800e-01  -7.3796500e-01   8.2551000e-02
   9.8938900e-01  -5.2310100e-01   6.7882000e-02
   9.8949800e-01  -5.3940400e-01  -1.5810000e-01
   9.8950500e-01  -5.3128200e-01  -1.3609000e-02
   9.8950900e-01  -7.3830700e-01   7.5057000e-02
   9.8953000e-01  -5.2856600e-01  -1.0909300e-01
   9.8954900e-01  -5.2858000e-01  -5.4416000e-02
   9.8955500e-01  -5.3132000e-01   6.8050000e-03
   9.8957100e-01  -5.3133200e-01   0.0000000e+00
   9.8970500e-01  -5.2333900e-01   6.1101000e-02
   9.8985400e-01  -5.2076600e-01  -1.2245700e-01
   9.8998800e-01  -5.2355200e-01   5.4318000e-02
   9.9002600e-01  -5.2627400e-01  -8.1657000e-02
   9.9003000e-01  -7.4219100e-01  -1.0544500e-01
   9.9023100e-01  -5.2642900e-01  -4.0782000e-02
   9.9025000e-01  -5.3998500e-01  -1.5126900e-01
   9.9025100e-01  -5.3185100e-01  -1.5767800e-01
   9.9036100e-01  -4.9990300e-01  -1.5556800e-01
   9.9040700e-01  -5.1050500e-01   6.7575000e-02
   9.9040900e-01  -5.2656300e-01  -7.4863000e-02
   9.9041400e-01  -5.2656700e-01  -3.3988000e-02
   9.9043300e-01  -6.0790400e-01  -1.4880100e-01
   9.9043900e-01  -5.2120500e-01  -1.1567900e-01
   9.9049200e-01  -5.2393200e-01  -1.0211100e-01
   9.9052900e-01  -5.1859300e-01  -2.0321000e-02
   9.9053200e-01  -5.1325700e-01   6.0880000e-02
   9.9056200e-01  -5.2667900e-01  -5.4416000e-02
   9.9056400e-01  -5.2668000e-01  -2.7192000e-02
   9.9060400e-01  -5.3752900e-01   6.8373000e-02
   9.9066200e-01  -5.1869300e-01  -6.7740000e-03
   9.9066200e-01  -5.1869300e-01   6.7740000e-03
   9.9067900e-01  -5.1870500e-01   0.0000000e+00
   9.9068000e-01  -5.2676800e-01  -2.0395000e-02
   9.9075900e-01  -5.2682800e-01  -6.8066000e-02
   9.9078600e-01  -5.2415400e-01   2.7167000e-02
   9.9081200e-01  -5.2686800e-01  -4.7619000e-02
   9.9081600e-01  -5.1613400e-01   1.3536000e-02
   9.9081600e-01  -5.1346700e-01   5.4122000e-02
   9.9086600e-01  -5.1617100e-01   6.7680000e-03
   9.9087700e-01  -7.4304300e-01  -9.0411000e-02
   9.9088000e-01  -5.1885600e-01  -4.0672000e-02
   9.9088200e-01  -5.1618300e-01   0.0000000e+00
   9.9090300e-01  -5.2424200e-01   2.0376000e-02
   9.9096300e-01  -5.2428800e-01  -1.6419100e-01
   9.9098900e-01  -5.2161900e-01  -1.0889700e-01
   9.9100400e-01  -5.3242500e-01  -1.5086500e-01
   9.9103500e-01  -5.2434200e-01   4.7576000e-02
   9.9106300e-01  -5.1899300e-01  -3.3896000e-02
   9.9107500e-01  -5.2706800e-01  -6.1267000e-02
   9.9108400e-01  -5.2974600e-01  -1.3685500e-01
   9.9111900e-01  -5.2171700e-01   2.0358000e-02
   9.9120000e-01  -5.2716200e-01  -8.8607000e-02
   9.9120300e-01  -5.2177900e-01   1.3572000e-02
   9.9121300e-01  -5.1910500e-01  -2.7118000e-02
   9.9125100e-01  -5.2450500e-01   4.0782000e-02
   9.9125200e-01  -5.2181700e-01   6.7860000e-03
   9.9125200e-01  -5.2181600e-01   4.7533000e-02
   9.9129600e-01  -5.3806100e-01  -1.5126900e-01
   9.9133000e-01  -4.9800900e-01  -1.6243100e-01
   9.9141300e-01  -5.1925500e-01  -1.3560000e-02
   9.9143500e-01  -5.2464300e-01  -3.3988000e-02
   9.9143500e-01  -5.2464300e-01   3.3988000e-02
   9.9146900e-01  -5.2197900e-01   4.0746000e-02
   9.9147700e-01  -5.2737200e-01   2.0413000e-02
   9.9156000e-01  -5.2743500e-01   1.3609000e-02
   9.9158400e-01  -5.2475600e-01  -2.7192000e-02
   9.9161000e-01  -5.2747300e-01   6.8050000e-03
   9.9161900e-01  -5.2209200e-01  -1.2957900e-01
   9.9162700e-01  -5.2748500e-01   0.0000000e+00
   9.9165100e-01  -5.3017800e-01  -6.1377000e-02
   9.9165200e-01  -5.2211700e-01   3.3957000e-02
   9.9180100e-01  -5.2222900e-01   5.4367000e-02
   9.9180200e-01  -5.2222900e-01   2.7167000e-02
   9.9183400e-01  -5.2494400e-01  -6.7990000e-03
   9.9186400e-01  -5.1959200e-01   3.3926000e-02
   9.9201400e-01  -5.1970400e-01   2.7143000e-02
   9.9202200e-01  -7.4419300e-01  -1.2848600e-01
   9.9213000e-01  -5.1979100e-01   2.0358000e-02
   9.9221400e-01  -5.1985300e-01   1.3572000e-02
   9.9226400e-01  -5.1989100e-01  -4.7533000e-02
   9.9231600e-01  -5.2261500e-01   6.1212000e-02
   9.9235800e-01  -5.2803900e-01  -1.3621000e-02
   9.9240800e-01  -5.2807600e-01  -6.8110000e-03
   9.9248100e-01  -5.2005300e-01   4.0746000e-02
   9.9259200e-01  -5.1478500e-01  -1.7067400e-01
   9.9263900e-01  -7.4481300e-01  -4.5236000e-02
   9.9266900e-01  -5.1484200e-01  -6.7740000e-03
   9.9266900e-01  -5.1484200e-01   6.7740000e-03
   9.9279700e-01  -5.2297700e-01   6.8066000e-02
   9.9295100e-01  -5.2848800e-01   5.4563000e-02
   9.9306400e-01  -5.2048900e-01   4.7576000e-02
   9.9306900e-01  -7.4524500e-01  -1.1341600e-01
   9.9316500e-01  -7.4196500e-01   5.2728000e-02
   9.9320100e-01  -5.2867700e-01   4.7747000e-02
   9.9341800e-01  -5.2884100e-01   4.0930000e-02
   9.9344200e-01  -5.2885900e-01  -1.0257000e-01
   9.9346300e-01  -5.2887600e-01   6.1432000e-02
   9.9347300e-01  -5.1543800e-01   4.7490000e-02
   9.9356700e-01  -5.2086600e-01  -1.3661000e-01
   9.9360100e-01  -5.2358000e-01  -1.3609000e-02
   9.9360200e-01  -5.2898000e-01   3.4110000e-02
   9.9361300e-01  -5.2090000e-01   5.4416000e-02
   9.9365100e-01  -5.2361800e-01  -6.8050000e-03
   9.9366800e-01  -5.2363100e-01   0.0000000e+00
   9.9366900e-01  -5.1558400e-01  -1.2256700e-01
   9.9368200e-01  -5.2904100e-01  -1.3710000e-01
   9.9369000e-01  -5.1559900e-01   4.0709000e-02
   9.9375200e-01  -5.2909400e-01   2.7290000e-02
   9.9378400e-01  -5.2102800e-01  -1.6433800e-01
   9.9382200e-01  -5.1837300e-01   5.4367000e-02
   9.9383700e-01  -7.4601600e-01  -5.2857000e-02
   9.9387400e-01  -5.1573600e-01   3.3926000e-02
   9.9388700e-01  -5.2919600e-01  -1.6492500e-01
   9.9392700e-01  -5.2922700e-01  -9.5750000e-02
   9.9395800e-01  -5.2925000e-01  -1.1640800e-01
   9.9400100e-01  -5.1850600e-01  -1.6419100e-01
   9.9402400e-01  -5.1584800e-01   2.7143000e-02
   9.9405400e-01  -7.4285400e-01   6.7890000e-02
   9.9406800e-01  -7.4624800e-01  -8.3158000e-02
   9.9407200e-01  -5.1856000e-01   4.7576000e-02
   9.9412300e-01  -5.2667000e-01  -1.5781900e-01
   9.9412900e-01  -5.2128600e-01   6.1267000e-02
   9.9414100e-01  -5.2398600e-01  -1.3685500e-01
   9.9414100e-01  -5.1593400e-01   2.0358000e-02
   9.9420000e-01  -5.2403000e-01  -2.7241000e-02
   9.9422200e-01  -5.2135600e-01  -1.2981200e-01
   9.9422500e-01  -5.1599600e-01  -1.3572000e-02
   9.9422500e-01  -5.1599600e-01   1.3572000e-02
   9.9431700e-01  -5.2411800e-01  -2.0431000e-02
   9.9433200e-01  -7.4313200e-01   6.0353000e-02
   9.9433600e-01  -5.2953600e-01  -1.3027700e-01
   9.9439400e-01  -5.2417500e-01  -6.8189000e-02
   9.9441200e-01  -7.4659300e-01  -7.5608000e-02
   9.9451000e-01  -5.2966800e-01  -1.0958300e-01
   9.9457600e-01  -5.2971800e-01  -1.4417500e-01
   9.9466500e-01  -5.2437900e-01  -4.0893000e-02
   9.9467700e-01  -5.2979400e-01  -1.5810000e-01
   9.9471100e-01  -5.2441400e-01  -6.1377000e-02
   9.9472300e-01  -7.4690600e-01  -6.8056000e-02
   9.9479000e-01  -7.4359100e-01   4.5273000e-02
   9.9484000e-01  -5.2451100e-01  -7.5065000e-02
   9.9484300e-01  -5.2182000e-01  -1.2300800e-01
   9.9487900e-01  -5.2724000e-01  -1.5100000e-01
   9.9495600e-01  -5.3000600e-01  -1.2344900e-01
   9.9497000e-01  -7.4377100e-01   3.7730000e-02
   9.9499600e-01  -5.2462800e-01  -5.4563000e-02
   9.9500100e-01  -7.4718500e-01  -6.0500000e-02
   9.9502400e-01  -5.2734900e-01  -4.7790000e-02
   9.9502400e-01  -5.1391600e-01  -5.4318000e-02
   9.9514300e-01  -5.2473900e-01  -1.6477800e-01
   9.9521300e-01  -5.2209700e-01  -5.4514000e-02
   9.9524100e-01  -5.2751300e-01  -4.0966000e-02
   9.9524700e-01  -5.2481600e-01  -4.7747000e-02
   9.9536200e-01  -5.2760400e-01  -1.3027700e-01
   9.9536800e-01  -5.2221200e-01  -1.5767800e-01
   9.9542600e-01  -5.1956800e-01   2.7216000e-02
   9.9543400e-01  -5.3036700e-01  -1.5126900e-01
   9.9553400e-01  -5.3044300e-01   6.8434000e-02
   9.9554300e-01  -5.1965600e-01   2.0413000e-02
   9.9560200e-01  -5.2778600e-01  -1.4417500e-01
   9.9574800e-01  -5.2789600e-01  -9.5836000e-02
   9.9598400e-01  -5.2807300e-01  -1.2344900e-01
   9.9605500e-01  -6.1559700e-01  -1.4995700e-01
   9.9612600e-01  -5.2277900e-01  -1.5086500e-01
   9.9620100e-01  -5.2823700e-01  -8.9005000e-02
   9.9629200e-01  -5.2830600e-01  -1.3734500e-01
   9.9636800e-01  -5.2836300e-01  -5.4710000e-02
   9.9638000e-01  -5.2027900e-01  -1.5767800e-01
   9.9643100e-01  -5.1763300e-01  -5.4465000e-02
   9.9653100e-01  -7.4533300e-01   3.0235000e-02
   9.9657200e-01  -5.2851600e-01  -1.1661600e-01
   9.9659400e-01  -5.1775400e-01  -1.6448500e-01
   9.9662000e-01  -5.2855300e-01  -8.2172000e-02
   9.9668200e-01  -5.1781900e-01  -4.7661000e-02
   9.9674000e-01  -5.2054700e-01  -6.1377000e-02
   9.9685000e-01  -5.2332100e-01  -1.4404600e-01
   9.9686900e-01  -5.2064300e-01  -7.5065000e-02
   9.9687700e-01  -7.4567900e-01  -6.8111000e-02
   9.9688000e-01  -5.2874900e-01  -6.1598000e-02
   9.9694700e-01  -5.1801600e-01  -6.1322000e-02
   9.9700600e-01  -5.2884400e-01  -7.5335000e-02
   9.9702400e-01  -5.2345100e-01  -1.1640800e-01
   9.9708100e-01  -5.2619300e-01  -1.0275400e-01
   9.9708500e-01  -5.1811800e-01  -3.4049000e-02
   9.9712600e-01  -5.2893500e-01  -1.0977900e-01
   9.9713900e-01  -5.2084400e-01  -1.5086500e-01
   9.9722200e-01  -5.2090600e-01  -6.8250000e-02
   9.9722200e-01  -5.2090600e-01   6.8250000e-02
   9.9723600e-01  -5.1823000e-01  -2.7241000e-02
   9.9727700e-01  -5.2094700e-01  -4.7747000e-02
   9.9728100e-01  -5.2095000e-01  -6.8170000e-03
   9.9735300e-01  -5.1831700e-01  -2.0431000e-02
   9.9735900e-01  -5.2911000e-01  -6.8495000e-02
   9.9738800e-01  -5.1834300e-01  -1.5767800e-01
   9.9754100e-01  -5.2114400e-01   6.1432000e-02
   9.9756800e-01  -5.2656000e-01  -9.5921000e-02
   9.9757900e-01  -5.2386600e-01  -1.0958300e-01
   9.9764500e-01  -5.2661700e-01  -8.2172000e-02
   9.9773000e-01  -5.1859700e-01  -1.0247800e-01
   9.9776100e-01  -5.2130700e-01  -1.3710000e-01
   9.9780700e-01  -5.2403700e-01   6.8373000e-02
   9.9794900e-01  -5.2144700e-01  -2.0468000e-02
   9.9795100e-01  -5.1607900e-01  -6.1322000e-02
   9.9802200e-01  -5.2690000e-01  -8.9085000e-02
   9.9803300e-01  -5.2151000e-01  -1.3646000e-02
   9.9805900e-01  -7.4686200e-01   2.2714000e-02
   9.9808300e-01  -5.2154700e-01  -8.2024000e-02
   9.9810100e-01  -5.2425700e-01  -1.0275400e-01
   9.9814800e-01  -5.1890700e-01  -1.5086500e-01
   9.9821800e-01  -5.1895900e-01  -9.5664000e-02
   9.9824600e-01  -5.2166900e-01  -1.2333900e-01
   9.9829700e-01  -5.2170700e-01  -4.0966000e-02
   9.9829700e-01  -5.2170700e-01   4.0966000e-02
   9.9831000e-01  -5.2711700e-01  -1.5838100e-01
   9.9838700e-01  -5.3529800e-01  -1.5894400e-01
   9.9841800e-01  -5.2179700e-01  -1.3027700e-01
   9.9843500e-01  -5.1643700e-01  -6.8189000e-02
   9.9848200e-01  -5.2184500e-01  -3.4141000e-02
   9.9848200e-01  -5.2184500e-01   3.4141000e-02
   9.9858900e-01  -5.2462200e-01  -9.5921000e-02
   9.9863300e-01  -5.2195700e-01  -2.7314000e-02
   9.9879300e-01  -5.1135400e-01  -1.5739700e-01
   9.9883600e-01  -5.2210800e-01  -1.1651200e-01
   9.9884800e-01  -7.4765100e-01   1.5155000e-02
   9.9889700e-01  -7.4770100e-01   7.5780000e-03
   9.9892600e-01  -5.2487400e-01  -6.1598000e-02
   9.9904200e-01  -7.4784500e-01  -8.3496000e-02
   9.9904300e-01  -5.2496200e-01  -8.9085000e-02
   9.9907000e-01  -5.2768800e-01  -1.5153800e-01
   9.9909400e-01  -5.1960800e-01  -8.2024000e-02
   9.9914700e-01  -5.3587500e-01  -1.5207600e-01
   9.9925500e-01  -7.4467100e-01   1.0621700e-01
   9.9929900e-01  -5.1707500e-01  -8.1951000e-02
   9.9930800e-01  -5.1976800e-01  -4.0966000e-02
   9.9938700e-01  -7.4819100e-01  -7.5915000e-02
   9.9939200e-01  -5.2252300e-01  -1.0968100e-01
   9.9942900e-01  -5.2255000e-01  -5.4710000e-02
   9.9943000e-01  -5.1985800e-01  -1.3027700e-01
   9.9946400e-01  -5.2527600e-01  -8.2245000e-02
   9.9947300e-01  -5.1989000e-01  -8.8926000e-02
   9.9948100e-01  -5.1989600e-01  -7.5200000e-02
   9.9956800e-01  -5.1996000e-01  -1.3722200e-01
   9.9967100e-01  -5.2003700e-01  -1.4417500e-01
   9.9968600e-01  -5.1736100e-01  -7.5133000e-02
   9.9970000e-01  -7.4511500e-01   9.8647000e-02
   9.9973500e-01  -7.4853900e-01  -4.5531000e-02
   9.9979700e-01  -5.2823400e-01  -1.4468900e-01
   9.9983500e-01  -5.2015800e-01  -6.8373000e-02
   9.9984800e-01  -5.2016800e-01  -1.1651200e-01
   9.9985100e-01  -5.2556600e-01  -7.5402000e-02
   9.9987300e-01  -5.3642700e-01  -1.4520300e-01
   9.9991600e-01  -7.4872000e-01  -3.7945000e-02
   9.9998000e-01  -7.4878400e-01  -6.0746000e-02
   9.9998500e-01  -5.1758200e-01  -1.5795900e-01
   1.0000640e+00  -7.4886800e-01  -3.0358000e-02
   1.0001130e+00  -7.4552600e-01   9.1073000e-02
   1.0001790e+00  -7.4898300e-01  -2.2769000e-02
   1.0002050e+00  -5.2583100e-01  -6.8557000e-02
   1.0002270e+00  -7.4903100e-01  -5.3158000e-02
   1.0002620e+00  -7.4906600e-01  -1.5180000e-02
   1.0002980e+00  -6.1038500e-01  -1.4285300e-01
   1.0003110e+00  -7.4911500e-01  -7.5900000e-03
   1.0003270e+00  -7.4913200e-01   0.0000000e+00
   1.0004050e+00  -5.2058100e-01  -1.0968100e-01
   1.0004810e+00  -5.1794800e-01  -8.8926000e-02
   1.0015120e+00  -5.2410200e-01  -1.0303000e-01
   1.0015450e+00  -5.1873500e-01  -1.5126900e-01
   1.0020020e+00  -5.2446700e-01  -9.6179000e-02
   1.0022750e+00  -5.1927400e-01  -1.4443200e-01
   1.0024590e+00  -5.2480700e-01  -8.9324000e-02
   1.0026120e+00  -7.4801700e-01   8.3698000e-02
   1.0026360e+00  -5.2493900e-01  -1.4481700e-01
   1.0029700e+00  -5.1978800e-01  -1.3759000e-01
   1.0031840e+00  -7.5199000e-01  -9.9205000e-02
   1.0033080e+00  -7.5211400e-01  -1.2994400e-01
   1.0035980e+00  -7.5240400e-01  -9.1588000e-02
   1.0036320e+00  -5.2027700e-01  -1.3074200e-01
   1.0038150e+00  -5.2041200e-01  -1.0997500e-01
   1.0040170e+00  -7.4941800e-01   4.5678000e-02
   1.0040320e+00  -5.2057200e-01  -9.6179000e-02
   1.0042000e+00  -7.4959900e-01   3.8067000e-02
   1.0043410e+00  -5.2080100e-01  -1.0312200e-01
   1.0045830e+00  -5.1291600e-01  -1.5824100e-01
   1.0048550e+00  -5.2118100e-01  -1.1703300e-01
   1.0050800e+00  -7.5047700e-01   7.6283000e-02
   1.0053950e+00  -7.5079100e-01   6.8663000e-02
   1.0056770e+00  -7.5107200e-01   6.1040000e-02
   1.0059250e+00  -7.5132000e-01   5.3415000e-02
   1.0064720e+00  -7.5186500e-01   3.0529000e-02
   1.0066690e+00  -7.5547700e-01  -1.2271700e-01
   1.0071850e+00  -7.5599300e-01  -1.1507000e-01
   1.0076670e+00  -7.5647600e-01  -1.0741800e-01
   1.0082580e+00  -5.2369500e-01  -1.2444100e-01
   1.0093520e+00  -5.1639700e-01  -1.5207600e-01
   1.0101290e+00  -7.5551000e-01   2.2990000e-02
   1.0108370e+00  -7.5621600e-01  -2.3008000e-02
   1.0109210e+00  -7.5629900e-01  -1.5339000e-02
   1.0109710e+00  -7.5634900e-01  -7.6700000e-03
   1.0109870e+00  -7.5636500e-01   0.0000000e+00
   1.0115440e+00  -5.2069900e-01  -1.5261500e-01
   1.0115830e+00  -6.1989800e-01  -1.3737200e-01
   1.0116290e+00  -7.5700500e-01   1.5352000e-02
   1.0116790e+00  -7.5705500e-01   7.6760000e-03
   1.0120110e+00  -7.5396100e-01   1.0759000e-01
   1.0124630e+00  -7.5441000e-01   9.9922000e-02
   1.0128820e+00  -7.5482500e-01   9.2250000e-02
   1.0134030e+00  -7.5877200e-01  -3.8466000e-02
   1.0135530e+00  -7.5892200e-01  -3.0775000e-02
   1.0138780e+00  -4.2823100e-01  -1.6111000e-01
   1.0139750e+00  -7.5591000e-01   8.4642000e-02
   1.0148730e+00  -7.6023800e-01  -6.1678000e-02
   1.0152950e+00  -7.6065900e-01  -6.9436000e-02
   1.0153420e+00  -7.6070600e-01  -4.6267000e-02
   1.0157430e+00  -7.5766600e-01   7.7080000e-02
   1.0163070e+00  -4.1983500e-01  -1.6777100e-01
   1.0163910e+00  -7.6175100e-01  -7.7264000e-02
   1.0171200e+00  -4.1786100e-01  -1.6777100e-01
   1.0172470e+00  -7.6260400e-01  -5.4102000e-02
   1.0178190e+00  -7.6317500e-01  -1.1626500e-01
   1.0188240e+00  -7.6072500e-01   7.7250000e-03
   1.0190130e+00  -7.6436500e-01  -1.0861900e-01
   1.0191690e+00  -5.2084600e-01  -1.5355700e-01
   1.0191840e+00  -7.6453500e-01  -9.3059000e-02
   1.0194690e+00  -7.6481900e-01  -1.0087800e-01
   1.0195710e+00  -7.6492100e-01  -8.5317000e-02
   1.0196050e+00  -7.6150000e-01   6.9656000e-02
   1.0198910e+00  -7.6178500e-01   6.1923000e-02
   1.0205740e+00  -4.2994100e-01  -1.6213700e-01
   1.0208530e+00  -7.6274000e-01   5.4231000e-02
   1.0209020e+00  -7.6278900e-01  -1.5487000e-02
   1.0212580e+00  -7.6314200e-01   3.8742000e-02
   1.0221190e+00  -7.6399700e-01   3.1020000e-02
   1.0222370e+00  -7.6411400e-01   2.3266000e-02
   1.0223210e+00  -7.6419800e-01   1.5511000e-02
   1.0223720e+00  -7.6424800e-01  -7.7560000e-03
   1.0223890e+00  -7.6426500e-01   0.0000000e+00
   1.0231990e+00  -7.6507000e-01   4.6598000e-02
   1.0233000e+00  -5.3205900e-01  -1.5476800e-01
   1.0260640e+00  -7.6448600e-01   8.5654000e-02
   1.0262230e+00  -7.6807100e-01  -3.8957000e-02
   1.0263750e+00  -7.6822300e-01  -3.1167000e-02
   1.0264940e+00  -7.6834100e-01  -2.3377000e-02
   1.0281640e+00  -7.6999800e-01  -4.6856000e-02
   1.0285500e+00  -7.6694500e-01   7.8061000e-02
   1.0288160e+00  -7.7064600e-01  -7.0374000e-02
   1.0291050e+00  -7.7093300e-01  -6.2561000e-02
   1.0293610e+00  -7.7118700e-01  -5.4746000e-02
   1.0299090e+00  -7.7173100e-01  -7.8307000e-02
   1.0301140e+00  -5.3155200e-01  -1.4841500e-01
   1.0301480e+00  -7.7196800e-01  -1.0191400e-01
   1.0302930e+00  -7.6866900e-01   7.0374000e-02
   1.0305740e+00  -7.7239200e-01  -9.4089000e-02
   1.0309670e+00  -7.7278200e-01  -8.6261000e-02
   1.0315220e+00  -7.6988400e-01   2.3469000e-02
   1.0322140e+00  -4.4743100e-01  -1.5781900e-01
   1.0327140e+00  -7.7106300e-01   6.2708000e-02
   1.0329700e+00  -7.7131700e-01   5.4875000e-02
   1.0330190e+00  -5.2819400e-01  -1.6288200e-01
   1.0331930e+00  -7.7153700e-01   4.7040000e-02
   1.0338110e+00  -5.2876700e-01  -1.5584400e-01
   1.0340910e+00  -7.7242500e-01   3.9233000e-02
   1.0344310e+00  -5.4025100e-01  -1.4944300e-01
   1.0358730e+00  -7.7418700e-01  -1.5720000e-02
   1.0358730e+00  -7.7418700e-01   1.5720000e-02
   1.0359240e+00  -7.7423800e-01  -7.8600000e-03
   1.0359410e+00  -7.7425500e-01   0.0000000e+00
   1.0363780e+00  -7.7468700e-01   3.1462000e-02
   1.0366350e+00  -7.7494100e-01   7.8660000e-03
   1.0379190e+00  -7.7621200e-01  -2.3634000e-02
   1.0415340e+00  -4.4055500e-01  -1.6565900e-01
   1.0423430e+00  -4.4616000e-01  -1.5908400e-01
   1.0426770e+00  -5.4351800e-01  -1.5060000e-01
   1.0457230e+00  -4.4571300e-01  -1.5950600e-01
   1.0473200e+00  -4.5188000e-01  -1.6712600e-01
   1.0490940e+00  -4.3501200e-01  -1.7342500e-01
   1.0557280e+00  -4.5459000e-01  -1.5422900e-01
   1.0559360e+00  -5.5607600e-01  -1.4554600e-01
   1.0563290e+00  -3.3569400e-01  -1.6914600e-01
   1.0583980e+00  -4.4330500e-01  -1.6815300e-01
   1.0596900e+00  -5.5314200e-01  -1.4579100e-01
   1.0600560e+00  -4.3915800e-01  -1.7525800e-01
   1.0600580e+00  -4.4692100e-01  -1.6859300e-01
   1.0616480e+00  -4.5050800e-01  -1.7617500e-01
   1.0617150e+00  -4.2734800e-01  -1.7480000e-01
   1.0617510e+00  -4.3761200e-01  -1.7541100e-01
   1.0625480e+00  -4.5106800e-01  -1.6918000e-01
   1.0633920e+00  -4.2579100e-01  -1.7495300e-01
   1.0634340e+00  -4.3091100e-01  -1.7525800e-01
   1.0634720e+00  -4.4383600e-01  -1.6888700e-01
   1.0634870e+00  -4.4125400e-01  -1.6874000e-01
   1.0642120e+00  -4.5471700e-01  -1.6246000e-01
   1.0642890e+00  -4.3657400e-01  -1.7571700e-01
   1.0643370e+00  -4.4436700e-01  -1.6189800e-01
   1.0643380e+00  -4.3145400e-01  -1.6830000e-01
   1.0643420e+00  -4.3918900e-01  -1.6874000e-01
   1.0643530e+00  -4.4178300e-01  -1.6175700e-01
   1.0650020e+00  -4.1908900e-01  -1.7480000e-01
   1.0651650e+00  -4.4487500e-01  -1.5490200e-01
   1.0651810e+00  -4.4229000e-01  -1.5476800e-01
   1.0652080e+00  -4.3971600e-01  -1.6175700e-01
   1.0659270e+00  -4.2470900e-01  -1.7525800e-01
   1.0659730e+00  -4.4277400e-01  -1.4777300e-01
   1.0659840e+00  -4.4018700e-01  -1.4764400e-01
   1.0660380e+00  -4.4022000e-01  -1.5476800e-01
   1.0660390e+00  -4.3763400e-01  -1.6888700e-01
   1.0675580e+00  -4.4634400e-01  -1.4101700e-01
   1.0675910e+00  -4.2316400e-01  -1.7541100e-01
   1.0676730e+00  -4.3603800e-01  -1.7617500e-01
   1.0682770e+00  -4.4678500e-01  -1.3399900e-01
   1.0683730e+00  -4.1851700e-01  -1.7525800e-01
   1.0684660e+00  -4.2112300e-01  -1.5409500e-01
   1.0685000e+00  -4.2370000e-01  -1.6844700e-01
   1.0693370e+00  -4.4743600e-01  -1.4841500e-01
   1.0702460e+00  -4.2987000e-01  -1.6903400e-01
   1.0702750e+00  -4.3760600e-01  -1.6947400e-01
   1.0702980e+00  -4.3503200e-01  -1.6217900e-01
   1.0707930e+00  -4.1228600e-01  -1.7525800e-01
   1.0710260e+00  -4.2262700e-01  -1.6874000e-01
   1.0710880e+00  -4.2776800e-01  -1.6903400e-01
   1.0711080e+00  -4.3296300e-01  -1.6932700e-01
   1.0711190e+00  -4.3039000e-01  -1.6203800e-01
   1.0711410e+00  -4.4072400e-01  -1.6260100e-01
   1.0711470e+00  -4.3813200e-01  -1.6246000e-01
   1.0717460e+00  -4.1793300e-01  -1.7571700e-01
   1.0719010e+00  -4.2314000e-01  -1.6175700e-01
   1.0719550e+00  -4.3088700e-01  -1.5503700e-01
   1.0719760e+00  -4.4123000e-01  -1.5557500e-01
   1.0719820e+00  -4.3863600e-01  -1.5544100e-01
   1.0726590e+00  -4.1846500e-01  -1.6874000e-01
   1.0727430e+00  -4.5214700e-01  -1.6344500e-01
   1.0727580e+00  -4.4953600e-01  -1.1321000e-01
   1.0727990e+00  -4.2878200e-01  -1.5503700e-01
   1.0728140e+00  -4.2879100e-01  -1.6217900e-01
   1.0728310e+00  -4.3399300e-01  -1.6246000e-01
   1.0728320e+00  -4.3655400e-01  -1.5544100e-01
   1.0730190e+00  -4.4969600e-01  -9.9010000e-02
   1.0731200e+00  -3.4420200e-01  -1.6507200e-01
   1.0731310e+00  -4.4976400e-01  -8.4820000e-02
   1.0731950e+00  -4.4980300e-01  -1.2752700e-01
   1.0733320e+00  -4.4988800e-01  -1.0615500e-01
   1.0735190e+00  -4.5000200e-01  -9.1954000e-02
   1.0735530e+00  -4.2154500e-01  -1.6903400e-01
   1.0736680e+00  -4.3449300e-01  -1.5544100e-01
   1.0738430e+00  -4.5020100e-01  -1.2046900e-01
   1.0741620e+00  -4.1168300e-01  -1.7571700e-01
   1.0744070e+00  -4.5054700e-01  -7.7830000e-02
   1.0744880e+00  -4.2723300e-01  -1.6232000e-01
   1.0747950e+00  -4.5078600e-01  -7.0764000e-02
   1.0753270e+00  -4.2772800e-01  -1.5530600e-01
   1.0759910e+00  -3.9001000e-01  -1.7480000e-01
   1.0761030e+00  -4.2046900e-01  -1.6217900e-01
   1.0761390e+00  -4.2305700e-01  -1.6232000e-01
   1.0766030e+00  -4.0802100e-01  -1.7587000e-01
   1.0766670e+00  -4.1060100e-01  -1.7602200e-01
   1.0768310e+00  -4.1832900e-01  -1.7648100e-01
   1.0768470e+00  -4.1577900e-01  -1.6918000e-01
   1.0768640e+00  -4.5996900e-01  -1.6442900e-01
   1.0769520e+00  -4.5474200e-01  -1.5692100e-01
   1.0769800e+00  -4.2354900e-01  -1.5530600e-01
   1.0771000e+00  -3.4136300e-01  -1.6551200e-01
   1.0776520e+00  -4.1368700e-01  -1.6918000e-01
   1.0777270e+00  -4.1628700e-01  -1.6217900e-01
   1.0777490e+00  -4.1886100e-01  -1.6947400e-01
   1.0778000e+00  -4.2145700e-01  -1.5530600e-01
   1.0782620e+00  -4.0639300e-01  -1.7602200e-01
   1.0784440e+00  -4.1161700e-01  -1.6918000e-01
   1.0785340e+00  -4.1419400e-01  -1.6217900e-01
   1.0785710e+00  -4.1677300e-01  -1.5517200e-01
   1.0786300e+00  -4.1937200e-01  -1.6246000e-01
   1.0788770e+00  -3.9916500e-01  -1.7571700e-01
   1.0790400e+00  -4.0432200e-01  -1.7602200e-01
   1.0793780e+00  -4.1467800e-01  -1.5517200e-01
   1.0794390e+00  -4.5892000e-01  -1.6471100e-01
   1.0799680e+00  -3.4523500e-01  -1.6609900e-01
   1.0802860e+00  -4.5679700e-01  -1.5021400e-01
   1.0803310e+00  -4.2035700e-01  -1.5557500e-01
   1.0808240e+00  -4.0532900e-01  -1.6918000e-01
   1.0815260e+00  -4.0064600e-01  -1.6903400e-01
   1.0818970e+00  -4.5779000e-01  -1.4322000e-01
   1.0819050e+00  -4.1359600e-01  -1.6260100e-01
   1.0819610e+00  -3.3893800e-01  -1.6609900e-01
   1.0820960e+00  -3.5119600e-01  -1.7373000e-01
   1.0824080e+00  -4.0367800e-01  -1.7648100e-01
   1.0826250e+00  -4.0886600e-01  -1.6962000e-01
   1.0826800e+00  -4.1148000e-01  -1.6976700e-01
   1.0827530e+00  -4.1408100e-01  -1.5557500e-01
   1.0833340e+00  -4.0419800e-01  -1.6947400e-01
   1.0835120e+00  -4.0936800e-01  -1.6260100e-01
   1.0835680e+00  -3.8914600e-01  -1.7587000e-01
   1.0843610e+00  -4.0985000e-01  -1.5557500e-01
   1.0847410e+00  -3.9736600e-01  -1.7648100e-01
   1.0860080e+00  -4.6032400e-01  -1.3655800e-01
   1.0860580e+00  -3.8798500e-01  -1.7617500e-01
   1.0862760e+00  -3.9315100e-01  -1.7648100e-01
   1.0868920e+00  -4.6888000e-01  -1.5894000e-01
   1.0874000e+00  -3.9883900e-01  -1.6976700e-01
   1.0874220e+00  -4.0139400e-01  -1.7709200e-01
   1.0876640e+00  -4.0663000e-01  -1.5584400e-01
   1.0876750e+00  -4.0663500e-01  -1.6302300e-01
   1.0878690e+00  -4.1443400e-01  -1.6344500e-01
   1.0883530e+00  -4.0191200e-01  -1.7006100e-01
   1.0887220e+00  -4.1491900e-01  -1.5638300e-01
   1.0893260e+00  -4.0500600e-01  -1.6316400e-01
   1.0894170e+00  -3.8728700e-01  -1.7663400e-01
   1.0894830e+00  -4.6781600e-01  -1.5920900e-01
   1.0897050e+00  -3.9249800e-01  -1.6976700e-01
   1.0897660e+00  -3.7744700e-01  -1.7617500e-01
   1.0898180e+00  -4.8418300e-01  -1.6015100e-01
   1.0900330e+00  -3.8261000e-01  -1.7648100e-01
   1.0900870e+00  -4.6283900e-01  -1.2984200e-01
   1.0901810e+00  -4.0548400e-01  -1.5611400e-01
   1.0903320e+00  -4.1069200e-01  -1.6358600e-01
   1.0906000e+00  -3.9298700e-01  -1.6274200e-01
   1.0906750e+00  -3.9556500e-01  -1.7006100e-01
   1.0907460e+00  -4.6324500e-01  -1.2265500e-01
   1.0908910e+00  -4.0077300e-01  -1.6316400e-01
   1.0909760e+00  -4.0337100e-01  -1.6330400e-01
   1.0911880e+00  -4.1117500e-01  -1.5651700e-01
   1.0915710e+00  -3.9605700e-01  -1.6302300e-01
   1.0917480e+00  -4.0124700e-01  -1.5611400e-01
   1.0918330e+00  -4.0384800e-01  -1.5624800e-01
   1.0925930e+00  -4.7781000e-01  -1.5278400e-01
   1.0936900e+00  -3.4722600e-01  -1.6815300e-01
   1.0938310e+00  -3.8967600e-01  -1.7020700e-01
   1.0939910e+00  -3.7717800e-01  -1.7678600e-01
   1.0942360e+00  -4.0007000e-01  -1.7079400e-01
   1.0945090e+00  -3.8753900e-01  -1.7739800e-01
   1.0951350e+00  -4.0056600e-01  -1.6372600e-01
   1.0954480e+00  -3.8804500e-01  -1.7035400e-01
   1.0954670e+00  -3.8805500e-01  -1.5597900e-01
   1.0956040e+00  -4.6623900e-01  -1.1595400e-01
   1.0956660e+00  -3.6307600e-01  -1.7632800e-01
   1.0956790e+00  -3.9321700e-01  -1.7064800e-01
   1.0958060e+00  -3.9583100e-01  -1.5638300e-01
   1.0961910e+00  -4.6660100e-01  -1.0872800e-01
   1.0963490e+00  -3.8853000e-01  -1.6330400e-01
   1.0964720e+00  -3.9110600e-01  -1.6344500e-01
   1.0968770e+00  -3.8375100e-01  -1.7755000e-01
   1.0971980e+00  -3.7384400e-01  -1.7709200e-01
   1.0973350e+00  -3.9157300e-01  -1.5638300e-01
   1.0979430e+00  -3.8685200e-01  -1.7064800e-01
   1.0982190e+00  -3.7689500e-01  -1.7739800e-01
   1.0983200e+00  -3.9465300e-01  -1.6386700e-01
   1.0986340e+00  -3.6960500e-01  -1.7709200e-01
   1.0986920e+00  -3.8471900e-01  -1.7064800e-01
   1.0988460e+00  -3.8733700e-01  -1.6358600e-01
   1.0994370e+00  -3.8258500e-01  -1.7064800e-01
   1.0996750e+00  -3.7262700e-01  -1.7739800e-01
   1.0997120e+00  -3.8780100e-01  -1.5651700e-01
   1.1000390e+00  -3.7785200e-01  -1.7050100e-01
   1.1002610e+00  -4.7991600e-01  -1.6122800e-01
   1.1003420e+00  -3.8306700e-01  -1.6358600e-01
   1.1004630e+00  -3.8566500e-01  -1.5651700e-01
   1.1004700e+00  -3.8566900e-01  -1.6372600e-01
   1.1009810e+00  -4.6955300e-01  -1.0192700e-01
   1.1010520e+00  -3.8091200e-01  -1.7079400e-01
   1.1011050e+00  -3.6837800e-01  -1.7739800e-01
   1.1012090e+00  -3.8352700e-01  -1.5651700e-01
   1.1016470e+00  -3.7617500e-01  -1.7064800e-01
   1.1016480e+00  -3.6364900e-01  -1.7724500e-01
   1.1021850e+00  -4.7300200e-01  -1.6109300e-01
   1.1023430e+00  -4.7039300e-01  -9.4742000e-02
   1.1030060e+00  -4.7351000e-01  -1.5381200e-01
   1.1035740e+00  -3.7971300e-01  -1.6386700e-01
   1.1039690e+00  -3.7237300e-01  -1.7079400e-01
   1.1041290e+00  -3.7495000e-01  -1.7094100e-01
   1.1046340e+00  -4.7451800e-01  -1.4664800e-01
   1.1046900e+00  -3.7022900e-01  -1.7079400e-01
   1.1050400e+00  -3.7542400e-01  -1.6386700e-01
   1.1053270e+00  -3.7307900e-01  -1.2785800e-01
   1.1053800e+00  -4.7497900e-01  -1.3935000e-01
   1.1054600e+00  -3.8324300e-01  -1.6428900e-01
   1.1058830e+00  -3.6832800e-01  -4.9508000e-02
   1.1059120e+00  -3.7587900e-01  -1.5678700e-01
   1.1060050e+00  -3.7343000e-01  -1.2078100e-01
   1.1060630e+00  -3.7848800e-01  -1.6414800e-01
   1.1061090e+00  -3.5342800e-01  -1.6302300e-01
   1.1064810e+00  -3.7115500e-01  -1.6386700e-01
   1.1066430e+00  -3.7376100e-01  -1.1370000e-01
   1.1067110e+00  -3.6875400e-01  -8.5041000e-02
   1.1070050e+00  -3.7394900e-01  -7.0948000e-02
   1.1071550e+00  -3.6898300e-01  -7.7965000e-02
   1.1072010e+00  -3.6900600e-01  -1.1360200e-01
   1.1073730e+00  -3.7414000e-01  -6.3861000e-02
   1.1074170e+00  -3.7666400e-01  -1.3539500e-01
   1.1074460e+00  -3.6913200e-01  -1.2078100e-01
   1.1075620e+00  -3.6919100e-01  -7.0887000e-02
   1.1077010e+00  -3.7431000e-01  -5.6771000e-02
   1.1077090e+00  -3.6423700e-01  -1.7094100e-01
   1.1077780e+00  -4.7646400e-01  -1.3226700e-01
   1.1078020e+00  -3.6931500e-01  -1.0652200e-01
   1.1078700e+00  -3.6683200e-01  -7.7965000e-02
   1.1078800e+00  -3.6683800e-01  -1.7108800e-01
   1.1079290e+00  -3.6938000e-01  -6.3806000e-02
   1.1079310e+00  -3.7693200e-01  -1.2109300e-01
   1.1079910e+00  -3.7446100e-01  -4.9680000e-02
   1.1080460e+00  -3.6944000e-01  -1.7123400e-01
   1.1081340e+00  -3.7703800e-01  -1.2829900e-01
   1.1082580e+00  -3.6954900e-01  -5.6722000e-02
   1.1082760e+00  -3.6704000e-01  -7.0887000e-02
   1.1082920e+00  -3.7209000e-01  -3.5460000e-02
   1.1083120e+00  -3.6705900e-01  -8.5114000e-02
   1.1083640e+00  -3.6960400e-01  -9.9439000e-02
   1.1085710e+00  -3.7726500e-01  -1.1399400e-01
   1.1086250e+00  -3.6470300e-01  -1.6386700e-01
   1.1086440e+00  -3.6722800e-01  -6.3806000e-02
   1.1088500e+00  -3.7741100e-01  -9.9696000e-02
   1.1088870e+00  -3.6987300e-01  -9.2352000e-02
   1.1089610e+00  -3.6991100e-01  -1.6414800e-01
   1.1089680e+00  -3.7243900e-01  -4.2586000e-02
   1.1091160e+00  -3.7251500e-01  -1.5705600e-01
   1.1091480e+00  -3.5994900e-01  -1.6372600e-01
   1.1091720e+00  -3.7757900e-01  -1.0689000e-01
   1.1092740e+00  -3.7512600e-01  -1.6442900e-01
   1.1096030e+00  -3.6771900e-01  -9.2352000e-02
   1.1096770e+00  -3.6775700e-01  -1.6414800e-01
   1.1097460e+00  -3.7284100e-01  -1.3551100e-01
   1.1102540e+00  -3.6553300e-01  -1.4248600e-01
   1.1102630e+00  -3.7814800e-01  -1.5021400e-01
   1.1103000e+00  -3.7312700e-01  -9.9696000e-02
   1.1103840e+00  -3.6559900e-01  -1.5692100e-01
   1.1104230e+00  -3.7319000e-01  -8.5408000e-02
   1.1105540e+00  -3.6820600e-01  -1.5705600e-01
   1.1108240e+00  -3.7339700e-01  -9.2591000e-02
   1.1108690e+00  -3.7342100e-01  -7.8302000e-02
   1.1109040e+00  -3.7343900e-01  -1.1409200e-01
   1.1109870e+00  -3.7601600e-01  -1.5021400e-01
   1.1110140e+00  -3.6591900e-01  -1.3539500e-01
   1.1110290e+00  -3.7603800e-01  -1.5745900e-01
   1.1110610e+00  -3.7856400e-01  -1.4309800e-01
   1.1110970e+00  -3.6344500e-01  -1.6414800e-01
   1.1111460e+00  -3.7356400e-01  -1.2130200e-01
   1.1111760e+00  -3.6852400e-01  -1.0679800e-01
   1.1112230e+00  -3.6602600e-01  -1.4982900e-01
   1.1112770e+00  -3.7363100e-01  -7.1193000e-02
   1.1115060e+00  -3.7375000e-01  -1.0698200e-01
   1.1116550e+00  -3.6624600e-01  -7.1071000e-02
   1.1116640e+00  -3.7636700e-01  -1.3586000e-01
   1.1117150e+00  -3.7385800e-01  -1.5021400e-01
   1.1117350e+00  -3.6628600e-01  -1.2829900e-01
   1.1117400e+00  -3.6881200e-01  -9.9696000e-02
   1.1117860e+00  -3.7643000e-01  -1.4309800e-01
   1.1119030e+00  -3.5134800e-01  -1.6372600e-01
   1.1119060e+00  -3.6889700e-01  -1.2840900e-01
   1.1119560e+00  -3.6388000e-01  -7.8168000e-02
   1.1119760e+00  -3.7399200e-01  -5.6968000e-02
   1.1120250e+00  -3.6643400e-01  -6.3971000e-02
   1.1120690e+00  -3.6898100e-01  -1.3562800e-01
   1.1121360e+00  -3.6649100e-01  -7.8235000e-02
   1.1121930e+00  -3.6904400e-01  -1.4285300e-01
   1.1122670e+00  -3.7414300e-01  -4.9851000e-02
   1.1122760e+00  -3.6908600e-01  -1.5008600e-01
   1.1123450e+00  -3.6912200e-01  -1.1409200e-01
   1.1123570e+00  -3.7165600e-01  -1.4297600e-01
   1.1123640e+00  -3.6408700e-01  -7.1071000e-02
   1.1124170e+00  -3.6663400e-01  -1.2119800e-01
   1.1124810e+00  -3.7172000e-01  -1.5745900e-01
   1.1125150e+00  -3.7427100e-01  -1.4309800e-01
   1.1125330e+00  -3.7428000e-01  -6.4137000e-02
   1.1125460e+00  -3.7682500e-01  -1.0716600e-01
   1.1125880e+00  -3.6924600e-01  -1.2130200e-01
   1.1129360e+00  -4.8514400e-01  -1.5561100e-01
   1.1129800e+00  -3.6692000e-01  -9.2591000e-02
   1.1130600e+00  -3.6696100e-01  -1.1409200e-01
   1.1131140e+00  -3.7458000e-01  -1.2874000e-01
   1.1131180e+00  -3.7204700e-01  -1.3586000e-01
   1.1133210e+00  -3.7215200e-01  -1.5034300e-01
   1.1134670e+00  -3.6716800e-01  -8.5482000e-02
   1.1136640e+00  -3.6726900e-01  -1.0698200e-01
   1.1138400e+00  -3.7241800e-01  -1.2874000e-01
   1.1139950e+00  -3.7757600e-01  -1.0012500e-01
   1.1142300e+00  -3.6755700e-01  -9.9868000e-02
   1.1143680e+00  -4.8054400e-01  -1.2567500e-01
   1.1145200e+00  -3.7784900e-01  -9.2989000e-02
   1.1156590e+00  -3.5568500e-01  -1.6442900e-01
   1.1160400e+00  -3.6090300e-01  -1.6471100e-01
   1.1163580e+00  -3.6611000e-01  -9.2830000e-02
   1.1167780e+00  -3.7902100e-01  -8.5997000e-02
   1.1168460e+00  -3.6635800e-01  -8.5703000e-02
   1.1172270e+00  -3.7925400e-01  -7.8842000e-02
   1.1179280e+00  -3.6690600e-01  -1.0735000e-01
   1.1184960e+00  -3.6719400e-01  -1.0021100e-01
   1.1199850e+00  -3.6794800e-01  -1.1477800e-01
   1.1392400e+00  -3.6228000e-01  -1.6794600e-01
   1.1411450e+00  -3.7867000e-01  -1.6149700e-01
   1.1415160e+00  -3.7885800e-01  -1.2452900e-01
   1.1415580e+00  -3.7113100e-01  -1.6122800e-01
   1.1426070e+00  -3.7423600e-01  -1.6149700e-01
   1.1498410e+00  -3.8046900e-01  -1.6270800e-01
   1.1605860e+00  -3.8852100e-01  -1.5689600e-01
   1.1613380e+00  -3.8626700e-01  -1.5689600e-01
   1.1617990e+00  -3.7861600e-01  -1.6418800e-01
   1.1629790e+00  -3.8973300e-01  -1.3458100e-01
   1.1640810e+00  -3.9029100e-01  -1.4983100e-01
   1.1648800e+00  -3.9069700e-01  -1.4237400e-01
   1.1684260e+00  -3.7404600e-01  -1.6486100e-01
