   7.6282300e-01  -5.6406800e-01  -6.2993000e-02
   7.6307300e-01  -5.6433900e-01  -5.7274000e-02
   7.6330000e-01  -5.6458500e-01  -5.1552000e-02
   7.6337400e-01  -5.5934500e-01  -6.8562000e-02
   7.6350200e-01  -5.6480400e-01  -4.5829000e-02
   7.6364200e-01  -5.6229000e-01  -6.8709000e-02
   7.6381200e-01  -5.6247300e-01  -2.2872000e-02
   7.6391700e-01  -5.6258600e-01  -6.2993000e-02
   7.6393500e-01  -5.6795100e-01  -4.0190000e-02
   7.6408700e-01  -5.5746400e-01  -1.1400000e-02
   7.6409000e-01  -5.6811900e-01  -3.4452000e-02
   7.6422100e-01  -5.6826200e-01  -2.8712000e-02
   7.6443200e-01  -5.6849200e-01  -4.5976000e-02
   7.6451700e-01  -5.5792400e-01  -8.0049000e-02
   7.6503600e-01  -5.6646600e-01  -4.0190000e-02
   7.6519200e-01  -5.6663500e-01  -3.4452000e-02
   7.6532300e-01  -5.6677700e-01  -2.8712000e-02
   7.6543100e-01  -5.6689400e-01  -2.2971000e-02
   7.6558100e-01  -5.6974100e-01  -5.1828000e-02
   7.6602900e-01  -5.7022900e-01  -5.7641000e-02
   7.6634800e-01  -5.6254300e-01  -1.7192000e-02
   7.6687000e-01  -5.6845400e-01  -1.7266000e-02
   7.6696100e-01  -5.5789300e-01  -8.0220000e-02
   7.6704100e-01  -5.5011700e-01   5.6880000e-03
   7.6708900e-01  -5.6334000e-01  -1.1474000e-02
   7.6729300e-01  -5.6623000e-01  -1.7247000e-02
   7.6740900e-01  -5.6635500e-01  -7.4901000e-02
   7.6771100e-01  -5.7205900e-01  -2.3093000e-02
   7.6838500e-01  -5.7549800e-01  -3.4746000e-02
   7.6847200e-01  -5.7288600e-01  -1.7339000e-02
   7.6862300e-01  -5.5966500e-01  -5.7310000e-03
   7.6890300e-01  -5.7606400e-01  -4.0577000e-02
   7.6904600e-01  -5.5749800e-01  -8.6119000e-02
   7.6915400e-01  -5.7362800e-01  -6.3735000e-02
   7.6919200e-01  -5.7637900e-01  -2.8988000e-02
   7.6919300e-01  -5.7638100e-01  -5.2215000e-02
   7.6944600e-01  -5.5003200e-01  -9.7250000e-02
   7.6955200e-01  -5.7406100e-01  -6.9592000e-02
   7.6962300e-01  -5.7957300e-01  -4.6516000e-02
   7.6963900e-01  -5.7686800e-01  -5.8071000e-02
   7.6970800e-01  -5.5820200e-01   0.0000000e+00
   7.6975300e-01  -5.5560700e-01  -9.1842000e-02
   7.6975800e-01  -5.5298100e-01   1.1425000e-02
   7.6980300e-01  -5.7977100e-01  -4.0705000e-02
   7.6986500e-01  -5.6632300e-01  -7.5061000e-02
   7.6996000e-01  -5.7994200e-01  -3.4893000e-02
   7.7001800e-01  -5.6115300e-01  -8.6394000e-02
   7.7007200e-01  -5.7734100e-01  -4.6467000e-02
   7.7134200e-01  -5.7329900e-01  -6.9666000e-02
   7.7140800e-01  -5.7879900e-01  -6.4072000e-02
   7.7143700e-01  -5.8156200e-01  -5.2491000e-02
   7.7146500e-01  -5.5742000e-01   5.7370000e-03
   7.7208200e-01  -5.6072400e-01  -9.2332000e-02
   7.7211000e-01  -5.7142900e-01  -1.1584000e-02
   7.7212600e-01  -5.4241700e-01  -1.0852500e-01
   7.7236600e-01  -5.6365800e-01  -9.2528000e-02
   7.7278600e-01  -5.8304100e-01  -2.9202000e-02
   7.7282600e-01  -5.7220200e-01  -5.7980000e-03
   7.7293200e-01  -5.6962100e-01  -8.1250000e-02
   7.7303400e-01  -5.7513200e-01  -1.1621000e-02
   7.7325800e-01  -5.6997200e-01  -8.7130000e-02
   7.7329900e-01  -5.7813700e-01  -7.5858000e-02
   7.7367700e-01  -5.6773500e-01  -5.7860000e-03
   7.7402600e-01  -5.8165800e-01  -2.3363000e-02
   7.7454100e-01  -5.8771900e-01  -4.6958000e-02
   7.7466200e-01  -5.4764300e-01   1.7155000e-02
   7.7472300e-01  -5.8791900e-01  -4.1092000e-02
   7.7478600e-01  -5.8248800e-01  -1.7542000e-02
   7.7488100e-01  -5.8809200e-01  -3.5225000e-02
   7.7500700e-01  -5.8823100e-01  -5.2877000e-02
   7.7521000e-01  -5.7477500e-01  -8.1679000e-02
   7.7522100e-01  -5.5874100e-01  -9.8291000e-02
   7.7524400e-01  -5.8573500e-01  -5.8684000e-02
   7.7529800e-01  -5.7216500e-01  -5.8110000e-03
   7.7550000e-01  -5.6169100e-01  -9.8499000e-02
   7.7566200e-01  -5.8619300e-01  -6.4611000e-02
   7.7577200e-01  -5.7809900e-01  -7.6017000e-02
   7.7596800e-01  -5.5161700e-01  -1.0371900e-01
   7.7600100e-01  -5.4382500e-01   2.2848000e-02
   7.7615800e-01  -5.6770300e-01   0.0000000e+00
   7.7623600e-01  -5.6247000e-01   1.1560000e-02
   7.7627100e-01  -5.7321100e-01  -9.3410000e-02
   7.7652800e-01  -5.3664800e-01  -1.4332400e-01
   7.7654900e-01  -5.6547100e-01   5.7920000e-03
   7.7658700e-01  -5.3928200e-01   2.8497000e-02
   7.7665300e-01  -5.8178500e-01  -1.1707000e-02
   7.7688800e-01  -5.8478300e-01  -7.6415000e-02
   7.7689100e-01  -5.5257800e-01  -1.0968800e-01
   7.7695600e-01  -5.5527800e-01  -1.0405000e-01
   7.7703000e-01  -5.9045800e-01  -2.9448000e-02
   7.7704400e-01  -5.4233400e-01   2.2848000e-02
   7.7710200e-01  -5.7140200e-01   0.0000000e+00
   7.7719200e-01  -5.8511600e-01  -7.0548000e-02
   7.7739900e-01  -5.8809700e-01  -7.0696000e-02
   7.7754800e-01  -5.6385900e-01   1.7376000e-02
   7.7756400e-01  -5.7731600e-01  -8.7865000e-02
   7.7772300e-01  -5.4820500e-01   2.2946000e-02
   7.7776200e-01  -5.7210800e-01  -8.7589000e-02
   7.7780300e-01  -5.6412900e-01  -1.0471100e-01
   7.7802100e-01  -5.4590500e-01  -1.0934000e-01
   7.7803400e-01  -5.7510700e-01   0.0000000e+00
   7.7845500e-01  -5.7285100e-01   5.8290000e-03
   7.7849800e-01  -5.6754200e-01  -9.9124000e-02
   7.7858700e-01  -5.4391800e-01  -1.1506600e-01
   7.7874700e-01  -5.5715200e-01   1.7321000e-02
   7.7882300e-01  -5.8140400e-01  -8.2280000e-02
   7.7888200e-01  -5.7060900e-01   5.8230000e-03
   7.7895900e-01  -5.8980700e-01  -2.3584000e-02
   7.7902600e-01  -5.4436900e-01   2.8650000e-02
   7.7947500e-01  -5.9314900e-01  -5.9175000e-02
   7.7971800e-01  -5.9063900e-01  -1.7707000e-02
   7.7982700e-01  -5.5563900e-01   1.7321000e-02
   7.7993900e-01  -5.6907300e-01   1.1646000e-02
   7.7999800e-01  -5.4018200e-01  -1.1494400e-01
   7.8024900e-01  -5.8845300e-01  -1.1793000e-02
   7.8048300e-01  -5.6162400e-01   1.1597000e-02
   7.8056100e-01  -5.9434400e-01  -6.5218000e-02
   7.8071800e-01  -5.5393000e-01  -1.1015400e-01
   7.8076500e-01  -5.4873200e-01   2.8773000e-02
   7.8103700e-01  -5.3865800e-01  -1.4408800e-01
   7.8109200e-01  -5.2494400e-01  -1.4869100e-01
   7.8142700e-01  -5.8697700e-01  -5.8970000e-03
   7.8144200e-01  -5.9810800e-01  -4.7547000e-02
   7.8145800e-01  -5.7606700e-01  -9.3998000e-02
   7.8148800e-01  -5.7338900e-01  -9.9749000e-02
   7.8162500e-01  -5.9831100e-01  -4.1607000e-02
   7.8169900e-01  -5.4191400e-01   3.4415000e-02
   7.8178200e-01  -5.5240200e-01   2.8865000e-02
   7.8183500e-01  -5.4205200e-01   2.8681000e-02
   7.8184500e-01  -5.8467800e-01  -8.8600000e-02
   7.8190400e-01  -5.9861800e-01  -5.3539000e-02
   7.8191000e-01  -5.5780900e-01  -1.1641300e-01
   7.8213200e-01  -5.3410600e-01  -1.2053100e-01
   7.8245500e-01  -5.9922700e-01  -3.5703000e-02
   7.8249000e-01  -5.6373200e-01   1.7450000e-02
   7.8251000e-01  -5.5843500e-01   2.3191000e-02
   7.8274200e-01  -5.4557400e-01   3.4525000e-02
   7.8283700e-01  -5.7215300e-01  -1.0570300e-01
   7.8286800e-01  -5.2924800e-01  -1.4932700e-01
   7.8289900e-01  -5.5619400e-01   2.3167000e-02
   7.8320000e-01  -5.3801000e-01   3.4378000e-02
   7.8341500e-01  -5.6470300e-01  -1.0526200e-01
   7.8364200e-01  -5.6494200e-01  -1.1120100e-01
   7.8376100e-01  -5.8951600e-01  -8.3052000e-02
   7.8380600e-01  -5.4666100e-01  -1.1580000e-01
   7.8414600e-01  -5.6815200e-01   1.7523000e-02
   7.8447800e-01  -5.3930000e-01  -1.2117400e-01
   7.8487800e-01  -5.6356600e-01   2.3314000e-02
   7.8505300e-01  -5.6910800e-01  -1.0570300e-01
   7.8520700e-01  -5.9945700e-01  -2.3854000e-02
   7.8526500e-01  -5.3163800e-01  -1.2650600e-01
   7.8574500e-01  -5.5914900e-01  -1.1690200e-01
   7.8580300e-01  -5.8072100e-01  -1.0058100e-01
   7.8583700e-01  -5.5395700e-01  -1.1653500e-01
   7.8620000e-01  -5.3536400e-01   3.4415000e-02
   7.8650400e-01  -5.2219900e-01   3.9847000e-02
   7.8663000e-01  -5.3579400e-01  -1.5043900e-01
   7.8679600e-01  -5.6557300e-01  -1.1155000e-01
   7.8749500e-01  -5.3130400e-01   4.0104000e-02
   7.8751900e-01  -5.5833500e-01  -1.1702500e-01
   7.8769900e-01  -6.0502100e-01  -6.0033000e-02
   7.8770200e-01  -5.3150900e-01  -1.2677500e-01
   7.8836300e-01  -5.4608800e-01   3.4709000e-02
   7.8916900e-01  -5.2481400e-01   4.5731000e-02
   7.8930600e-01  -5.5228400e-01  -1.4638000e-01
   7.8947100e-01  -5.5770000e-01  -1.2310100e-01
   7.8953800e-01  -5.5252100e-01  -1.2271600e-01
   7.8991500e-01  -5.5027900e-01  -1.2258700e-01
   7.8994500e-01  -5.3117900e-01   4.0190000e-02
   7.8998600e-01  -5.4200400e-01   3.4672000e-02
   7.9021700e-01  -5.4509700e-01  -1.2812100e-01
   7.9107900e-01  -5.2948900e-01   4.0190000e-02
   7.9141400e-01  -5.3777000e-01   4.0405000e-02
   7.9155000e-01  -5.3276700e-01  -1.2731300e-01
   7.9167800e-01  -5.4945100e-01  -1.2271600e-01
   7.9179200e-01  -5.6542600e-01  -1.4188800e-01
   7.9206000e-01  -5.9574700e-01  -5.9820000e-03
   7.9277800e-01  -5.4481100e-01  -1.2839000e-01
   7.9336400e-01  -5.2336700e-01  -1.3264100e-01
   7.9378600e-01  -5.4582500e-01  -1.4638000e-01
   7.9404100e-01  -5.3523100e-01  -1.5139200e-01
   7.9409500e-01  -5.9515700e-01  -9.6155000e-02
   7.9425300e-01  -5.4342700e-01  -1.4622700e-01
   7.9440700e-01  -5.4644900e-01  -1.4056800e-01
   7.9494200e-01  -5.3047700e-01  -1.5699700e-01
   7.9500200e-01  -5.4704800e-01  -1.3475100e-01
   7.9538500e-01  -5.6115500e-01  -1.2400100e-01
   7.9552500e-01  -5.1014900e-01  -1.6104600e-01
   7.9588700e-01  -5.3422500e-01  -1.5155100e-01
   7.9627200e-01  -5.4544900e-01  -1.4071500e-01
   7.9631700e-01  -5.0350000e-01  -1.6053300e-01
   7.9639000e-01  -5.2099200e-01   4.5927000e-02
   7.9651400e-01  -5.0860300e-01  -1.6104600e-01
   7.9681200e-01  -5.2392700e-01   4.6025000e-02
   7.9687000e-01  -5.4604800e-01  -1.3489100e-01
   7.9692400e-01  -5.5477200e-01  -1.4159500e-01
   7.9721200e-01  -5.2988800e-01  -1.3362500e-01
   7.9738500e-01  -5.1441200e-01  -1.6173000e-01
   7.9744200e-01  -5.4662100e-01  -1.2906300e-01
   7.9749100e-01  -5.3297700e-01  -1.3390700e-01
   7.9752100e-01  -5.5537800e-01  -1.3573500e-01
   7.9809300e-01  -5.5595800e-01  -1.2987000e-01
   7.9819200e-01  -5.3084400e-01  -1.5749200e-01
   7.9820100e-01  -5.3934800e-01  -1.4638000e-01
   7.9882700e-01  -5.3996700e-01  -1.4056800e-01
   7.9884100e-01  -5.2082900e-01   4.6025000e-02
   7.9925600e-01  -5.4298600e-01  -1.4683800e-01
   7.9942800e-01  -5.4056100e-01  -1.3475100e-01
   7.9988300e-01  -5.4360800e-01  -1.4100800e-01
   8.0035500e-01  -5.1976000e-01   5.1828000e-02
   8.0048400e-01  -5.4420500e-01  -1.3517300e-01
   8.0064000e-01  -5.1751600e-01   5.1773000e-02
   8.0076100e-01  -5.3902700e-01  -1.4668500e-01
   8.0096100e-01  -5.5594800e-01  -1.4821300e-01
   8.0099900e-01  -5.4732800e-01  -1.4744900e-01
   8.0138900e-01  -5.3964600e-01  -1.4086100e-01
   8.0141800e-01  -5.3120100e-01   4.6418000e-02
   8.0158800e-01  -5.5658100e-01  -1.4232900e-01
   8.0162700e-01  -5.4795400e-01  -1.4159500e-01
   8.0164300e-01  -5.1596100e-01   5.1773000e-02
   8.0168100e-01  -5.6493300e-01  -1.4306200e-01
   8.0179100e-01  -5.1112800e-01  -1.6207200e-01
   8.0199200e-01  -5.4024000e-01  -1.3503200e-01
   8.0219000e-01  -5.5718900e-01  -1.3643800e-01
   8.0220200e-01  -5.1900600e-01  -1.3924700e-01
   8.0223000e-01  -5.4855500e-01  -1.3573500e-01
   8.0228200e-01  -5.6554800e-01  -1.3714200e-01
   8.0285800e-01  -5.6613600e-01  -1.3121600e-01
   8.0343900e-01  -5.0029100e-01   5.1387000e-02
   8.0359500e-01  -5.2794300e-01  -1.5798700e-01
   8.0362800e-01  -5.7228300e-01  -1.4394300e-01
   8.0373100e-01  -5.8880300e-01  -1.1480600e-01
   8.0389600e-01  -5.1061600e-01   5.1718000e-02
   8.0392600e-01  -5.1812800e-01  -1.3939400e-01
   8.0423000e-01  -5.7290400e-01  -1.3798600e-01
   8.0457800e-01  -5.7597600e-01  -1.4438300e-01
   8.0473200e-01  -5.2141700e-01   5.7887000e-02
   8.0480700e-01  -5.7349800e-01  -1.3202400e-01
   8.0496900e-01  -5.3465500e-01  -1.5881100e-01
   8.0501400e-01  -5.0421500e-01  -1.6190100e-01
   8.0548500e-01  -5.4081900e-01  -1.5345700e-01
   8.0560900e-01  -4.8284600e-01  -1.6585300e-01
   8.0561500e-01  -5.0973600e-01   5.1773000e-02
   8.0565500e-01  -5.3532200e-01  -1.5298000e-01
   8.0581000e-01  -5.1491600e-01   5.1939000e-02
   8.0591900e-01  -4.8795000e-01  -1.6638400e-01
   8.0599200e-01  -5.0265100e-01  -1.6190100e-01
   8.0614400e-01  -5.4146600e-01  -1.4760200e-01
   8.0631500e-01  -5.3596400e-01  -1.4714400e-01
   8.0660000e-01  -5.2828600e-01  -1.4056800e-01
   8.0663900e-01  -5.3909600e-01  -1.5345700e-01
   8.0677800e-01  -5.4208800e-01  -1.4174200e-01
   8.0686500e-01  -4.8638400e-01  -1.6638400e-01
   8.0694900e-01  -5.3658100e-01  -1.4130100e-01
   8.0730000e-01  -5.3974100e-01  -1.4760200e-01
   8.0736800e-01  -5.1137500e-01  -1.6292700e-01
   8.0745100e-01  -4.9661800e-01  -1.6155900e-01
   8.0762400e-01  -5.2671800e-01  -1.4056800e-01
   8.0783200e-01  -5.3203100e-01  -1.5298000e-01
   8.0793500e-01  -5.4036100e-01  -1.4174200e-01
   8.0835900e-01  -5.0980700e-01  -1.6292700e-01
   8.0848900e-01  -5.2754600e-01  -1.5864600e-01
   8.0849500e-01  -5.3267000e-01  -1.4714400e-01
   8.0855100e-01  -4.9762300e-01   5.1552000e-02
   8.0868200e-01  -5.2011700e-01  -1.5798700e-01
   8.0876600e-01  -4.9539700e-01   5.1497000e-02
   8.0888500e-01  -5.3048200e-01  -1.5897600e-01
   8.0894500e-01  -5.3567800e-01  -1.5947100e-01
   8.0894900e-01  -4.8102200e-01  -1.6620700e-01
   8.0913200e-01  -5.3328500e-01  -1.4130100e-01
   8.0917900e-01  -5.2820700e-01  -1.5282200e-01
   8.0933400e-01  -4.7657500e-01  -1.6585300e-01
   8.0934500e-01  -5.0823300e-01  -1.5699700e-01
   8.0937300e-01  -5.2077100e-01  -1.5218600e-01
   8.0939000e-01  -5.0084900e-01  -1.6224300e-01
   8.0957600e-01  -5.3114600e-01  -1.5313900e-01
   8.0962700e-01  -4.9860600e-01  -1.5617300e-01
   8.0963500e-01  -5.3634600e-01  -1.5361600e-01
   8.0979000e-01  -5.0121600e-01   5.1718000e-02
   8.0980000e-01  -5.1114900e-01  -1.5732700e-01
   8.0984300e-01  -5.2884300e-01  -1.4699100e-01
   8.0996600e-01  -5.1631500e-01  -1.5782200e-01
   8.1003800e-01  -5.0887700e-01  -1.5123300e-01
   8.1003900e-01  -5.2140000e-01  -1.4638000e-01
   8.1011100e-01  -5.0151000e-01  -1.5650300e-01
   8.1020900e-01  -4.9182500e-01  -1.4393500e-01
   8.1022500e-01  -5.2665600e-01  -1.5881100e-01
   8.1022600e-01  -5.3691900e-01  -1.4174200e-01
   8.1024000e-01  -5.3178400e-01  -1.4729600e-01
   8.1025700e-01  -5.1157400e-01   5.2049000e-02
   8.1028500e-01  -5.0414000e-01   5.1828000e-02
   8.1029900e-01  -5.3698900e-01  -1.4775500e-01
   8.1032100e-01  -4.9924000e-01  -1.5043900e-01
   8.1049300e-01  -5.1179500e-01  -1.5155100e-01
   8.1050300e-01  -4.8240400e-01   5.6906000e-02
   8.1051600e-01  -5.0932100e-01   5.1994000e-02
   8.1065900e-01  -5.1696500e-01  -1.5202700e-01
   8.1070500e-01  -5.0949600e-01  -1.4546300e-01
   8.1071700e-01  -4.9472400e-01  -1.4424100e-01
   8.1080500e-01  -5.0214700e-01  -1.5075600e-01
   8.1091800e-01  -5.2731600e-01  -1.5298000e-01
   8.1099000e-01  -4.9985100e-01  -1.4469900e-01
   8.1099800e-01  -4.7565200e-01  -1.6603000e-01
   8.1105400e-01  -5.0733000e-01  -1.5716200e-01
   8.1116000e-01  -5.1241600e-01  -1.4576900e-01
   8.1131800e-01  -4.9772000e-01  -1.6224300e-01
   8.1132600e-01  -5.1759200e-01  -1.4622700e-01
   8.1134500e-01  -4.7122300e-01  -1.6567600e-01
   8.1135500e-01  -4.8075500e-01  -1.6656100e-01
   8.1147400e-01  -5.0276100e-01  -1.4500500e-01
   8.1158400e-01  -5.2795200e-01  -1.4714400e-01
   8.1168700e-01  -5.1541500e-01  -1.5798700e-01
   8.1174900e-01  -5.0797300e-01  -1.5139200e-01
   8.1178700e-01  -5.7255000e-01  -1.4497000e-01
   8.1204000e-01  -5.0575700e-01  -1.6309800e-01
   8.1204100e-01  -4.9837800e-01  -1.5650300e-01
   8.1217900e-01  -4.7908400e-01  -1.4317100e-01
   8.1238200e-01  -5.1606500e-01  -1.5218600e-01
   8.1239700e-01  -5.7317200e-01  -1.3897000e-01
   8.1241800e-01  -5.0859200e-01  -1.4561600e-01
   8.1241900e-01  -4.8652400e-01  -1.6726900e-01
   8.1255000e-01  -5.2126900e-01  -1.5864600e-01
   8.1263200e-01  -4.9157200e-01  -1.4424100e-01
   8.1267700e-01  -5.2644100e-01  -1.5914100e-01
   8.1267900e-01  -4.9895800e-01  -1.4485200e-01
   8.1273800e-01  -4.9901300e-01  -1.5075600e-01
   8.1273800e-01  -4.9166800e-01  -1.6190100e-01
   8.1289400e-01  -6.2410100e-01  -8.6913000e-02
   8.1298200e-01  -5.7376700e-01  -1.3296600e-01
   8.1300900e-01  -5.7924100e-01  -1.4570300e-01
   8.1305100e-01  -5.1669000e-01  -1.4638000e-01
   8.1324500e-01  -4.9456600e-01  -1.6224300e-01
   8.1324600e-01  -5.2192400e-01  -1.5282200e-01
   8.1337200e-01  -5.2710100e-01  -1.5329800e-01
   8.1346400e-01  -4.9232000e-01  -1.5617300e-01
   8.1362000e-01  -5.7986800e-01  -1.3967400e-01
   8.1391500e-01  -5.2255500e-01  -1.4699100e-01
   8.1397100e-01  -4.9522100e-01  -1.5650300e-01
   8.1404100e-01  -5.2773600e-01  -1.4744900e-01
   8.1416300e-01  -4.9295000e-01  -1.5043900e-01
   8.1420500e-01  -5.8046800e-01  -1.3363900e-01
   8.1467000e-01  -4.9585300e-01  -1.5075600e-01
   8.1520300e-01  -4.9879100e-01  -1.6292700e-01
   8.1562300e-01  -4.7731800e-01  -1.6691500e-01
   8.1566600e-01  -5.0909500e-01  -1.5798700e-01
   8.1593000e-01  -4.9945000e-01  -1.5716200e-01
   8.1626700e-01  -4.8995900e-01   5.7458000e-02
   8.1636600e-01  -5.0974000e-01  -1.5218600e-01
   8.1643500e-01  -4.7566100e-01  -1.4347700e-01
   8.1663200e-01  -5.0008600e-01  -1.5139200e-01
   8.1686200e-01  -4.8321500e-01   5.7274000e-02
   8.1703900e-01  -5.1036000e-01  -1.4638000e-01
   8.1705800e-01  -4.6905900e-01  -1.6638400e-01
   8.1783700e-01  -6.3536700e-01  -7.5257000e-02
   8.1963400e-01  -5.9154600e-01  -1.4136200e-01
   8.1986800e-01  -4.7386400e-01  -1.6726900e-01
   8.2020800e-01  -4.6939500e-01  -1.6691500e-01
   8.2022400e-01  -5.9215600e-01  -1.3525400e-01
   8.2043200e-01  -4.7674600e-01  -1.6762300e-01
   8.2051800e-01  -4.7442700e-01  -1.4393500e-01
   8.2052200e-01  -4.9375700e-01  -1.6326900e-01
   8.2074300e-01  -4.9150800e-01  -1.6309800e-01
   8.2078800e-01  -5.9273900e-01  -1.2914100e-01
   8.2115700e-01  -4.7977800e-01   5.7396000e-02
   8.2125600e-01  -4.9441200e-01  -1.5749200e-01
   8.2140900e-01  -4.7999800e-01   5.1663000e-02
   8.2147800e-01  -4.9216100e-01  -1.5732700e-01
   8.2169600e-01  -4.8991300e-01  -1.6309800e-01
   8.2176500e-01  -4.6835500e-01  -1.4362900e-01
   8.2196400e-01  -4.9504400e-01  -1.5171000e-01
   8.2211200e-01  -4.8541800e-01  -1.6275600e-01
   8.2218600e-01  -4.9279100e-01  -1.5155100e-01
   8.2243200e-01  -4.9056500e-01  -1.5732700e-01
   8.2259900e-01  -6.0021500e-01  -1.2991200e-01
   8.2283900e-01  -4.7165300e-01   5.1497000e-02
   8.2284900e-01  -4.8606500e-01  -1.5699700e-01
   8.2301500e-01  -6.0346700e-01  -1.4276800e-01
   8.2314100e-01  -4.9119300e-01  -1.5155100e-01
   8.2326700e-01  -4.7680500e-01   5.1663000e-02
   8.2355900e-01  -4.8669000e-01  -1.5123300e-01
   8.2379400e-01  -4.8447000e-01  -1.6292700e-01
   8.2396500e-01  -4.9929400e-01  -1.6429400e-01
   8.2412300e-01  -4.8962000e-01  -1.6344000e-01
   8.2453300e-01  -4.8511600e-01  -1.5716200e-01
   8.2470200e-01  -4.9995500e-01  -1.5848200e-01
   8.2486200e-01  -4.9027200e-01  -1.5765700e-01
   8.2524600e-01  -4.8574000e-01  -1.5139200e-01
   8.2527100e-01  -4.7135200e-01   5.1608000e-02
   8.2541300e-01  -5.0059200e-01  -1.5266300e-01
   8.2542500e-01  -4.6910100e-01   5.1552000e-02
   8.2557400e-01  -4.9090000e-01  -1.5186800e-01
   8.2560300e-01  -6.4094000e-01  -1.2640000e-02
   8.2695100e-01  -4.8483000e-01  -1.6344000e-01
   8.2718800e-01  -4.7060300e-01  -1.4454600e-01
   8.2730300e-01  -6.1080100e-01  -1.4389300e-01
   8.2769300e-01  -4.8547700e-01  -1.5765700e-01
   8.2840900e-01  -4.8610100e-01  -1.5186800e-01
   8.2979800e-01  -4.6333600e-01   5.1608000e-02
   8.2996100e-01  -4.4939800e-01   4.5535000e-02
   8.3012200e-01  -4.8516100e-01  -1.6395200e-01
   8.3031800e-01  -4.8290400e-01  -1.6378100e-01
   8.3040100e-01  -4.5208800e-01   5.1332000e-02
   8.3086900e-01  -4.8580900e-01  -1.5815200e-01
   8.3087000e-01  -4.7613800e-01  -1.6326900e-01
   8.3106400e-01  -4.8355000e-01  -1.5798700e-01
   8.3146300e-01  -4.6236400e-01   5.1663000e-02
   8.3153400e-01  -6.0668400e-01  -1.4403400e-01
   8.3158800e-01  -4.8643400e-01  -1.5234500e-01
   8.3161800e-01  -4.7677800e-01  -1.5749200e-01
   8.3178400e-01  -4.8417200e-01  -1.5218600e-01
   8.3200000e-01  -4.8193400e-01  -1.6395200e-01
   8.3201800e-01  -4.6995600e-01  -1.4515700e-01
   8.3213400e-01  -6.0730700e-01  -1.3781100e-01
   8.3223900e-01  -4.5126300e-01  -1.3792700e-01
   8.3233900e-01  -4.7739400e-01  -1.5171000e-01
   8.3235900e-01  -4.6074900e-01   5.1663000e-02
   8.3238000e-01  -4.4904800e-01   4.5633000e-02
   8.3251200e-01  -4.8237500e-01   5.2270000e-02
   8.3270700e-01  -6.0790200e-01  -1.3158200e-01
   8.3271300e-01  -4.7290800e-01  -1.6326900e-01
   8.3274900e-01  -4.8257900e-01  -1.5815200e-01
   8.3292900e-01  -4.6834000e-01  -1.4515700e-01
   8.3337600e-01  -4.7347100e-01  -1.4561600e-01
   8.3346300e-01  -4.7354500e-01  -1.5749200e-01
   8.3347000e-01  -4.8320100e-01  -1.5234500e-01
   8.3361000e-01  -4.3803600e-01  -1.3137500e-01
   8.3361900e-01  -4.7130900e-01  -1.6326900e-01
   8.3368200e-01  -4.8095900e-01  -1.6412300e-01
   8.3387700e-01  -6.1483200e-01  -1.3861800e-01
   8.3394900e-01  -4.7395700e-01   5.2104000e-02
   8.3404300e-01  -4.7644100e-01  -1.6378100e-01
   8.3418600e-01  -4.7415800e-01  -1.5171000e-01
   8.3423700e-01  -6.5643800e-01  -3.2117000e-02
   8.3437100e-01  -4.7194400e-01  -1.5749200e-01
   8.3443300e-01  -4.8160300e-01  -1.5831700e-01
   8.3445100e-01  -6.1543300e-01  -1.3235300e-01
   8.3449300e-01  -4.5780300e-01  -1.6224300e-01
   8.3479500e-01  -4.7708100e-01  -1.5798700e-01
   8.3488200e-01  -4.3652200e-01   3.9761000e-02
   8.3499900e-01  -6.1600600e-01  -1.2608300e-01
   8.3509500e-01  -4.7255600e-01  -1.5171000e-01
   8.3515600e-01  -4.8222500e-01  -1.5250400e-01
   8.3528600e-01  -4.7032400e-01  -1.6344000e-01
   8.3550000e-01  -4.6573500e-01  -1.4531000e-01
   8.3551900e-01  -4.7769700e-01  -1.5218600e-01
   8.3562000e-01  -4.7299900e-01   5.2160000e-02
   8.3577300e-01  -4.7073300e-01   5.2104000e-02
   8.3604000e-01  -4.7095800e-01  -1.5765700e-01
   8.3626200e-01  -4.2826600e-01  -1.2529500e-01
   8.3632800e-01  -4.6168000e-01   5.1884000e-02
   8.3676700e-01  -4.7156900e-01  -1.5186800e-01
   8.3822500e-01  -4.6088200e-01   4.6173000e-02
   8.3846300e-01  -4.7060000e-01  -1.6395200e-01
   8.3922100e-01  -4.7123500e-01  -1.5815200e-01
   8.3924700e-01  -4.5464700e-01  -1.3910000e-01
   8.3936800e-01  -4.4008900e-01   4.5731000e-02
   8.3953300e-01  -4.6196100e-01   5.2049000e-02
   8.3995100e-01  -4.7184600e-01  -1.5234500e-01
   8.4038300e-01  -4.2239000e-01   2.8344000e-02
   8.4065300e-01  -4.7243600e-01  -1.4653300e-01
   8.4080100e-01  -4.4634000e-01   4.0190000e-02
   8.4097200e-01  -4.4391700e-01   4.0147000e-02
   8.4100400e-01  -4.5372800e-01   4.6124000e-02
   8.4132100e-01  -4.5869800e-01   5.2049000e-02
   8.4164400e-01  -4.7086500e-01  -1.6446500e-01
   8.4187300e-01  -4.5211300e-01   4.6124000e-02
   8.4206200e-01  -4.4992300e-01  -1.6275600e-01
   8.4236400e-01  -4.5955200e-01  -1.6361100e-01
   8.4240500e-01  -4.7150100e-01  -1.5864600e-01
   8.4261300e-01  -4.5503500e-01  -1.6326900e-01
   8.4270800e-01  -4.6696500e-01  -1.6429400e-01
   8.4272500e-01  -4.2646600e-01   2.8466000e-02
   8.4299200e-01  -4.6243700e-01  -1.6395200e-01
   8.4313900e-01  -4.7211300e-01  -1.5282200e-01
   8.4339100e-01  -4.6753100e-01  -1.4653300e-01
   8.4347000e-01  -4.6759600e-01  -1.5848200e-01
   8.4363700e-01  -4.4095600e-01   4.0190000e-02
   8.4400100e-01  -4.7043100e-01  -1.4683800e-01
   8.4419100e-01  -4.2532100e-01   3.4194000e-02
   8.4420500e-01  -4.6820500e-01  -1.5266300e-01
   8.4430500e-01  -4.5173000e-01   4.6222000e-02
   8.4455900e-01  -4.4935500e-01  -1.6309800e-01
   8.4473500e-01  -4.5675800e-01  -1.3998100e-01
   8.4473700e-01  -4.3720100e-01   3.4415000e-02
   8.4478200e-01  -4.5916000e-01  -1.6395200e-01
   8.4490800e-01  -4.3273200e-01  -1.2664000e-01
   8.4505900e-01  -4.0798100e-01  -1.0217600e-01
   8.4561000e-01  -4.5513600e-01  -1.3998100e-01
   8.4618000e-01  -4.6267500e-01  -1.5848200e-01
   8.4633200e-01  -4.4309000e-01  -1.3334400e-01
   8.4637100e-01  -4.3617500e-01   3.4452000e-02
   8.4654900e-01  -4.5589500e-01  -1.6395200e-01
   8.4691800e-01  -4.6328000e-01  -1.5266300e-01
   8.4692300e-01  -4.1385600e-01  -1.0840900e-01
   8.4705200e-01  -4.1620400e-01   1.7063000e-02
   8.4710200e-01  -4.7301000e-01  -1.6549100e-01
   8.4762900e-01  -4.6386200e-01  -1.4683800e-01
   8.4786900e-01  -4.7364800e-01  -1.5963600e-01
   8.4793000e-01  -4.1912700e-01  -1.1457600e-01
   8.4796800e-01  -4.4205900e-01  -1.3348500e-01
   8.4805900e-01  -4.2601600e-01  -1.2078800e-01
   8.4818000e-01  -4.6909700e-01  -1.5930600e-01
   8.4832800e-01  -4.6682300e-01  -1.5914100e-01
   8.4860800e-01  -4.7426300e-01  -1.5377500e-01
   8.4892100e-01  -4.6970700e-01  -1.5345700e-01
   8.4906800e-01  -4.6743100e-01  -1.5329800e-01
   8.4916400e-01  -4.5304900e-01   4.6467000e-02
   8.4963300e-01  -4.7029500e-01  -1.4760200e-01
   8.4971800e-01  -4.3187200e-01  -1.2717900e-01
   8.4978100e-01  -4.6801700e-01  -1.4744900e-01
   8.5010500e-01  -4.2304800e-01   2.2897000e-02
   8.5011100e-01  -4.1399600e-01  -1.0875800e-01
   8.5014600e-01  -4.1853900e-01   2.2848000e-02
   8.5034400e-01  -4.5659600e-01  -1.4071500e-01
   8.5037000e-01  -4.3698800e-01   3.4599000e-02
   8.5050600e-01  -4.5672700e-01  -1.5864600e-01
   8.5075300e-01  -4.0330100e-01  -9.1058000e-02
   8.5116400e-01  -4.0804400e-01   5.6880000e-03
   8.5125000e-01  -4.5732600e-01  -1.5282200e-01
   8.5145600e-01  -4.4247800e-01  -1.5765700e-01
   8.5157100e-01  -4.2416200e-01   2.8681000e-02
   8.5162800e-01  -4.4261400e-01   4.0534000e-02
   8.5196600e-01  -4.5790300e-01  -1.4699100e-01
   8.5202800e-01  -4.2679500e-01  -1.2130200e-01
   8.5208900e-01  -4.5539600e-01  -1.4086100e-01
   8.5223400e-01  -4.1107900e-01  -1.0305800e-01
   8.5233600e-01  -4.4550400e-01   4.0620000e-02
   8.5251900e-01  -4.2260400e-01   2.2946000e-02
   8.5253500e-01  -3.9793800e-01  -1.7008000e-02
   8.5268400e-01  -4.6085900e-01  -1.5930600e-01
   8.5306100e-01  -4.5357300e-01  -1.4086100e-01
   8.5332900e-01  -4.6373800e-01  -1.5963600e-01
   8.5343100e-01  -4.6146200e-01  -1.5345700e-01
   8.5349500e-01  -4.2106700e-01  -1.1531100e-01
   8.5354000e-01  -4.1430300e-01   1.1437000e-02
   8.5401800e-01  -3.9679600e-01  -2.2701000e-02
   8.5407600e-01  -4.6434500e-01  -1.5377500e-01
   8.5414900e-01  -4.6204300e-01  -1.4760200e-01
   8.5428400e-01  -3.9698800e-01  -7.3945000e-02
   8.5435800e-01  -4.3777400e-01  -1.2812100e-01
   8.5443400e-01  -4.2634000e-01  -1.2155900e-01
   8.5450500e-01  -4.3788800e-01  -1.3404700e-01
   8.5479400e-01  -4.6492800e-01  -1.4790800e-01
   8.5491700e-01  -4.4053100e-01   4.0620000e-02
   8.5496200e-01  -4.5249000e-01  -1.5897600e-01
   8.5505400e-01  -4.4530500e-01  -1.3461000e-01
   8.5511900e-01  -4.0872100e-01  -9.7458000e-02
   8.5513300e-01  -4.0427700e-01  -5.7000000e-03
   8.5516600e-01  -4.0207100e-01  -8.5659000e-02
   8.5521500e-01  -4.4076400e-01  -1.3432900e-01
   8.5547900e-01  -4.3170500e-01   2.8896000e-02
   8.5548500e-01  -4.6788800e-01  -1.6029600e-01
   8.5560500e-01  -4.2265800e-01   2.8773000e-02
   8.5569000e-01  -4.1590700e-01  -1.0945600e-01
   8.5585100e-01  -4.2056500e-01   1.7247000e-02
   8.5587400e-01  -4.1604300e-01   1.7210000e-02
   8.5588500e-01  -4.3432500e-01   4.0534000e-02
   8.5601300e-01  -4.3673800e-01   3.4783000e-02
   8.5605100e-01  -4.3445300e-01  -1.2812100e-01
   8.5623300e-01  -4.6849800e-01  -1.5441000e-01
   8.5642000e-01  -4.4403700e-01   4.0748000e-02
   8.5654400e-01  -3.9639900e-01  -6.2655000e-02
   8.5669200e-01  -4.2119700e-01  -1.1567800e-01
   8.5674300e-01  -4.3962500e-01   3.4856000e-02
   8.5684100e-01  -4.2587800e-01  -1.2181600e-01
   8.5686600e-01  -4.5922800e-01  -1.5980100e-01
   8.5695400e-01  -4.6908500e-01  -1.4851900e-01
   8.5697400e-01  -4.4447100e-01  -1.5864600e-01
   8.5710000e-01  -4.3066900e-01   2.8926000e-02
   8.5725700e-01  -4.5431500e-01  -1.5345700e-01
   8.5758600e-01  -4.0831300e-01   0.0000000e+00
   8.5761600e-01  -4.5983000e-01  -1.5393400e-01
   8.5784500e-01  -4.5739500e-01  -1.5980100e-01
   8.5788000e-01  -3.9514200e-01  -5.1276000e-02
   8.5794100e-01  -3.9962700e-01  -8.0049000e-02
   8.5797100e-01  -4.0187700e-01  -8.0135000e-02
   8.5797900e-01  -4.5489000e-01  -1.4760200e-01
   8.5808500e-01  -4.5239600e-01  -1.4144800e-01
   8.5812200e-01  -3.9531500e-01  -4.5584000e-02
   8.5827300e-01  -4.0209600e-01  -1.1425000e-02
   8.5833500e-01  -3.9546800e-01  -3.9890000e-02
   8.5833900e-01  -4.6041000e-01  -1.4806000e-01
   8.5855800e-01  -4.2947800e-01  -1.2812100e-01
   8.5859800e-01  -4.5799500e-01  -1.5393400e-01
   8.5867400e-01  -4.5544300e-01  -1.4174200e-01
   8.5871800e-01  -3.9796200e-01  -2.8528000e-02
   8.5898100e-01  -4.1836000e-01   2.3044000e-02
   8.5901000e-01  -4.5312900e-01  -1.5963600e-01
   8.5903600e-01  -4.4608400e-01  -1.3517300e-01
   8.5906700e-01  -4.2070000e-01   1.7302000e-02
   8.5910000e-01  -3.9823700e-01  -7.4344000e-02
   8.5920200e-01  -4.1172700e-01   5.7430000e-03
   8.5928900e-01  -4.3462700e-01   3.4856000e-02
   8.5932100e-01  -4.5857400e-01  -1.4806000e-01
   8.5945700e-01  -3.9849300e-01  -6.8636000e-02
   8.5956300e-01  -4.2794100e-01   2.8957000e-02
   8.5968600e-01  -4.1661300e-01  -1.0992100e-01
   8.5976400e-01  -4.5372600e-01  -1.5377500e-01
   8.5989100e-01  -4.1676500e-01   1.7284000e-02
   8.5996200e-01  -4.1681800e-01   1.1523000e-02
   8.5996400e-01  -4.1228900e-01   1.1498000e-02
   8.6022200e-01  -4.1474200e-01  -1.0405000e-01
   8.6037400e-01  -4.0810600e-01  -9.2136000e-02
   8.6044100e-01  -4.2172900e-01   2.8896000e-02
   8.6049000e-01  -4.5430000e-01  -1.4790800e-01
   8.6056800e-01  -4.2182400e-01   2.3118000e-02
   8.6060300e-01  -4.0154800e-01  -1.7173000e-02
   8.6083300e-01  -4.2660300e-01  -1.2233000e-01
   8.6085700e-01  -3.9727300e-01  -5.7212000e-02
   8.6087200e-01  -4.3355000e-01  -1.2865900e-01
   8.6091600e-01  -4.3358300e-01   3.4893000e-02
   8.6102600e-01  -4.1307100e-01  -1.0405000e-01
   8.6114300e-01  -3.9970500e-01  -8.0306000e-02
   8.6116500e-01  -4.0643500e-01  -9.2136000e-02
   8.6129200e-01  -4.5256700e-01  -1.4188800e-01
   8.6151600e-01  -4.1119600e-01  -9.8187000e-02
   8.6156000e-01  -4.1122900e-01   1.1511000e-02
   8.6157700e-01  -4.0673400e-01  -5.7430000e-03
   8.6160300e-01  -4.1126000e-01   5.7550000e-03
   8.6160700e-01  -4.0900700e-01   0.0000000e+00
   8.6177000e-01  -3.9792700e-01  -3.4341000e-02
   8.6229500e-01  -4.1176800e-01   1.7284000e-02
   8.6237800e-01  -4.1633600e-01   1.1548000e-02
   8.6294400e-01  -4.2589700e-01   2.3216000e-02
   8.6299100e-01  -3.9880000e-01  -6.3128000e-02
   8.6311100e-01  -4.1687800e-01   1.7339000e-02
   8.6318100e-01  -4.0340800e-01  -8.6394000e-02
   8.6320300e-01  -4.0566800e-01  -8.6486000e-02
   8.6320800e-01  -4.1017600e-01   5.7620000e-03
   8.6320800e-01  -4.0792100e-01   0.0000000e+00
   8.6361500e-01  -4.2640100e-01   2.9049000e-02
   8.6369700e-01  -4.1503800e-01  -1.1027000e-01
   8.6376100e-01  -4.5451400e-01  -1.6046000e-01
   8.6386400e-01  -4.2429100e-01  -1.1665700e-01
   8.6397000e-01  -4.4288900e-01  -1.3559500e-01
   8.6398200e-01  -3.9728000e-01  -4.0147000e-02
   8.6428400e-01  -3.9972600e-01  -6.9004000e-02
   8.6433700e-01  -3.9753300e-01  -5.1663000e-02
   8.6452000e-01  -4.5511200e-01  -1.5456900e-01
   8.6458100e-01  -3.9770700e-01  -4.5927000e-02
   8.6498200e-01  -3.9799300e-01  -3.4452000e-02
   8.6517800e-01  -4.0036600e-01  -2.8742000e-02
   8.6525000e-01  -4.5568900e-01  -1.4867200e-01
   8.6554600e-01  -4.0062900e-01  -7.4901000e-02
   8.6569000e-01  -3.9849700e-01  -5.7519000e-02
   8.6582500e-01  -4.1435700e-01  -1.0460100e-01
   8.6615200e-01  -4.0330500e-01  -2.3044000e-02
   8.6620100e-01  -3.9886100e-01  -6.3330000e-02
   8.6635000e-01  -4.0569500e-01  -1.1535000e-02
   8.6639300e-01  -4.0572600e-01  -5.7680000e-03
   8.6641300e-01  -4.0799400e-01  -5.7740000e-03
   8.6641600e-01  -4.2850600e-01  -1.2310100e-01
   8.6642800e-01  -4.0800500e-01   0.0000000e+00
   8.6668200e-01  -3.9920400e-01  -6.9151000e-02
   8.6703000e-01  -4.1977600e-01   2.3241000e-02
   8.6720200e-01  -4.1309400e-01   1.1584000e-02
   8.6720400e-01  -4.0631100e-01   5.7740000e-03
   8.6721800e-01  -4.0632200e-01   0.0000000e+00
   8.6723700e-01  -4.1085300e-01   5.7860000e-03
   8.6758200e-01  -3.9984600e-01  -2.8804000e-02
   8.6774600e-01  -4.0220400e-01  -2.3069000e-02
   8.6787600e-01  -4.0454400e-01  -1.7321000e-02
   8.6794400e-01  -4.1816600e-01   1.7431000e-02
   8.6794600e-01  -4.0010500e-01  -7.5061000e-02
   8.6794800e-01  -4.0459600e-01  -1.1548000e-02
   8.6803300e-01  -4.0916800e-01   5.7860000e-03
   8.6873600e-01  -4.1194300e-01  -9.8916000e-02
   8.6873800e-01  -4.1421600e-01  -9.9020000e-02
   8.6880300e-01  -4.0521000e-01  -5.7800000e-03
   8.6903500e-01  -4.1443400e-01  -1.0493200e-01
   8.6920500e-01  -4.1001800e-01  -9.3018000e-02
   8.6927800e-01  -4.2143900e-01  -1.1120100e-01
   8.6947300e-01  -4.0344000e-01  -1.7339000e-02
   8.6948900e-01  -4.2389200e-01  -1.1726900e-01
   8.6999200e-01  -3.9932200e-01  -5.1994000e-02
   8.7000000e-01  -4.0832900e-01  -9.3018000e-02
   8.7009800e-01  -4.1749100e-01  -1.1108400e-01
   8.7015400e-01  -4.0167900e-01  -2.3118000e-02
   8.7023800e-01  -3.9949600e-01  -4.6222000e-02
   8.7025500e-01  -4.0175100e-01  -1.7339000e-02
   8.7025600e-01  -4.2676500e-01  -1.1751400e-01
   8.7031100e-01  -4.2220200e-01  -1.1726900e-01
   8.7035800e-01  -4.0407400e-01  -1.1572000e-02
   8.7042200e-01  -4.2920000e-01  -1.2361500e-01
   8.7088200e-01  -3.9773900e-01  -2.3093000e-02
   8.7121500e-01  -4.0468700e-01  -5.7920000e-03
   8.7125400e-01  -4.0697200e-01   0.0000000e+00
   8.7134600e-01  -4.0028200e-01  -5.7887000e-02
   8.7144600e-01  -4.1391500e-01  -1.0515200e-01
   8.7152200e-01  -4.0040700e-01  -6.9519000e-02
   8.7161300e-01  -4.0271900e-01  -8.1250000e-02
   8.7163900e-01  -4.0499100e-01  -8.1336000e-02
   8.7182900e-01  -4.5371000e-01  -1.5552200e-01
   8.7185500e-01  -4.0064400e-01  -6.3735000e-02
   8.7195500e-01  -4.0296300e-01  -1.1584000e-02
   8.7202900e-01  -4.0526900e-01  -8.7222000e-02
   8.7208400e-01  -4.0080700e-01  -4.0534000e-02
   8.7227300e-01  -4.0094000e-01  -3.4746000e-02
   8.7243200e-01  -4.0105400e-01  -2.8957000e-02
   8.7251100e-01  -4.1697300e-01  -1.1131700e-01
   8.7256700e-01  -4.5428500e-01  -1.4958800e-01
   8.7263500e-01  -3.9897800e-01  -4.6320000e-02
   8.7275600e-01  -4.1259000e-01  -9.9332000e-02
   8.7278500e-01  -4.0130400e-01  -7.5459000e-02
   8.7285200e-01  -3.9913200e-01  -4.0534000e-02
   8.7285400e-01  -4.1493900e-01   1.1658000e-02
   8.7304100e-01  -3.9926500e-01  -3.4746000e-02
   8.7304400e-01  -4.4284700e-01  -1.5488700e-01
   8.7320000e-01  -3.9937800e-01  -2.8957000e-02
   8.7327700e-01  -4.5483800e-01  -1.4364900e-01
   8.7362700e-01  -4.0415500e-01  -5.8050000e-03
   8.7366600e-01  -4.0870500e-01  -8.7497000e-02
   8.7394200e-01  -4.6014200e-01  -1.5631600e-01
   8.7405600e-01  -4.5783500e-01  -1.5615800e-01
   8.7455700e-01  -4.0033700e-01  -5.8071000e-02
   8.7468200e-01  -4.6072300e-01  -1.5035200e-01
   8.7473200e-01  -4.0046100e-01  -6.9739000e-02
   8.7479700e-01  -4.5841500e-01  -1.5020000e-01
   8.7483200e-01  -4.0954300e-01  -9.3508000e-02
   8.7483400e-01  -4.0053300e-01  -5.2270000e-02
   8.7500800e-01  -4.0288200e-01  -2.3241000e-02
   8.7506700e-01  -4.0069700e-01  -6.3937000e-02
   8.7511000e-01  -4.0295500e-01  -1.7431000e-02
   8.7539300e-01  -4.6128100e-01  -1.4438300e-01
   8.7550800e-01  -4.5897100e-01  -1.4423600e-01
   8.7588200e-01  -4.0127400e-01  -1.7431000e-02
   8.7597600e-01  -4.4037700e-01  -1.3094700e-01
   8.7599800e-01  -4.0358500e-01  -1.1633000e-02
   8.7678100e-01  -4.1322300e-01  -9.9749000e-02
   8.7686800e-01  -4.0646500e-01  -8.7681000e-02
   8.7692100e-01  -4.0877100e-01   0.0000000e+00
   8.7758200e-01  -4.1152000e-01  -9.9749000e-02
   8.7762400e-01  -4.0250500e-01  -7.5858000e-02
   8.7771000e-01  -4.0031200e-01  -4.0748000e-02
   8.7790000e-01  -4.0044600e-01  -3.4930000e-02
   8.7806000e-01  -4.0055900e-01  -2.9110000e-02
   8.7819200e-01  -4.0065200e-01  -2.3290000e-02
   8.7829400e-01  -4.0072300e-01  -1.7468000e-02
   8.7830800e-01  -4.0073300e-01  -4.6614000e-02
   8.7848800e-01  -4.0535300e-01  -5.8350000e-03
   8.7887500e-01  -4.0113300e-01  -5.2491000e-02
   8.7894700e-01  -4.5685900e-01  -1.5679300e-01
   8.7941400e-01  -4.0151200e-01  -5.8377000e-02
   8.7947900e-01  -4.4303000e-01  -1.5584000e-01
   8.7965300e-01  -3.9942600e-01  -5.2491000e-02
   8.7969300e-01  -4.5743800e-01  -1.5081100e-01
   8.7990200e-01  -3.9960000e-01  -4.6663000e-02
   8.8012200e-01  -3.9975400e-01  -4.0834000e-02
   8.8029600e-01  -4.1805400e-01  -1.0625400e-01
   8.8031200e-01  -3.9988800e-01  -3.5004000e-02
   8.8041000e-01  -4.5799400e-01  -1.4482300e-01
   8.8042700e-01  -3.9771700e-01  -5.2491000e-02
   8.8047300e-01  -4.0000100e-01  -2.9172000e-02
   8.8067600e-01  -3.9789100e-01  -4.6663000e-02
   8.8201700e-01  -3.9657700e-01  -5.2546000e-02
   8.8214200e-01  -4.0794700e-01  -8.2280000e-02
   8.8226700e-01  -3.9675100e-01  -4.6712000e-02
   8.8252800e-01  -4.0822100e-01  -8.8233000e-02
   8.8284700e-01  -4.0392900e-01  -7.0401000e-02
   8.8287100e-01  -4.5510200e-01  -1.3883000e-01
   8.8289900e-01  -4.1076400e-01  -9.4292000e-02
   8.8290900e-01  -4.1305700e-01  -9.4391000e-02
   8.8316100e-01  -4.5293300e-01  -1.5711100e-01
   8.8318500e-01  -4.0416700e-01  -6.4544000e-02
   8.8329400e-01  -4.0424400e-01  -7.6336000e-02
   8.8349000e-01  -4.4370100e-01  -1.5647500e-01
   8.8393000e-01  -4.0016300e-01  -6.4476000e-02
   8.8424000e-01  -4.0038000e-01  -5.8623000e-02
   8.8427800e-01  -4.0266900e-01  -5.8684000e-02
   8.8469800e-01  -4.0296300e-01  -2.3461000e-02
   8.8493500e-01  -4.0767500e-01  -1.1756000e-02
   8.8499200e-01  -4.0090500e-01  -4.1049000e-02
   8.8540900e-01  -4.5705600e-01  -1.5774600e-01
   8.8560200e-01  -4.0359700e-01  -6.4679000e-02
   8.8600300e-01  -4.0161100e-01  -3.5225000e-02
   8.8616100e-01  -4.5763500e-01  -1.5172800e-01
   8.8686300e-01  -4.6058600e-01  -1.5822300e-01
   8.8688400e-01  -4.5819200e-01  -1.4570300e-01
   8.8689500e-01  -4.0450400e-01  -7.0696000e-02
   8.8761700e-01  -4.6116800e-01  -1.5218600e-01
   8.8780500e-01  -4.0970400e-01  -8.2794000e-02
   8.8834100e-01  -4.6172800e-01  -1.4614400e-01
   8.9060600e-01  -4.0710600e-01  -7.6973000e-02
   8.9239000e-01  -4.0379100e-01  -5.9175000e-02
   8.9267200e-01  -4.1084700e-01  -8.3223000e-02
   8.9306700e-01  -4.1342400e-01  -8.9336000e-02
   8.9315100e-01  -4.0431900e-01  -4.1435000e-02
   8.9433200e-01  -4.5669200e-01  -1.5901700e-01
   8.9749100e-01  -4.4707000e-01  -1.2785600e-01
   8.9830900e-01  -4.1020400e-01  -7.1652000e-02
   8.9859800e-01  -4.2428700e-01  -1.0235200e-01
   9.0351700e-01  -4.6854300e-01  -1.5493600e-01
   9.0485300e-01  -4.5739400e-01  -1.5432500e-01
   9.0688600e-01  -4.6135600e-01  -1.3606100e-01
   9.0869600e-01  -4.6272200e-01  -1.5524200e-01
   9.0944100e-01  -4.6328400e-01  -1.4907800e-01
   9.0969500e-01  -4.5859700e-01  -1.5508900e-01
   9.1015600e-01  -4.6382400e-01  -1.4290900e-01
   9.1137600e-01  -4.5742100e-01  -1.5524200e-01
   9.1252200e-01  -4.6806600e-01  -1.5615900e-01
   9.1289100e-01  -4.7573100e-01  -1.5039900e-01
   9.1327100e-01  -4.6863300e-01  -1.4995900e-01
   9.1360800e-01  -4.7628100e-01  -1.4417500e-01
   9.1398900e-01  -4.6917800e-01  -1.4375300e-01
   9.1464300e-01  -4.5741800e-01  -1.5570000e-01
   9.1633100e-01  -4.7342700e-01  -1.5707600e-01
   9.1708300e-01  -4.7399900e-01  -1.5083900e-01
   9.1780400e-01  -4.7454800e-01  -1.4459700e-01
   9.1791300e-01  -4.5740400e-01  -1.5615900e-01
   9.2357400e-01  -4.5913700e-01  -1.5707600e-01
   9.2876100e-01  -4.8540300e-01  -1.5967300e-01
   9.2952400e-01  -4.8598600e-01  -1.5333300e-01
   9.3003200e-01  -4.6145500e-01  -1.5814500e-01
   9.3025600e-01  -4.8654500e-01  -1.4698800e-01
   9.3332000e-01  -4.6139700e-01  -1.5860300e-01
   9.4276300e-01  -4.7079300e-01  -1.5406700e-01
   9.4875100e-01  -4.8274300e-01  -1.5568100e-01
   9.5048200e-01  -4.8148800e-01  -1.5582800e-01
   9.5177700e-01  -4.8754000e-01  -1.5641500e-01
   9.5253000e-01  -4.8810200e-01  -1.4994200e-01
   9.5325200e-01  -4.8864000e-01  -1.4346300e-01
   9.5326000e-01  -4.7596400e-01  -1.5582800e-01
   9.5399600e-01  -4.9175800e-01  -1.5700200e-01
   9.5441200e-01  -4.6924500e-01  -1.5553400e-01
   9.5462100e-01  -4.9479800e-01  -1.5729500e-01
   9.5475100e-01  -4.9232400e-01  -1.5050400e-01
   9.5537600e-01  -4.9536600e-01  -1.5078600e-01
   9.5542300e-01  -4.6496000e-01  -1.5538800e-01
   9.5547500e-01  -4.9286500e-01  -1.4400100e-01
   9.5937900e-01  -4.8550700e-01  -1.5729500e-01
   9.6094400e-01  -4.7143200e-01  -1.5656100e-01
   9.6298200e-01  -4.8051500e-01  -1.6410400e-01
   9.6471300e-01  -4.7922300e-01  -1.5758900e-01
   9.7096400e-01  -4.9923600e-01  -1.5303600e-01
   9.7170200e-01  -4.9978400e-01  -1.4642400e-01
   9.7560100e-01  -4.9228500e-01  -1.5317700e-01
